/*--------------------------------*- C++ -*----------------------------------*\
  =========                 |
  \\      /  F ield         | OpenFOAM: The Open Source CFD Toolbox
   \\    /   O peration     | Website:  https://openfoam.org
    \\  /    A nd           | Version:  7
     \\/     M anipulation  |
\*---------------------------------------------------------------------------*/
FoamFile
{
    version     2.0;
    format      ascii;
    class       volScalarField;
    location    "500";
    object      nut;
}
// * * * * * * * * * * * * * * * * * * * * * * * * * * * * * * * * * * * * * //

dimensions      [0 2 -1 0 0 0 0];

internalField   nonuniform List<scalar> 
4500
(
0.000506064
0.000491803
0.000480303
0.000472195
0.000465952
0.000461027
0.000457063
0.00045381
0.000451094
0.000448794
0.000446826
0.000445126
0.000443647
0.000442353
0.000441217
0.000440216
0.000439331
0.000438548
0.000437854
0.000437239
0.000436695
0.000436214
0.00043579
0.000435417
0.000435091
0.000434806
0.000434561
0.00043435
0.000434173
0.000434025
0.000433905
0.00043381
0.00043374
0.000433692
0.000433666
0.00043366
0.000433675
0.000433709
0.000433763
0.000433836
0.000433927
0.000434036
0.00043416
0.000434297
0.000434445
0.0004346
0.000434759
0.000434919
0.000435076
0.000435226
0.000435367
0.000435496
0.000435611
0.00043571
0.000435794
0.00043586
0.000435908
0.00043594
0.000435954
0.000435953
0.000435936
0.000435904
0.000435859
0.000435802
0.000435733
0.000435654
0.000435566
0.00043547
0.000435367
0.000435258
0.000435145
0.000435029
0.00043491
0.00043479
0.000434676
0.000607327
0.000974335
0.00114372
0.00120841
0.00123497
0.00124672
0.00125197
0.00125409
0.00125464
0.00125437
0.00125368
0.00125278
0.00125181
0.00125083
0.00124989
0.001249
0.00124819
0.00124745
0.0012468
0.00124623
0.00124574
0.00124532
0.00124497
0.0012447
0.00124449
0.00124434
0.00124426
0.00124423
0.00124425
0.00124432
0.00124443
0.00124459
0.00124479
0.00124504
0.00124532
0.00124563
0.00124598
0.00124637
0.00124679
0.00124726
0.00124777
0.00124834
0.00124894
0.0012496
0.0012503
0.00125103
0.00125179
0.00125257
0.00125337
0.00125416
0.00125495
0.00125572
0.00125646
0.00125716
0.00125782
0.00125842
0.00125897
0.00125945
0.00125986
0.0012602
0.00126048
0.00126068
0.00126082
0.00126088
0.00126088
0.00126081
0.00126068
0.00126049
0.00126024
0.00125994
0.00125959
0.00125919
0.00125875
0.00125828
0.00125778
0.000713424
0.00121515
0.00157793
0.00177481
0.00188365
0.00194758
0.00198742
0.00201353
0.0020314
0.00204407
0.00205335
0.00206032
0.00206571
0.00206996
0.0020734
0.00207624
0.00207864
0.00208072
0.00208255
0.0020842
0.00208571
0.00208712
0.00208846
0.00208974
0.00209099
0.00209221
0.00209341
0.00209461
0.0020958
0.00209699
0.00209819
0.00209939
0.00210059
0.0021018
0.00210303
0.00210427
0.00210552
0.00210679
0.00210812
0.00210951
0.00211098
0.00211257
0.00211428
0.00211613
0.00211812
0.00212026
0.00212252
0.0021249
0.00212737
0.0021299
0.00213246
0.00213501
0.00213752
0.00213996
0.00214228
0.00214447
0.00214649
0.00214833
0.00214996
0.00215137
0.00215256
0.00215351
0.00215422
0.00215469
0.00215491
0.00215491
0.00215467
0.00215421
0.00215354
0.00215266
0.0021516
0.00215036
0.00214895
0.00214741
0.00214573
0.00102124
0.00136022
0.0018715
0.00222328
0.00244808
0.00259473
0.00269401
0.00276382
0.00281468
0.00285291
0.00288244
0.00290581
0.00292469
0.00294025
0.00295329
0.00296439
0.00297397
0.00298236
0.00298979
0.00299644
0.00300247
0.00300798
0.00301307
0.0030178
0.00302224
0.00302642
0.0030304
0.0030342
0.00303784
0.00304134
0.00304473
0.00304801
0.0030512
0.0030543
0.00305733
0.00306032
0.00306326
0.00306619
0.00306916
0.00307224
0.00307546
0.0030789
0.0030826
0.00308659
0.0030909
0.00309553
0.00310047
0.00310567
0.00311108
0.00311665
0.00312228
0.00312791
0.00313344
0.0031388
0.00314391
0.0031487
0.00315312
0.00315711
0.00316062
0.00316364
0.00316613
0.00316808
0.00316947
0.00317031
0.0031706
0.00317035
0.00316958
0.0031683
0.00316655
0.00316434
0.0031617
0.00315867
0.00315527
0.00315157
0.00314755
0.00170708
0.00150447
0.00204415
0.00253669
0.00289421
0.00314704
0.00332847
0.0034619
0.00356263
0.0036406
0.00370233
0.00375222
0.00379326
0.00382758
0.0038567
0.00388174
0.00390351
0.00392266
0.00393966
0.00395491
0.00396869
0.00398124
0.00399275
0.00400339
0.00401327
0.00402251
0.00403119
0.00403937
0.00404713
0.00405451
0.00406154
0.00406827
0.00407472
0.00408091
0.0040869
0.00409271
0.00409838
0.00410399
0.00410962
0.00411538
0.00412138
0.00412773
0.00413452
0.00414182
0.00414967
0.00415808
0.00416701
0.0041764
0.00418615
0.00419613
0.00420619
0.00421619
0.00422598
0.00423542
0.00424435
0.00425267
0.00426026
0.00426704
0.00427292
0.00427786
0.00428181
0.00428476
0.00428669
0.0042876
0.00428751
0.00428644
0.00428442
0.0042815
0.00427773
0.00427315
0.00426781
0.0042618
0.00425515
0.00424796
0.00424025
0.00293021
0.00179432
0.00215557
0.00272719
0.0032116
0.00358299
0.00386409
0.004079
0.0042461
0.00437848
0.00448527
0.00457289
0.00464589
0.00470757
0.00476034
0.00480601
0.00484595
0.0048812
0.0049126
0.00494078
0.00496625
0.00498944
0.00501069
0.00503026
0.00504838
0.00506525
0.00508103
0.00509584
0.00510979
0.00512298
0.00513548
0.00514736
0.00515868
0.00516949
0.00517986
0.00518987
0.0051996
0.00520915
0.00521869
0.00522838
0.00523841
0.00524893
0.00526011
0.00527205
0.0052848
0.00529838
0.00531272
0.00532771
0.00534319
0.00535895
0.00537476
0.00539038
0.00540558
0.00542012
0.00543379
0.0054464
0.00545778
0.00546779
0.00547634
0.00548333
0.00548873
0.00549249
0.00549461
0.00549511
0.00549401
0.00549136
0.00548724
0.0054817
0.00547483
0.00546671
0.00545745
0.00544714
0.00543588
0.0054238
0.00541098
0.00471652
0.00241031
0.00230969
0.00283433
0.00340742
0.00389369
0.00428366
0.0045937
0.00484179
0.00504269
0.00520757
0.00534471
0.00546027
0.00555879
0.00564371
0.00571766
0.00578263
0.00584021
0.00589162
0.00593786
0.00597972
0.00601784
0.00605276
0.0060849
0.00611463
0.00614226
0.00616804
0.00619217
0.00621485
0.00623622
0.00625642
0.00627554
0.0062937
0.00631099
0.00632752
0.00634341
0.00635882
0.00637389
0.00638886
0.00640397
0.00641949
0.00643566
0.00645268
0.00647071
0.00648983
0.00651003
0.00653122
0.00655323
0.00657581
0.00659867
0.00662147
0.00664387
0.00666552
0.00668609
0.00670528
0.00672283
0.00673849
0.00675208
0.00676347
0.00677255
0.00677926
0.00678355
0.00678545
0.00678498
0.00678219
0.00677717
0.00677002
0.00676085
0.00674979
0.00673698
0.00672255
0.00670666
0.00668945
0.00667112
0.00665178
0.00695534
0.00349985
0.00265963
0.00293574
0.00351092
0.00408367
0.00457876
0.00499055
0.00533047
0.0056121
0.00584735
0.00604576
0.00621481
0.00636025
0.00648655
0.00659718
0.00669488
0.0067818
0.00685966
0.00692986
0.00699353
0.00705158
0.00710479
0.00715379
0.0071991
0.00724119
0.00728042
0.00731711
0.00735154
0.00738394
0.00741449
0.00744338
0.00747076
0.00749678
0.00752161
0.00754543
0.00756846
0.00759093
0.00761313
0.00763542
0.00765814
0.0076816
0.00770609
0.0077318
0.00775882
0.00778715
0.00781666
0.0078471
0.00787813
0.00790937
0.00794034
0.0079706
0.00799969
0.00802715
0.00805259
0.00807566
0.00809604
0.00811353
0.00812792
0.0081391
0.00814699
0.00815157
0.00815285
0.00815089
0.00814578
0.00813765
0.00812665
0.00811293
0.00809668
0.0080781
0.00805737
0.00803472
0.00801035
0.00798452
0.0079574
0.00946494
0.00509827
0.00338174
0.00315982
0.00358556
0.0041774
0.00475296
0.00526158
0.00569759
0.00606845
0.00638432
0.00665477
0.00688795
0.00709051
0.00726779
0.00742409
0.00756284
0.00768683
0.0077983
0.00789909
0.00799071
0.00807441
0.00815122
0.00822202
0.00828753
0.00834839
0.00840512
0.00845816
0.00850791
0.00855468
0.00859877
0.00864041
0.00867984
0.00871729
0.00875297
0.00878715
0.00882012
0.0088522
0.00888376
0.00891526
0.00894712
0.00897975
0.0090135
0.00904861
0.00908519
0.00912323
0.00916255
0.00920284
0.00924367
0.00928454
0.00932486
0.00936405
0.00940153
0.00943673
0.00946916
0.00949836
0.00952397
0.0095457
0.00956334
0.00957673
0.0095858
0.00959051
0.00959092
0.00958712
0.00957922
0.00956742
0.0095519
0.00953289
0.00951064
0.0094854
0.00945744
0.00942704
0.00939448
0.00936008
0.00932407
0.0120503
0.00712193
0.0046001
0.00367976
0.00374451
0.00423199
0.00482945
0.00541081
0.00593604
0.00639799
0.00680078
0.00715173
0.00745842
0.00772772
0.00796548
0.00817659
0.00836512
0.00853441
0.00868723
0.00882588
0.00895227
0.00906799
0.00917438
0.00927259
0.00936358
0.00944816
0.00952704
0.00960082
0.00967002
0.00973508
0.00979639
0.0098543
0.00990911
0.00996113
0.0100107
0.0100581
0.0101037
0.010148
0.0101914
0.0102345
0.0102777
0.0103216
0.0103666
0.010413
0.0104609
0.0105104
0.0105611
0.0106127
0.0106647
0.0107165
0.0107674
0.0108166
0.0108635
0.0109074
0.0109476
0.0109837
0.0110151
0.0110416
0.0110629
0.0110788
0.0110893
0.0110942
0.0110937
0.0110879
0.011077
0.0110613
0.0110408
0.011016
0.0109872
0.0109547
0.0109188
0.01088
0.0108384
0.0107946
0.0107488
0.0145382
0.00942111
0.00631631
0.00465971
0.00415424
0.00435399
0.00486444
0.00546284
0.00605162
0.00659513
0.00708406
0.00751953
0.00790638
0.0082504
0.0085572
0.00883188
0.00907883
0.00930184
0.0095041
0.00968833
0.00985683
0.0100115
0.0101541
0.010286
0.0104083
0.0105222
0.0106285
0.010728
0.0108214
0.0109092
0.010992
0.0110702
0.0111443
0.0112146
0.0112814
0.0113454
0.0114069
0.0114664
0.0115245
0.0115818
0.011639
0.0116966
0.0117551
0.0118149
0.0118762
0.0119388
0.0120026
0.0120672
0.0121318
0.012196
0.0122587
0.0123192
0.0123767
0.0124303
0.0124793
0.0125232
0.0125613
0.0125933
0.012619
0.012638
0.0126502
0.0126558
0.0126547
0.0126472
0.0126334
0.0126136
0.0125882
0.0125575
0.0125219
0.0124818
0.0124377
0.0123898
0.0123388
0.0122851
0.0122289
0.0167964
0.0118301
0.00841662
0.00616647
0.00499572
0.00470745
0.00496497
0.00547746
0.00607302
0.00666908
0.00723109
0.00774722
0.00821571
0.00863906
0.00902134
0.00936699
0.00968026
0.00996504
0.0102248
0.0104624
0.0106807
0.0108817
0.0110675
0.0112398
0.0113999
0.0115493
0.0116889
0.0118197
0.0119426
0.0120583
0.0121674
0.0122705
0.0123682
0.0124609
0.0125492
0.0126335
0.0127145
0.0127927
0.0128688
0.0129436
0.0130176
0.0130916
0.0131662
0.0132418
0.0133185
0.0133964
0.0134753
0.0135545
0.0136336
0.0137116
0.0137877
0.0138609
0.0139303
0.013995
0.0140541
0.0141069
0.0141528
0.0141915
0.0142224
0.0142454
0.0142604
0.0142674
0.0142664
0.0142577
0.0142415
0.0142182
0.0141881
0.0141517
0.0141095
0.0140619
0.0140094
0.0139525
0.0138919
0.0138279
0.0137611
0.0187409
0.0141959
0.0107323
0.00812806
0.00637517
0.00548226
0.0052985
0.00556839
0.00606791
0.00665555
0.00725658
0.00783569
0.00837814
0.00887927
0.00933926
0.00976046
0.0101461
0.0104994
0.0108239
0.0111225
0.011398
0.0116528
0.0118892
0.0121089
0.0123137
0.0125051
0.0126843
0.0128526
0.0130108
0.01316
0.0133009
0.0134341
0.0135604
0.0136803
0.0137945
0.0139035
0.0140082
0.014109
0.0142069
0.0143026
0.0143969
0.0144905
0.0145841
0.0146782
0.014773
0.0148685
0.0149645
0.0150606
0.0151559
0.0152497
0.0153409
0.0154285
0.0155115
0.0155888
0.0156595
0.0157228
0.0157781
0.0158247
0.0158624
0.0158908
0.0159097
0.0159193
0.0159195
0.0159107
0.015893
0.015867
0.015833
0.0157916
0.0157433
0.0156887
0.0156283
0.0155627
0.0154926
0.0154186
0.0153411
0.0203353
0.0163925
0.0130921
0.0103772
0.00825299
0.00680513
0.00606205
0.00591225
0.00616261
0.00663481
0.00720686
0.00780792
0.00840069
0.00896709
0.00949942
0.00999543
0.0104556
0.0108818
0.0112765
0.0116424
0.0119818
0.0122974
0.0125913
0.0128656
0.013122
0.0133623
0.0135879
0.0138001
0.014
0.0141887
0.0143672
0.0145362
0.0146966
0.014849
0.0149942
0.0151328
0.0152658
0.0153938
0.0155177
0.0156384
0.0157567
0.0158735
0.0159895
0.0161053
0.016221
0.0163369
0.0164527
0.0165679
0.0166818
0.0167935
0.016902
0.017006
0.0171045
0.0171964
0.0172807
0.0173564
0.0174229
0.0174794
0.0175256
0.0175612
0.0175858
0.0175996
0.0176027
0.0175952
0.0175775
0.0175502
0.0175135
0.0174683
0.0174149
0.0173542
0.0172867
0.0172131
0.0171342
0.0170507
0.0169629
0.0215825
0.0183294
0.0153493
0.0127226
0.0104644
0.0086521
0.0073891
0.00671235
0.00654767
0.00675168
0.00718034
0.00772556
0.00831836
0.00891864
0.00950458
0.0100651
0.0105953
0.0110936
0.0115604
0.0119971
0.0124054
0.0127874
0.0131451
0.0134804
0.0137951
0.014091
0.0143696
0.0146324
0.0148805
0.0151152
0.0153375
0.0155484
0.0157488
0.0159394
0.0161211
0.0162948
0.0164612
0.0166214
0.0167761
0.0169263
0.017073
0.0172171
0.0173593
0.0175003
0.0176405
0.0177799
0.0179185
0.0180557
0.0181908
0.018323
0.0184511
0.018574
0.0186905
0.0187993
0.0188995
0.01899
0.01907
0.0191387
0.0191958
0.0192407
0.0192733
0.0192935
0.0193015
0.0192974
0.0192817
0.0192548
0.0192173
0.0191698
0.019113
0.0190476
0.0189743
0.0188939
0.0188072
0.0187151
0.0186178
0.0225141
0.0199544
0.0173928
0.0149958
0.0127993
0.010854
0.00925304
0.00809649
0.00743
0.00721364
0.00734589
0.00771147
0.00821417
0.00878619
0.00938426
0.00998242
0.0105658
0.0111265
0.0116607
0.0121669
0.0126453
0.0130966
0.0135221
0.0139234
0.0143021
0.0146596
0.0149974
0.0153171
0.0156198
0.0159069
0.0161795
0.0164385
0.016685
0.01692
0.0171442
0.0173586
0.0175641
0.0177618
0.0179525
0.0181373
0.0183172
0.0184931
0.0186659
0.0188363
0.0190047
0.0191714
0.0193362
0.0194987
0.0196582
0.0198139
0.0199646
0.0201093
0.0202465
0.0203752
0.020494
0.020602
0.0206983
0.0207821
0.0208527
0.0209098
0.020953
0.0209823
0.0209978
0.0209997
0.0209884
0.0209644
0.0209283
0.0208808
0.0208226
0.0207544
0.0206772
0.0205917
0.0204988
0.0203994
0.0202941
0.0231786
0.0212515
0.0191504
0.0170697
0.0150687
0.0131822
0.011469
0.0100167
0.00891707
0.0082239
0.00792738
0.00796293
0.00824224
0.00868153
0.00921499
0.00979641
0.0103955
0.0109932
0.0115781
0.0121436
0.0126863
0.0132046
0.0136982
0.0141674
0.0146131
0.0150364
0.0154384
0.0158203
0.0161834
0.0165288
0.0168577
0.017171
0.0174699
0.0177552
0.0180279
0.0182891
0.0185396
0.0187805
0.0190128
0.0192376
0.0194559
0.0196688
0.019877
0.0200814
0.0202825
0.0204805
0.0206755
0.0208671
0.0210547
0.0212374
0.0214142
0.0215839
0.0217452
0.0218969
0.0220377
0.0221666
0.0222824
0.0223844
0.0224718
0.0225443
0.0226014
0.022643
0.0226691
0.0226801
0.0226762
0.022658
0.0226261
0.0225813
0.0225242
0.0224558
0.0223769
0.0222885
0.0221915
0.0220869
0.0219752
0.0236309
0.0222362
0.0205882
0.0188628
0.0171328
0.0154307
0.0137891
0.0122607
0.0109209
0.00985089
0.00911003
0.00871324
0.00862895
0.00879609
0.00914584
0.0096168
0.0101611
0.0107443
0.0113431
0.011942
0.0125313
0.0131048
0.0136592
0.0141925
0.014704
0.0151937
0.0156619
0.0161093
0.0165367
0.016945
0.0173352
0.0177083
0.0180651
0.0184066
0.0187337
0.0190475
0.0193489
0.0196389
0.0199185
0.020189
0.0204512
0.0207063
0.0209552
0.0211987
0.0214373
0.0216714
0.021901
0.022126
0.0223458
0.0225596
0.0227663
0.0229649
0.023154
0.0233325
0.0234989
0.0236522
0.0237913
0.0239152
0.0240232
0.0241147
0.0241893
0.0242468
0.0242873
0.0243109
0.0243179
0.024309
0.0242847
0.0242458
0.024193
0.0241274
0.0240499
0.0239614
0.0238629
0.0237555
0.0236398
0.0239241
0.0229458
0.0217059
0.0203354
0.0189062
0.0174526
0.0159956
0.0145615
0.0131926
0.0119492
0.0109003
0.0101063
0.0095999
0.00937813
0.00940743
0.00963764
0.0100159
0.0104955
0.0110393
0.0116196
0.0122168
0.0128173
0.0134122
0.0139954
0.0145632
0.0151133
0.0156445
0.0161563
0.0166486
0.0171218
0.0175762
0.0180126
0.0184315
0.0188339
0.0192205
0.0195921
0.0199498
0.0202944
0.020627
0.0209487
0.0212604
0.0215633
0.0218582
0.022146
0.0224273
0.0227025
0.0229717
0.0232348
0.0234913
0.0237405
0.0239816
0.0242133
0.0244344
0.0246438
0.02484
0.0250218
0.0251882
0.0253382
0.0254708
0.0255855
0.0256817
0.0257593
0.0258181
0.0258584
0.0258804
0.0258847
0.0258719
0.0258428
0.0257981
0.0257389
0.0256662
0.0255809
0.0254842
0.0253772
0.0252605
0.0241048
0.0234303
0.0225301
0.0214842
0.0203512
0.0191647
0.0179427
0.0166986
0.0154511
0.0142309
0.0130828
0.0120624
0.0112256
0.0106148
0.010249
0.0101206
0.0102015
0.0104527
0.0108329
0.0113054
0.0118395
0.0124118
0.0130047
0.0136056
0.0142055
0.0147983
0.0153798
0.0159471
0.0164986
0.0170332
0.0175505
0.0180504
0.0185329
0.0189985
0.0194476
0.0198808
0.0202989
0.0207027
0.0210931
0.0214709
0.0218373
0.0221931
0.0225393
0.0228766
0.0232058
0.0235272
0.023841
0.0241471
0.0244452
0.0247347
0.0250147
0.0252841
0.0255418
0.0257864
0.0260168
0.0262317
0.0264298
0.0266102
0.026772
0.0269143
0.0270367
0.0271388
0.0272206
0.0272821
0.0273236
0.0273457
0.0273488
0.0273338
0.0273016
0.0272531
0.0271893
0.0271113
0.0270203
0.0269174
0.0268034
0.0242104
0.023743
0.0231051
0.0223339
0.0214686
0.0205374
0.0195569
0.0185366
0.0174843
0.0164115
0.0153381
0.0142947
0.0133225
0.0124679
0.011775
0.0112758
0.0109838
0.0108936
0.0109844
0.0112267
0.0115885
0.0120397
0.0125545
0.0131118
0.0136953
0.0142927
0.0148948
0.015495
0.0160885
0.0166718
0.0172428
0.0177998
0.0183419
0.0188685
0.0193795
0.0198749
0.020355
0.0208203
0.0212714
0.021709
0.0221339
0.0225468
0.0229487
0.0233402
0.023722
0.0240944
0.0244576
0.0248117
0.0251562
0.0254907
0.0258143
0.0261261
0.026425
0.0267097
0.0269789
0.0272314
0.027466
0.0276816
0.0278772
0.028052
0.0282054
0.0283371
0.0284467
0.0285345
0.0286005
0.0286453
0.0286695
0.0286737
0.0286588
0.0286259
0.0285759
0.0285099
0.0284292
0.028335
0.028228
0.0242687
0.0239331
0.0234832
0.022928
0.0222874
0.0215809
0.0208224
0.0200202
0.0191788
0.0183021
0.0173958
0.0164709
0.015546
0.0146483
0.0138124
0.0130761
0.012475
0.0120354
0.0117707
0.0116797
0.0117493
0.0119586
0.012283
0.0126979
0.013181
0.0137132
0.014279
0.0148659
0.0154643
0.016067
0.0166685
0.0172646
0.0178523
0.0184295
0.0189948
0.019547
0.0200857
0.0206107
0.0211219
0.0216197
0.0221044
0.0225767
0.0230369
0.0234857
0.0239235
0.0243506
0.0247673
0.0251734
0.0255686
0.0259525
0.0263243
0.026683
0.0270276
0.0273569
0.0276697
0.0279646
0.0282404
0.028496
0.0287304
0.0289428
0.0291324
0.0292988
0.0294418
0.0295613
0.0296574
0.0297306
0.0297815
0.0298106
0.0298188
0.0298072
0.0297767
0.0297284
0.0296634
0.0295833
0.0294888
0.0242989
0.0240415
0.0237167
0.023319
0.0228541
0.0223318
0.0217619
0.0211513
0.0205038
0.0198214
0.019105
0.0183565
0.0175807
0.0167867
0.0159902
0.015213
0.0144829
0.0138304
0.013285
0.0128702
0.0126008
0.0124808
0.0125047
0.0126592
0.0129266
0.0132877
0.0137233
0.0142163
0.0147516
0.0153169
0.0159019
0.0164987
0.0171008
0.0177034
0.0183026
0.0188956
0.0194803
0.0200552
0.0206194
0.0211721
0.0217131
0.0222424
0.02276
0.0232661
0.0237608
0.0242442
0.0247163
0.025177
0.0256258
0.0260624
0.0264858
0.0268952
0.0272896
0.0276677
0.0280282
0.02837
0.0286918
0.0289923
0.0292707
0.0295259
0.0297572
0.0299642
0.0301463
0.0303037
0.0304362
0.0305443
0.0306283
0.030689
0.0307271
0.0307435
0.0307392
0.0307153
0.0306729
0.0306133
0.0305377
0.0243137
0.0240994
0.0238516
0.0235602
0.0232227
0.0228417
0.0224217
0.0219673
0.021482
0.0209674
0.020424
0.0198512
0.0192489
0.0186176
0.0179607
0.017285
0.0166018
0.0159277
0.0152838
0.0146943
0.0141835
0.0137732
0.0134797
0.0133118
0.0132708
0.0133509
0.0135415
0.0138287
0.0141972
0.014632
0.0151192
0.0156466
0.0162035
0.0167811
0.0173722
0.017971
0.0185727
0.0191738
0.0197714
0.0203633
0.0209481
0.0215244
0.0220917
0.0226492
0.0231965
0.0237333
0.0242592
0.0247738
0.0252765
0.0257666
0.0262432
0.0267055
0.0271522
0.0275821
0.0279941
0.0283867
0.0287588
0.0291091
0.0294366
0.0297402
0.0300192
0.030273
0.030501
0.0307032
0.0308794
0.0310299
0.0311549
0.0312551
0.0313311
0.0313837
0.0314139
0.0314225
0.0314108
0.03138
0.0313313
0.0243203
0.0241281
0.0239241
0.023699
0.0234471
0.0231665
0.022858
0.0225234
0.0221648
0.0217837
0.0213807
0.0209556
0.0205075
0.0200352
0.0195375
0.0190143
0.0184671
0.0179
0.0173205
0.0167398
0.016173
0.0156382
0.0151549
0.0147427
0.0144182
0.0141938
0.0140765
0.0140677
0.0141634
0.0143559
0.0146347
0.0149883
0.0154045
0.0158718
0.0163798
0.0169192
0.0174819
0.0180613
0.0186517
0.0192486
0.0198482
0.0204477
0.0210446
0.0216371
0.0222236
0.022803
0.0233741
0.023936
0.0244875
0.0250277
0.0255555
0.0260696
0.0265689
0.0270519
0.0275174
0.0279638
0.02839
0.0287946
0.0291764
0.0295344
0.0298678
0.0301756
0.0304574
0.0307128
0.0309415
0.0311436
0.0313193
0.0314688
0.0315928
0.0316918
0.0317666
0.031818
0.0318472
0.0318552
0.0318432
0.0243232
0.0241413
0.0239602
0.0237729
0.0235739
0.0233596
0.0231282
0.0228796
0.0226142
0.0223328
0.0220359
0.0217237
0.0213958
0.0210513
0.020689
0.0203073
0.0199048
0.0194805
0.0190346
0.0185687
0.018087
0.0175959
0.0171052
0.0166273
0.0161768
0.0157695
0.0154209
0.0151448
0.014952
0.0148493
0.0148393
0.0149208
0.015089
0.0153369
0.0156558
0.0160363
0.0164688
0.0169445
0.017455
0.017993
0.0185521
0.0191267
0.0197121
0.0203045
0.0209006
0.0214976
0.0220931
0.022685
0.0232715
0.0238507
0.0244211
0.024981
0.0255287
0.0260627
0.0265813
0.0270829
0.027566
0.0280292
0.028471
0.0288902
0.0292857
0.0296565
0.0300017
0.0303208
0.0306132
0.0308786
0.031117
0.0313283
0.0315128
0.0316708
0.031803
0.0319099
0.0319923
0.0320513
0.0320879
0.0243243
0.0241468
0.0239767
0.0238093
0.0236402
0.0234659
0.0232838
0.0230926
0.0228914
0.0226801
0.0224587
0.0222274
0.021986
0.0217344
0.0214717
0.0211972
0.0209094
0.020607
0.0202885
0.0199526
0.0195985
0.0192262
0.0188373
0.0184347
0.0180237
0.0176116
0.0172079
0.016824
0.0164722
0.0161651
0.0159144
0.0157302
0.0156198
0.0155875
0.0156347
0.0157597
0.0159588
0.0162261
0.0165551
0.0169382
0.017368
0.0178375
0.0183397
0.0188686
0.0194189
0.0199855
0.0205643
0.0211516
0.0217439
0.0223384
0.0229323
0.023523
0.0241083
0.0246859
0.0252535
0.025809
0.0263504
0.0268759
0.0273835
0.0278717
0.0283388
0.0287834
0.0292041
0.0295997
0.0299694
0.0303122
0.0306277
0.0309154
0.0311752
0.0314069
0.0316108
0.0317872
0.0319366
0.0320598
0.0321576
0.0243246
0.024149
0.0239836
0.0238256
0.0236718
0.0235195
0.0233663
0.0232101
0.0230498
0.0228845
0.0227135
0.0225367
0.0223538
0.0221647
0.0219692
0.0217669
0.0215573
0.0213397
0.021113
0.0208762
0.0206281
0.0203674
0.020093
0.0198044
0.0195013
0.0191846
0.0188565
0.0185202
0.018181
0.0178456
0.0175221
0.0172199
0.0169489
0.016719
0.0165392
0.0164172
0.0163587
0.0163673
0.0164444
0.0165891
0.016799
0.0170701
0.0173975
0.0177758
0.0181991
0.0186617
0.0191582
0.0196833
0.0202321
0.0208
0.0213829
0.0219768
0.0225781
0.0231833
0.0237891
0.0243922
0.0249897
0.0255786
0.0261562
0.0267197
0.0272668
0.0277949
0.0283019
0.0287858
0.0292449
0.0296775
0.0300825
0.0304587
0.0308054
0.031122
0.0314083
0.0316642
0.03189
0.0320862
0.0322533
0.0243248
0.0241497
0.0239862
0.0238322
0.0236855
0.023544
0.0234057
0.0232688
0.0231318
0.0229936
0.0228531
0.0227097
0.0225629
0.0224126
0.0222584
0.0221002
0.0219379
0.0217713
0.0216001
0.021424
0.0212425
0.0210549
0.0208606
0.0206585
0.0204481
0.0202285
0.0199992
0.0197601
0.0195117
0.0192553
0.018993
0.0187282
0.0184655
0.0182106
0.0179701
0.0177516
0.0175627
0.0174114
0.0173047
0.0172489
0.0172489
0.0173081
0.0174282
0.0176095
0.0178508
0.0181499
0.0185034
0.0189073
0.0193572
0.0198483
0.0203754
0.0209337
0.021518
0.0221233
0.0227446
0.0233771
0.0240159
0.0246566
0.0252947
0.025926
0.0265465
0.0271526
0.0277407
0.0283078
0.028851
0.0293679
0.0298565
0.0303149
0.0307418
0.0311363
0.0314976
0.0318255
0.0321199
0.0323811
0.0326095
0.0243248
0.0241499
0.023987
0.0238344
0.0236903
0.0235531
0.0234211
0.0232926
0.0231662
0.0230406
0.0229147
0.0227876
0.0226587
0.0225274
0.0223935
0.0222568
0.0221174
0.0219751
0.0218302
0.0216826
0.0215323
0.0213794
0.0212236
0.0210647
0.0209024
0.0207364
0.0205661
0.0203912
0.0202114
0.0200265
0.0198369
0.0196433
0.019447
0.0192503
0.0190562
0.0188685
0.0186921
0.0185326
0.018396
0.0182887
0.0182172
0.0181877
0.0182055
0.0182753
0.0184005
0.0185833
0.0188246
0.019124
0.0194797
0.019889
0.0203481
0.0208524
0.0213969
0.0219759
0.0225835
0.0232137
0.0238604
0.0245178
0.02518
0.0258415
0.0264971
0.0271421
0.0277718
0.0283823
0.0289701
0.029532
0.0300653
0.0305679
0.0310379
0.0314742
0.0318758
0.0322422
0.0325733
0.0328692
0.0331302
0.0243248
0.0241499
0.023987
0.0238344
0.0236903
0.0235531
0.0234211
0.0232926
0.0231662
0.0230406
0.0229147
0.0227876
0.0226587
0.0225274
0.0223935
0.0222568
0.0221174
0.0219751
0.0218302
0.0216826
0.0215323
0.0213794
0.0212236
0.0210647
0.0209025
0.0207364
0.0205662
0.0203913
0.0202114
0.0200266
0.019837
0.0196433
0.0194471
0.0192504
0.0190563
0.0188686
0.0186923
0.0185327
0.0183961
0.0182888
0.0182172
0.0181876
0.0182053
0.0182749
0.0183999
0.0185824
0.0188233
0.0191222
0.0194774
0.0198861
0.0203447
0.0208485
0.0213925
0.0219711
0.0225786
0.0232088
0.0238559
0.0245138
0.0251769
0.0258395
0.0264965
0.0271431
0.0277747
0.0283873
0.0289774
0.0295416
0.0300775
0.0305826
0.0310553
0.0314943
0.0318985
0.0322674
0.032601
0.0328994
0.0331628
0.0243248
0.0241497
0.0239862
0.0238322
0.0236855
0.023544
0.0234057
0.0232688
0.0231318
0.0229936
0.0228531
0.0227097
0.022563
0.0224127
0.0222585
0.0221003
0.021938
0.0217714
0.0216003
0.0214242
0.0212427
0.0210552
0.0208608
0.0206588
0.0204484
0.0202289
0.0199996
0.0197606
0.0195122
0.0192558
0.0189936
0.0187289
0.0184662
0.0182113
0.0179708
0.0177523
0.0175634
0.017412
0.0173053
0.0172493
0.0172491
0.017308
0.0174278
0.0176086
0.0178494
0.0181478
0.0185005
0.0189036
0.0193525
0.0198426
0.0203688
0.0209262
0.0215099
0.0221149
0.0227364
0.0233695
0.0240096
0.0246521
0.0252926
0.0259271
0.0265513
0.0271617
0.0277547
0.028327
0.0288759
0.0293988
0.0298935
0.0303583
0.0307916
0.0311925
0.0315602
0.0318944
0.032195
0.0324622
0.0326965
0.0243246
0.024149
0.0239836
0.0238256
0.0236719
0.0235196
0.0233663
0.0232102
0.0230499
0.0228846
0.0227136
0.0225368
0.022354
0.0221649
0.0219695
0.0217672
0.0215577
0.0213401
0.0211135
0.0208768
0.0206287
0.0203681
0.0200938
0.0198052
0.0195022
0.0191857
0.0188576
0.0185214
0.0181822
0.0178468
0.0175234
0.0172211
0.0169501
0.0167201
0.0165402
0.016418
0.0163594
0.0163678
0.0164446
0.0165891
0.0167986
0.0170694
0.0173963
0.0177741
0.0181968
0.0186588
0.0191545
0.0196788
0.0202268
0.0207939
0.0213762
0.0219698
0.0225711
0.0231767
0.0237835
0.0243884
0.0249882
0.0255802
0.0261615
0.0267296
0.0272818
0.0278157
0.0283291
0.0288199
0.0292862
0.0297263
0.030139
0.0305231
0.0308777
0.0312022
0.0314964
0.03176
0.0319933
0.0321968
0.032371
0.0243243
0.0241468
0.0239767
0.0238093
0.0236402
0.0234659
0.0232839
0.0230927
0.0228916
0.0226803
0.022459
0.0222278
0.0219865
0.0217349
0.0214724
0.0211979
0.0209102
0.020608
0.0202896
0.0199538
0.0195998
0.0192277
0.0188389
0.0184364
0.0180255
0.0176135
0.0172098
0.0168258
0.016474
0.0161667
0.0159159
0.0157315
0.0156208
0.0155883
0.0156351
0.0157599
0.0159586
0.0162257
0.0165544
0.0169372
0.0173667
0.0178358
0.0183377
0.0188662
0.0194159
0.019982
0.0205603
0.021147
0.0217389
0.0223331
0.022927
0.023518
0.024104
0.0246828
0.0252522
0.0258103
0.0263549
0.0268843
0.0273965
0.02789
0.0283629
0.0288138
0.0292413
0.0296442
0.0300213
0.0303719
0.0306953
0.0309909
0.0312585
0.0314981
0.0317097
0.0318936
0.0320503
0.0321806
0.0322853
0.0243232
0.0241413
0.0239602
0.023773
0.023574
0.0233598
0.0231285
0.02288
0.0226147
0.0223334
0.0220366
0.0217245
0.0213967
0.0210524
0.0206903
0.0203087
0.0199064
0.0194823
0.0190365
0.0185709
0.0180893
0.0175983
0.0171077
0.0166298
0.0161793
0.0157719
0.0154231
0.0151467
0.0149536
0.0148505
0.0148401
0.0149212
0.0150891
0.0153366
0.0156552
0.0160353
0.0164677
0.0169431
0.0174535
0.0179913
0.0185501
0.0191245
0.0197097
0.0203018
0.0208976
0.0214942
0.0220894
0.0226811
0.0232676
0.023847
0.0244178
0.0249786
0.0255277
0.0260635
0.0265847
0.0270894
0.0275762
0.0280437
0.0284904
0.0289151
0.0293165
0.0296936
0.0300455
0.0303715
0.0306709
0.0309435
0.031189
0.0314075
0.0315991
0.0317641
0.0319031
0.0320166
0.0321053
0.0321705
0.032213
0.0243204
0.0241281
0.0239242
0.0236991
0.0234473
0.0231669
0.0228585
0.0225241
0.0221657
0.0217847
0.0213819
0.0209571
0.0205092
0.020037
0.0195396
0.0190166
0.0184697
0.0179029
0.0173235
0.016743
0.0161762
0.0156413
0.0151579
0.0147454
0.0144205
0.0141957
0.014078
0.0140686
0.0141639
0.0143559
0.0146344
0.0149875
0.0154034
0.0158705
0.0163783
0.0169175
0.0174801
0.0180594
0.0186498
0.0192466
0.0198461
0.0204455
0.0210422
0.0216346
0.0222211
0.0228004
0.0233715
0.0239334
0.0244853
0.0250261
0.0255548
0.0260703
0.0265714
0.0270568
0.0275252
0.0279751
0.0284053
0.0288144
0.0292012
0.0295645
0.0299035
0.0302172
0.030505
0.0307666
0.0310016
0.0312099
0.0313918
0.0315474
0.0316773
0.0317821
0.0318625
0.0319194
0.0319537
0.0319666
0.0319593
0.0243137
0.0240994
0.0238518
0.0235606
0.0232232
0.0228424
0.0224226
0.0219685
0.0214835
0.0209692
0.020426
0.0198536
0.0192515
0.0186206
0.017964
0.0172885
0.0166055
0.0159315
0.0152876
0.0146979
0.0141868
0.0137762
0.0134821
0.0133136
0.013272
0.0133516
0.0135417
0.0138283
0.0141964
0.0146309
0.0151179
0.015645
0.0162017
0.0167793
0.0173703
0.017969
0.0185708
0.0191719
0.0197695
0.0203615
0.0209462
0.0215227
0.0220899
0.0226475
0.0231949
0.0237319
0.0242581
0.0247731
0.0252765
0.0257675
0.0262455
0.0267095
0.0271585
0.0275912
0.0280063
0.0284025
0.0287786
0.0291334
0.0294655
0.0297741
0.0300582
0.0303172
0.0305505
0.030758
0.0309395
0.0310952
0.0312253
0.0313305
0.0314113
0.0314685
0.031503
0.0315158
0.0315081
0.031481
0.0314358
0.024299
0.0240417
0.0237171
0.0233196
0.022855
0.0223331
0.0217635
0.0211532
0.0205061
0.0198241
0.0191081
0.01836
0.0175845
0.0167909
0.0159945
0.0152174
0.0144873
0.0138346
0.0132887
0.0128734
0.0126033
0.0124826
0.0125058
0.0126596
0.0129265
0.0132871
0.0137223
0.014215
0.0147501
0.0153152
0.0159002
0.0164969
0.017099
0.0177016
0.0183008
0.0188939
0.0194787
0.0200537
0.0206179
0.0211708
0.021712
0.0222414
0.0227592
0.0232654
0.0237604
0.0242442
0.0247169
0.0251783
0.0256283
0.0260661
0.0264913
0.0269028
0.0272996
0.0276806
0.0280444
0.0283897
0.0287154
0.0290201
0.0293027
0.0295624
0.0297982
0.0300096
0.0301963
0.030358
0.0304948
0.0306071
0.0306951
0.0307597
0.0308014
0.0308213
0.0308203
0.0307994
0.0307599
0.0307031
0.0306299
0.0242687
0.0239334
0.0234838
0.022929
0.0222889
0.0215829
0.0208248
0.0200231
0.0191822
0.018306
0.0174001
0.0164756
0.015551
0.0146534
0.0138173
0.0130808
0.0124791
0.0120388
0.0117733
0.0116814
0.0117503
0.0119589
0.0122827
0.0126972
0.0131799
0.0137118
0.0142774
0.0148642
0.0154626
0.0160653
0.0166668
0.0172629
0.0178508
0.0184281
0.0189934
0.0195458
0.0200847
0.0206098
0.0211212
0.0216192
0.0221042
0.0225766
0.0230372
0.0234863
0.0239246
0.0243524
0.0247699
0.025177
0.0255736
0.0259591
0.0263328
0.0266939
0.0270411
0.0273733
0.0276893
0.0279876
0.028267
0.0285264
0.0287646
0.0289808
0.0291742
0.0293443
0.0294909
0.0296139
0.0297135
0.0297899
0.0298438
0.0298758
0.0298867
0.0298776
0.0298494
0.0298032
0.0297403
0.0296619
0.029569
0.0242106
0.0237436
0.0231062
0.0223356
0.021471
0.0205404
0.0195605
0.0185407
0.0174889
0.0164166
0.0153436
0.0143003
0.013328
0.0124731
0.0117796
0.0112795
0.0109865
0.0108954
0.0109853
0.0112269
0.0115882
0.0120389
0.0125533
0.0131104
0.0136938
0.0142911
0.0148932
0.0154935
0.016087
0.0166705
0.0172415
0.0177987
0.0183409
0.0188677
0.0193788
0.0198744
0.0203547
0.0208202
0.0212715
0.0217094
0.0221346
0.0225479
0.0229502
0.0233423
0.0237247
0.024098
0.0244622
0.0248176
0.0251637
0.0255
0.0258258
0.02614
0.0264415
0.026729
0.0270013
0.027257
0.0274948
0.0277137
0.0279125
0.0280906
0.0282471
0.0283817
0.0284943
0.0285847
0.0286533
0.0287005
0.0287268
0.0287331
0.0287201
0.0286888
0.0286404
0.0285759
0.0284964
0.0284033
0.0282973
0.0241052
0.0234313
0.0225319
0.0214868
0.0203546
0.0191688
0.0179474
0.0167039
0.0154569
0.014237
0.0130889
0.0120682
0.0112307
0.010619
0.0102521
0.0101227
0.0102026
0.010453
0.0108326
0.0113046
0.0118384
0.0124105
0.0130033
0.0136042
0.0142042
0.0147971
0.0153786
0.015946
0.0164977
0.0170325
0.0175499
0.0180499
0.0185326
0.0189984
0.0194477
0.0198811
0.0202995
0.0207035
0.0210941
0.0214723
0.021839
0.0221953
0.022542
0.0228801
0.02321
0.0235325
0.0238475
0.0241552
0.024455
0.0247464
0.0250286
0.0253004
0.0255606
0.025808
0.0260412
0.0262589
0.0264599
0.0266431
0.0268076
0.0269525
0.0270774
0.0271819
0.0272659
0.0273294
0.0273727
0.0273964
0.0274011
0.0273875
0.0273565
0.027309
0.0272462
0.027169
0.0270787
0.0269765
0.0268629
0.0239247
0.0229474
0.0217086
0.020339
0.0189108
0.0174579
0.0160015
0.0145679
0.0131992
0.0119556
0.0109061
0.0101111
0.00960357
0.0093806
0.0094088
0.00963812
0.0100157
0.0104949
0.0110383
0.0116184
0.0122156
0.0128162
0.0134111
0.0139944
0.0145623
0.0151126
0.015644
0.0161559
0.0166484
0.0171217
0.0175763
0.0180129
0.0184321
0.0188346
0.0192214
0.0195933
0.0199512
0.0202961
0.020629
0.020951
0.0212631
0.0215665
0.0218621
0.0221507
0.022433
0.0227093
0.0229799
0.0232446
0.0235029
0.0237542
0.0239974
0.0242314
0.024455
0.0246668
0.0248656
0.0250499
0.0252188
0.0253711
0.0255059
0.0256227
0.0257209
0.0258002
0.0258606
0.0259023
0.0259256
0.025931
0.0259191
0.0258908
0.0258469
0.0257883
0.0257161
0.0256312
0.0255348
0.0254281
0.0253116
0.0236319
0.0222386
0.020592
0.0188676
0.0171386
0.0154372
0.0137959
0.0122677
0.0109275
0.0098566
0.00911452
0.00871637
0.00863081
0.00879691
0.00914588
0.00961631
0.0101603
0.0107434
0.0113421
0.0119411
0.0125304
0.0131041
0.0136586
0.0141921
0.0147038
0.0151937
0.015662
0.0161096
0.0165372
0.0169458
0.0173362
0.0177094
0.0180664
0.0184081
0.0187354
0.0190494
0.019351
0.0196413
0.0199213
0.0201921
0.0204548
0.0207105
0.0209601
0.0212045
0.0214442
0.0216795
0.0219106
0.0221373
0.0223589
0.0225746
0.0227835
0.0229843
0.0231757
0.0233563
0.023525
0.0236804
0.0238216
0.0239474
0.0240572
0.0241503
0.0242264
0.0242852
0.0243267
0.0243513
0.0243591
0.0243508
0.0243271
0.0242886
0.0242362
0.0241709
0.0240935
0.0240051
0.0239067
0.0237994
0.0236836
0.0231803
0.021255
0.0191554
0.0170758
0.0150755
0.0131895
0.0114763
0.0100234
0.00892264
0.00822801
0.00793002
0.00796429
0.00824265
0.0086813
0.00921438
0.00979562
0.0103946
0.0109924
0.0115774
0.0121431
0.012686
0.0132045
0.0136983
0.0141677
0.0146136
0.0150371
0.0154393
0.0158214
0.0161847
0.0165303
0.0168594
0.0171729
0.0174719
0.0177574
0.0180304
0.0182917
0.0185425
0.0187836
0.0190163
0.0192415
0.0194603
0.0196738
0.0198828
0.0200881
0.0202903
0.0204897
0.0206861
0.0208794
0.0210687
0.0212534
0.0214322
0.0216039
0.0217672
0.0219209
0.0220636
0.0221942
0.0223117
0.0224153
0.0225041
0.0225778
0.0226359
0.0226784
0.0227053
0.0227168
0.0227134
0.0226956
0.0226639
0.0226192
0.0225622
0.0224939
0.022415
0.0223265
0.0222294
0.0221247
0.0220128
0.0225166
0.019959
0.0173989
0.0150028
0.0128069
0.0108615
0.00925981
0.00810193
0.00743379
0.00721587
0.00734688
0.00771161
0.00821381
0.00878559
0.00938359
0.0099818
0.0105653
0.0111262
0.0116606
0.012167
0.0126456
0.0130971
0.0135229
0.0139244
0.0143032
0.014661
0.014999
0.0153189
0.0156218
0.0159091
0.0161818
0.016441
0.0166877
0.0169228
0.0171472
0.0173618
0.0175676
0.0177655
0.0179565
0.0181418
0.0183222
0.0184987
0.0186723
0.0188437
0.0190132
0.0191812
0.0193474
0.0195114
0.0196727
0.0198302
0.0199827
0.0201292
0.0202682
0.0203986
0.020519
0.0206285
0.0207262
0.0208111
0.0208828
0.0209408
0.0209847
0.0210146
0.0210306
0.0210328
0.0210218
0.0209979
0.0209618
0.0209143
0.020856
0.0207877
0.0207103
0.0206246
0.0205316
0.020432
0.0203264
0.021586
0.0183353
0.0153564
0.0127304
0.0104721
0.00865899
0.00739448
0.00671592
0.0065496
0.00675241
0.00718033
0.00772518
0.00831785
0.00891816
0.00950422
0.0100649
0.0105953
0.0110939
0.0115609
0.0119978
0.0124064
0.0127886
0.0131465
0.013482
0.013797
0.0140931
0.0143719
0.0146348
0.0148831
0.015118
0.0153404
0.0155515
0.015752
0.0159428
0.0161247
0.0162985
0.0164652
0.0166255
0.0167806
0.0169312
0.0170784
0.0172231
0.0173661
0.0175081
0.0176493
0.01779
0.0179299
0.0180686
0.0182053
0.0183391
0.0184688
0.0185933
0.0187113
0.0188216
0.0189231
0.0190148
0.0190959
0.0191656
0.0192234
0.0192689
0.019302
0.0193226
0.0193308
0.0193269
0.0193112
0.0192843
0.0192468
0.0191991
0.0191421
0.0190765
0.0190031
0.0189225
0.0188356
0.0187432
0.0186458
0.02034
0.0163994
0.0130999
0.0103851
0.00826007
0.00681057
0.00606552
0.005914
0.00616319
0.00663475
0.00720653
0.00780755
0.00840042
0.00896701
0.00949957
0.00999581
0.0104562
0.0108827
0.0112777
0.0116437
0.0119834
0.0122992
0.0125933
0.0128678
0.0131244
0.0133649
0.0135906
0.013803
0.0140031
0.014192
0.0143705
0.0145397
0.0147002
0.0148527
0.0149981
0.0151369
0.01527
0.0153983
0.0155225
0.0156436
0.0157624
0.0158798
0.0159965
0.0161131
0.0162299
0.016347
0.016464
0.0165806
0.0166959
0.016809
0.0169188
0.0170242
0.017124
0.0172172
0.0173025
0.0173792
0.0174465
0.0175037
0.0175505
0.0175865
0.0176114
0.0176255
0.0176286
0.0176212
0.0176035
0.017576
0.0175392
0.0174938
0.0174402
0.0173793
0.0173116
0.0172378
0.0171587
0.017075
0.016987
0.0187468
0.0142036
0.0107404
0.00813539
0.00638082
0.00548578
0.00530019
0.00556891
0.00606785
0.0066553
0.00725637
0.00783565
0.00837832
0.00887971
0.00933996
0.00976142
0.0101473
0.0105009
0.0108256
0.0111245
0.0114002
0.0116552
0.0118917
0.0121116
0.0123165
0.0125081
0.0126875
0.0128559
0.0130143
0.0131636
0.0133045
0.0134379
0.0135643
0.0136843
0.0137986
0.0139078
0.0140126
0.0141137
0.0142119
0.0143079
0.0144026
0.0144968
0.0145911
0.0146859
0.0147816
0.0148782
0.0149753
0.0150726
0.0151691
0.0152641
0.0153565
0.0154453
0.0155294
0.0156076
0.0156792
0.0157433
0.0157992
0.0158464
0.0158844
0.0159131
0.0159323
0.0159419
0.0159422
0.0159333
0.0159155
0.0158894
0.0158553
0.0158136
0.0157651
0.0157103
0.0156497
0.0155839
0.0155136
0.0154395
0.0153618
0.0168034
0.0118383
0.00842427
0.00617248
0.00499947
0.0047092
0.00496549
0.00547744
0.00607288
0.00666903
0.00723126
0.00774764
0.00821641
0.00864003
0.00902258
0.00936849
0.009682
0.009967
0.0102269
0.0104648
0.0106832
0.0108844
0.0110704
0.0112428
0.0114031
0.0115526
0.0116923
0.0118232
0.0119462
0.012062
0.0121713
0.0122745
0.0123723
0.0124651
0.0125535
0.0126379
0.012719
0.0127974
0.0128738
0.0129488
0.0130232
0.0130978
0.013173
0.0132492
0.0133268
0.0134056
0.0134853
0.0135656
0.0136457
0.0137248
0.0138019
0.013876
0.0139463
0.0140117
0.0140715
0.0141249
0.0141714
0.0142104
0.0142416
0.0142648
0.0142799
0.0142869
0.0142859
0.0142771
0.0142608
0.0142373
0.0142071
0.0141705
0.0141281
0.0140803
0.0140277
0.0139707
0.0139099
0.0138458
0.0137789
0.014546
0.00942907
0.00632284
0.0046639
0.0041562
0.00435459
0.00486448
0.00546279
0.00605172
0.00659547
0.00708469
0.00752045
0.00790758
0.00825186
0.00855892
0.00883382
0.00908099
0.0093042
0.00950664
0.00969104
0.00985969
0.0100145
0.0101572
0.0102892
0.0104117
0.0105257
0.0106321
0.0107317
0.0108252
0.0109131
0.010996
0.0110743
0.0111484
0.0112187
0.0112857
0.0113498
0.0114114
0.011471
0.0115294
0.0115869
0.0116444
0.0117025
0.0117615
0.0118219
0.0118838
0.0119471
0.0120117
0.0120771
0.0121427
0.0122076
0.0122712
0.0123325
0.0123906
0.0124448
0.0124944
0.0125387
0.0125772
0.0126095
0.0126353
0.0126544
0.0126668
0.0126723
0.0126712
0.0126636
0.0126497
0.0126298
0.0126043
0.0125734
0.0125377
0.0124974
0.0124531
0.0124052
0.0123541
0.0123002
0.012244
0.0120585
0.00712909
0.00460496
0.00368212
0.00374525
0.0042321
0.00482949
0.00541102
0.00593653
0.00639878
0.00680186
0.00715309
0.00746005
0.00772958
0.00796756
0.00817887
0.00836758
0.00853703
0.00869001
0.00882879
0.00895531
0.00907115
0.00917765
0.00927596
0.00936704
0.00945171
0.00953067
0.00960453
0.0096738
0.00973893
0.00980031
0.00985827
0.00991314
0.00996522
0.0100148
0.0100623
0.010108
0.0101525
0.010196
0.0102393
0.0102828
0.0103271
0.0103725
0.0104193
0.0104678
0.0105178
0.0105692
0.0106215
0.0106742
0.0107266
0.0107781
0.010828
0.0108754
0.0109197
0.0109604
0.0109968
0.0110285
0.0110552
0.0110766
0.0110926
0.011103
0.011108
0.0111075
0.0111016
0.0110906
0.0110747
0.0110542
0.0110293
0.0110003
0.0109677
0.0109318
0.0108928
0.0108512
0.0108073
0.0107615
0.00947284
0.00510404
0.00338476
0.00316083
0.00358575
0.0041775
0.00475325
0.00526217
0.00569849
0.00606964
0.00638579
0.00665649
0.0068899
0.00709265
0.00727012
0.00742658
0.00756548
0.0076896
0.00780119
0.00790209
0.00799381
0.0080776
0.00815449
0.00822537
0.00829096
0.00835189
0.00840868
0.00846178
0.00851158
0.0085584
0.00860254
0.00864423
0.00868371
0.0087212
0.00875693
0.00879117
0.00882421
0.00885638
0.00888807
0.00891973
0.0089518
0.00898469
0.00901875
0.00905423
0.00909124
0.00912974
0.00916955
0.00921036
0.00925171
0.00929308
0.00933388
0.00937352
0.0094114
0.00944696
0.00947968
0.00950912
0.00953492
0.00955679
0.00957452
0.00958796
0.00959704
0.00960175
0.00960212
0.00959825
0.00959029
0.0095784
0.0095628
0.00954371
0.00952138
0.00949606
0.00946805
0.0094376
0.00940501
0.0093706
0.00933458
0.00696228
0.00350386
0.0026611
0.00293606
0.00351106
0.004084
0.0045794
0.0049915
0.00533172
0.00561362
0.00584911
0.00604773
0.00621695
0.00636255
0.006489
0.00659976
0.00669757
0.00678459
0.00686254
0.00693283
0.00699656
0.00705469
0.00710796
0.00715701
0.00720238
0.00724452
0.0072838
0.00732053
0.007355
0.00738744
0.00741803
0.00744695
0.00747437
0.00750042
0.00752529
0.00754915
0.00757223
0.00759476
0.00761706
0.00763946
0.00766233
0.00768598
0.0077107
0.00773668
0.00776402
0.0077927
0.00782256
0.00785338
0.00788479
0.00791639
0.00794772
0.00797831
0.00800768
0.0080354
0.00806105
0.00808429
0.00810481
0.00812239
0.00813685
0.00814806
0.00815596
0.00816053
0.00816178
0.00815978
0.00815463
0.00814644
0.00813538
0.00812161
0.00810531
0.00808667
0.00806592
0.00804324
0.00801887
0.00799305
0.00796593
0.00472193
0.00241259
0.00231024
0.0028345
0.00340776
0.00389434
0.00428463
0.00459496
0.00484331
0.00504442
0.00520949
0.00534679
0.00546248
0.00556112
0.00564615
0.00572019
0.00578525
0.0058429
0.00589438
0.00594068
0.00598259
0.00602076
0.00605572
0.0060879
0.00611767
0.00614534
0.00617114
0.00619531
0.00621802
0.00623942
0.00625964
0.00627878
0.00629696
0.00631428
0.00633083
0.00634675
0.00636219
0.00637731
0.00639234
0.00640753
0.00642315
0.00643945
0.00645663
0.00647485
0.00649418
0.00651462
0.00653607
0.00655834
0.00658118
0.0066043
0.00662734
0.00664996
0.00667182
0.00669257
0.0067119
0.00672957
0.00674532
0.00675898
0.00677041
0.00677952
0.00678623
0.00679052
0.0067924
0.0067919
0.00678908
0.00678403
0.00677685
0.00676765
0.00675656
0.00674372
0.00672928
0.00671338
0.00669618
0.00667787
0.00665855
0.00293379
0.00179532
0.00215579
0.0027275
0.00321222
0.00358393
0.00386531
0.00408045
0.00424775
0.00438029
0.00448722
0.00457495
0.00464805
0.0047098
0.00476265
0.00480838
0.00484838
0.00488368
0.00491512
0.00494334
0.00496885
0.00499207
0.00501335
0.00503294
0.00505109
0.00506799
0.00508378
0.00509861
0.00511258
0.00512579
0.00513831
0.00515021
0.00516154
0.00517236
0.00518275
0.00519277
0.00520253
0.00521211
0.00522168
0.00523143
0.00524151
0.00525212
0.0052634
0.00527546
0.00528835
0.00530208
0.00531659
0.00533175
0.00534739
0.00536332
0.00537928
0.00539506
0.00541038
0.00542504
0.00543881
0.00545149
0.00546293
0.00547299
0.00548157
0.00548859
0.00549399
0.00549775
0.00549986
0.00550035
0.00549924
0.00549657
0.00549243
0.00548688
0.00547999
0.00547187
0.00546261
0.0054523
0.00544105
0.005429
0.0054162
0.00170896
0.00150482
0.0020444
0.00253723
0.00289507
0.00314817
0.00332982
0.00346341
0.00356428
0.00364235
0.00370417
0.00375413
0.00379524
0.00382961
0.00385877
0.00388384
0.00390565
0.00392483
0.00394186
0.00395713
0.00397093
0.0039835
0.00399503
0.00400568
0.00401558
0.00402483
0.00403352
0.00404172
0.00404949
0.00405688
0.00406392
0.00407066
0.00407712
0.00408332
0.00408931
0.00409513
0.00410082
0.00410644
0.00411209
0.00411788
0.00412391
0.00413031
0.00413716
0.00414453
0.00415246
0.00416096
0.00416999
0.00417948
0.00418932
0.0041994
0.00420956
0.00421965
0.00422952
0.00423902
0.00424802
0.00425638
0.00426402
0.00427082
0.00427672
0.00428168
0.00428564
0.00428859
0.00429052
0.00429143
0.00429133
0.00429026
0.00428824
0.00428532
0.00428154
0.00427696
0.00427164
0.00426563
0.004259
0.00425183
0.00424414
0.00102197
0.00136042
0.00187193
0.00222402
0.00244908
0.00259591
0.00269532
0.00276524
0.00281618
0.00285447
0.00288405
0.00290745
0.00292637
0.00294196
0.00295502
0.00296614
0.00297574
0.00298414
0.00299158
0.00299825
0.00300429
0.00300981
0.00301491
0.00301965
0.00302409
0.00302829
0.00303227
0.00303607
0.00303972
0.00304323
0.00304662
0.00304991
0.0030531
0.00305621
0.00305924
0.00306223
0.00306517
0.00306811
0.0030711
0.00307418
0.00307743
0.00308089
0.00308461
0.00308864
0.00309299
0.00309767
0.00310265
0.0031079
0.00311337
0.00311898
0.00312467
0.00313034
0.00313591
0.00314131
0.00314645
0.00315128
0.00315572
0.00315973
0.00316326
0.00316629
0.00316879
0.00317074
0.00317214
0.00317298
0.00317328
0.00317303
0.00317226
0.00317099
0.00316924
0.00316703
0.00316441
0.00316139
0.00315801
0.00315432
0.00315032
0.00071366
0.00121543
0.00157851
0.00177563
0.00188461
0.00194865
0.00198855
0.00201472
0.00203262
0.00204532
0.00205461
0.0020616
0.002067
0.00207126
0.00207471
0.00207756
0.00207997
0.00208205
0.00208389
0.00208554
0.00208706
0.00208847
0.00208981
0.0020911
0.00209235
0.00209357
0.00209478
0.00209598
0.00209717
0.00209836
0.00209956
0.00210076
0.00210197
0.00210318
0.00210441
0.00210565
0.0021069
0.00210818
0.00210951
0.0021109
0.00211238
0.00211398
0.0021157
0.00211756
0.00211957
0.00212172
0.002124
0.00212641
0.0021289
0.00213145
0.00213403
0.0021366
0.00213913
0.00214158
0.00214392
0.00214613
0.00214816
0.00215001
0.00215165
0.00215307
0.00215426
0.00215522
0.00215594
0.00215641
0.00215665
0.00215665
0.00215642
0.00215596
0.0021553
0.00215443
0.00215338
0.00215215
0.00215076
0.00214922
0.00214755
0.000607514
0.000974735
0.00114433
0.00120912
0.00123574
0.00124751
0.00125278
0.00125492
0.00125547
0.00125521
0.00125452
0.00125362
0.00125265
0.00125168
0.00125073
0.00124985
0.00124904
0.0012483
0.00124765
0.00124708
0.00124659
0.00124617
0.00124583
0.00124555
0.00124534
0.0012452
0.00124511
0.00124508
0.0012451
0.00124517
0.00124529
0.00124545
0.00124565
0.00124589
0.00124617
0.00124649
0.00124684
0.00124722
0.00124765
0.00124812
0.00124864
0.0012492
0.00124981
0.00125047
0.00125117
0.0012519
0.00125267
0.00125346
0.00125426
0.00125506
0.00125585
0.00125662
0.00125737
0.00125807
0.00125873
0.00125934
0.00125989
0.00126037
0.00126079
0.00126114
0.00126142
0.00126163
0.00126177
0.00126184
0.00126184
0.00126178
0.00126165
0.00126147
0.00126123
0.00126093
0.00126058
0.00126019
0.00125976
0.0012593
0.00125881
0.000506411
0.000492149
0.000480643
0.000472531
0.000466284
0.000461356
0.00045739
0.000454134
0.000451416
0.000449115
0.000447145
0.000445444
0.000443964
0.00044267
0.000441533
0.00044053
0.000439645
0.000438861
0.000438167
0.000437552
0.000437007
0.000436526
0.000436101
0.000435728
0.000435401
0.000435117
0.000434871
0.000434661
0.000434483
0.000434335
0.000434215
0.00043412
0.00043405
0.000434002
0.000433976
0.00043397
0.000433985
0.000434019
0.000434073
0.000434147
0.000434238
0.000434347
0.000434471
0.000434608
0.000434756
0.000434911
0.00043507
0.00043523
0.000435386
0.000435535
0.000435675
0.000435804
0.000435918
0.000436017
0.000436099
0.000436165
0.000436213
0.000436244
0.000436258
0.000436256
0.000436239
0.000436208
0.000436163
0.000436106
0.000436038
0.000435961
0.000435874
0.000435779
0.000435679
0.000435572
0.000435462
0.000435348
0.000435232
0.000435114
0.000435003
)
;

boundaryField
{
    lowerWall
    {
        type            nutkWallFunction;
        Cmu             0.09;
        kappa           0.41;
        E               9.8;
        value           nonuniform List<scalar> 
75
(
6.12961e-05
5.95672e-05
5.81686e-05
5.71801e-05
5.64177e-05
5.58154e-05
5.53301e-05
5.49314e-05
5.45982e-05
5.4316e-05
5.40742e-05
5.38653e-05
5.36836e-05
5.35245e-05
5.33848e-05
5.32616e-05
5.31527e-05
5.30563e-05
5.29708e-05
5.28952e-05
5.28282e-05
5.27689e-05
5.27166e-05
5.26707e-05
5.26304e-05
5.25954e-05
5.25652e-05
5.25392e-05
5.25173e-05
5.24991e-05
5.24843e-05
5.24727e-05
5.24641e-05
5.24583e-05
5.24552e-05
5.24547e-05
5.24568e-05
5.24613e-05
5.24683e-05
5.24777e-05
5.24893e-05
5.25029e-05
5.25183e-05
5.25352e-05
5.2553e-05
5.25715e-05
5.25902e-05
5.26085e-05
5.26261e-05
5.26426e-05
5.26576e-05
5.26709e-05
5.26823e-05
5.26916e-05
5.26988e-05
5.27038e-05
5.27066e-05
5.27073e-05
5.2706e-05
5.27028e-05
5.26978e-05
5.26912e-05
5.26831e-05
5.26736e-05
5.26629e-05
5.26511e-05
5.26385e-05
5.26251e-05
5.26111e-05
5.25966e-05
5.25817e-05
5.25667e-05
5.25516e-05
5.25366e-05
5.25224e-05
)
;
    }
    upperWall
    {
        type            nutkWallFunction;
        Cmu             0.09;
        kappa           0.41;
        E               9.8;
        value           nonuniform List<scalar> 
75
(
6.13382e-05
5.96092e-05
5.821e-05
5.72211e-05
5.64583e-05
5.58556e-05
5.537e-05
5.49711e-05
5.46377e-05
5.43553e-05
5.41134e-05
5.39044e-05
5.37225e-05
5.35634e-05
5.34236e-05
5.33003e-05
5.31913e-05
5.30948e-05
5.30094e-05
5.29336e-05
5.28666e-05
5.28073e-05
5.2755e-05
5.2709e-05
5.26688e-05
5.26337e-05
5.26034e-05
5.25775e-05
5.25556e-05
5.25373e-05
5.25225e-05
5.25109e-05
5.25023e-05
5.24965e-05
5.24934e-05
5.24929e-05
5.2495e-05
5.24996e-05
5.25066e-05
5.2516e-05
5.25276e-05
5.25413e-05
5.25567e-05
5.25736e-05
5.25914e-05
5.26099e-05
5.26285e-05
5.26468e-05
5.26643e-05
5.26807e-05
5.26957e-05
5.27089e-05
5.27202e-05
5.27294e-05
5.27364e-05
5.27413e-05
5.27441e-05
5.27447e-05
5.27434e-05
5.27402e-05
5.27352e-05
5.27286e-05
5.27206e-05
5.27112e-05
5.27006e-05
5.2689e-05
5.26766e-05
5.26634e-05
5.26496e-05
5.26354e-05
5.26209e-05
5.26062e-05
5.25914e-05
5.25767e-05
5.25629e-05
)
;
    }
    inlet
    {
        type            calculated;
        value           uniform 0.0245118;
    }
    outlet
    {
        type            calculated;
        value           nonuniform List<scalar> 
60
(
0.000434676
0.00125778
0.00214573
0.00314755
0.00424025
0.00541098
0.00665178
0.0079574
0.00932407
0.0107488
0.0122289
0.0137611
0.0153411
0.0169629
0.0186178
0.0202941
0.0219752
0.0236398
0.0252605
0.0268034
0.028228
0.0294888
0.0305377
0.0313313
0.0318432
0.0320879
0.0321576
0.0322533
0.0326095
0.0331302
0.0331628
0.0326965
0.032371
0.0322853
0.032213
0.0319593
0.0314358
0.0306299
0.029569
0.0282973
0.0268629
0.0253116
0.0236836
0.0220128
0.0203264
0.0186458
0.016987
0.0153618
0.0137789
0.012244
0.0107615
0.00933458
0.00796593
0.00665855
0.0054162
0.00424414
0.00315032
0.00214755
0.00125881
0.000435003
)
;
    }
    frontAndBack
    {
        type            empty;
    }
}


// ************************************************************************* //
