/*--------------------------------*- C++ -*----------------------------------*\
  =========                 |
  \\      /  F ield         | OpenFOAM: The Open Source CFD Toolbox
   \\    /   O peration     | Website:  https://openfoam.org
    \\  /    A nd           | Version:  7
     \\/     M anipulation  |
\*---------------------------------------------------------------------------*/
FoamFile
{
    version     2.0;
    format      ascii;
    class       volScalarField;
    location    "900";
    object      nut;
}
// * * * * * * * * * * * * * * * * * * * * * * * * * * * * * * * * * * * * * //

dimensions      [0 2 -1 0 0 0 0];

internalField   nonuniform List<scalar> 
4500
(
0.000506064
0.000491803
0.000480303
0.000472195
0.000465952
0.000461027
0.000457063
0.00045381
0.000451094
0.000448794
0.000446826
0.000445126
0.000443647
0.000442353
0.000441217
0.000440216
0.000439331
0.000438548
0.000437854
0.000437239
0.000436695
0.000436214
0.00043579
0.000435417
0.000435091
0.000434806
0.000434561
0.000434351
0.000434173
0.000434025
0.000433905
0.00043381
0.000433739
0.00043369
0.000433661
0.000433651
0.000433659
0.000433683
0.000433722
0.000433775
0.000433842
0.000433921
0.000434011
0.000434113
0.000434224
0.000434345
0.000434475
0.000434612
0.000434756
0.000434907
0.000435064
0.000435226
0.000435392
0.000435563
0.000435736
0.000435912
0.000436089
0.000436267
0.000436446
0.000436624
0.000436802
0.000436979
0.000437156
0.000437334
0.000437512
0.000437691
0.00043787
0.000438045
0.000438212
0.000438363
0.000438487
0.000438571
0.000438598
0.000438553
0.000438426
0.000607327
0.000974335
0.00114372
0.00120841
0.00123497
0.00124672
0.00125197
0.00125409
0.00125464
0.00125437
0.00125368
0.00125278
0.00125181
0.00125083
0.00124989
0.001249
0.00124819
0.00124745
0.0012468
0.00124623
0.00124574
0.00124532
0.00124497
0.0012447
0.00124449
0.00124434
0.00124426
0.00124423
0.00124425
0.00124432
0.00124443
0.0012446
0.0012448
0.00124504
0.00124531
0.00124562
0.00124596
0.00124632
0.00124671
0.00124713
0.00124757
0.00124803
0.00124851
0.00124901
0.00124953
0.00125006
0.00125061
0.00125117
0.00125174
0.00125232
0.00125291
0.00125349
0.00125409
0.00125468
0.00125527
0.00125585
0.00125643
0.001257
0.00125755
0.00125809
0.00125862
0.00125915
0.00125969
0.00126025
0.00126085
0.00126151
0.00126222
0.00126297
0.00126373
0.00126442
0.00126491
0.00126505
0.00126465
0.00126348
0.00126132
0.000713424
0.00121515
0.00157793
0.00177481
0.00188365
0.00194758
0.00198742
0.00201353
0.0020314
0.00204407
0.00205335
0.00206032
0.00206571
0.00206996
0.0020734
0.00207624
0.00207864
0.00208072
0.00208255
0.0020842
0.00208571
0.00208712
0.00208846
0.00208974
0.00209099
0.00209221
0.00209341
0.00209461
0.0020958
0.002097
0.0020982
0.00209941
0.00210063
0.00210186
0.0021031
0.00210435
0.00210561
0.00210687
0.00210813
0.00210941
0.00211069
0.00211198
0.00211327
0.00211458
0.00211588
0.00211719
0.0021185
0.00211981
0.00212111
0.0021224
0.00212368
0.00212495
0.0021262
0.00212743
0.00212863
0.0021298
0.00213093
0.00213202
0.00213306
0.00213406
0.00213503
0.00213599
0.00213698
0.00213804
0.00213922
0.00214055
0.00214206
0.00214369
0.00214533
0.00214676
0.00214763
0.00214749
0.00214577
0.00214186
0.00213513
0.00102124
0.00136022
0.0018715
0.00222328
0.00244808
0.00259473
0.00269401
0.00276382
0.00281468
0.00285291
0.00288244
0.00290581
0.00292469
0.00294025
0.00295329
0.00296439
0.00297397
0.00298236
0.00298979
0.00299644
0.00300247
0.00300798
0.00301307
0.0030178
0.00302224
0.00302642
0.0030304
0.0030342
0.00303785
0.00304136
0.00304477
0.00304807
0.0030513
0.00305444
0.00305753
0.00306055
0.00306352
0.00306643
0.00306928
0.00307209
0.00307486
0.00307759
0.00308029
0.00308295
0.00308557
0.00308816
0.00309071
0.00309322
0.00309568
0.0030981
0.00310047
0.00310278
0.00310504
0.00310723
0.00310934
0.00311138
0.00311332
0.00311515
0.00311689
0.00311853
0.0031201
0.00312164
0.00312323
0.00312496
0.00312692
0.0031292
0.00313181
0.00313468
0.00313755
0.00313998
0.00314127
0.00314052
0.00313661
0.00312835
0.00311446
0.00170708
0.00150447
0.00204415
0.00253669
0.00289421
0.00314704
0.00332847
0.0034619
0.00356263
0.0036406
0.00370233
0.00375222
0.00379326
0.00382758
0.0038567
0.00388174
0.00390351
0.00392266
0.00393966
0.00395491
0.00396869
0.00398124
0.00399275
0.00400339
0.00401327
0.00402251
0.00403119
0.00403938
0.00404715
0.00405454
0.00406161
0.00406838
0.0040749
0.00408118
0.00408725
0.00409313
0.00409884
0.00410436
0.00410973
0.00411496
0.00412005
0.00412501
0.00412986
0.00413459
0.00413921
0.00414373
0.00414814
0.00415244
0.00415663
0.0041607
0.00416466
0.00416849
0.0041722
0.00417577
0.00417919
0.00418244
0.00418552
0.0041884
0.0041911
0.00419362
0.004196
0.00419833
0.00420073
0.00420335
0.00420635
0.00420987
0.00421393
0.00421839
0.00422285
0.00422653
0.00422828
0.00422656
0.00421953
0.0042052
0.00418148
0.00293021
0.00179432
0.00215557
0.00272719
0.0032116
0.00358299
0.00386409
0.004079
0.0042461
0.00437848
0.00448527
0.00457289
0.00464589
0.00470757
0.00476034
0.00480601
0.00484595
0.0048812
0.0049126
0.00494078
0.00496625
0.00498944
0.00501069
0.00503026
0.00504838
0.00506525
0.00508103
0.00509585
0.00510982
0.00512304
0.00513559
0.00514754
0.00515896
0.00516989
0.00518038
0.00519047
0.00520019
0.00520956
0.0052186
0.00522734
0.00523579
0.00524398
0.00525193
0.00525963
0.00526712
0.00527438
0.00528142
0.00528825
0.00529486
0.00530126
0.00530743
0.00531338
0.0053191
0.00532458
0.00532979
0.00533473
0.00533937
0.00534369
0.0053477
0.00535141
0.00535491
0.0053583
0.00536178
0.00536556
0.00536991
0.00537501
0.00538089
0.00538735
0.00539373
0.00539889
0.00540107
0.00539797
0.0053868
0.00536462
0.00532836
0.00471652
0.00241031
0.00230969
0.00283433
0.00340742
0.00389369
0.00428366
0.0045937
0.00484179
0.00504269
0.00520757
0.00534471
0.00546027
0.00555879
0.00564371
0.00571766
0.00578263
0.00584021
0.00589162
0.00593786
0.00597972
0.00601784
0.00605276
0.0060849
0.00611463
0.00614226
0.00616804
0.00619219
0.00621489
0.00623631
0.00625656
0.00627579
0.00629408
0.00631152
0.00632819
0.00634415
0.00635947
0.00637418
0.00638831
0.00640191
0.00641501
0.00642765
0.00643986
0.00645165
0.00646305
0.00647406
0.0064847
0.00649497
0.00650487
0.00651442
0.00652359
0.0065324
0.00654084
0.00654888
0.00655651
0.00656371
0.00657045
0.0065767
0.00658247
0.0065878
0.00659279
0.0065976
0.0066025
0.00660781
0.00661386
0.00662091
0.00662902
0.00663785
0.00664648
0.00665329
0.00665583
0.00665084
0.00663447
0.00660266
0.00655125
0.00695534
0.00349985
0.00265963
0.00293574
0.00351092
0.00408367
0.00457876
0.00499055
0.00533047
0.0056121
0.00584735
0.00604576
0.00621481
0.00636025
0.00648655
0.00659718
0.00669488
0.0067818
0.00685966
0.00692986
0.00699353
0.00705158
0.00710479
0.00715379
0.0071991
0.00724119
0.00728043
0.00731714
0.0073516
0.00738404
0.00741468
0.00744369
0.00747122
0.00749741
0.00752238
0.00754623
0.00756905
0.00759091
0.00761186
0.00763197
0.00765129
0.00766987
0.00768776
0.00770499
0.00772159
0.00773759
0.00775299
0.00776782
0.00778208
0.00779578
0.00780893
0.00782151
0.00783352
0.00784495
0.00785577
0.00786595
0.00787545
0.00788426
0.00789238
0.00789985
0.00790682
0.00791351
0.00792027
0.00792751
0.00793568
0.0079451
0.00795582
0.00796737
0.00797852
0.00798709
0.00798983
0.00798244
0.00795988
0.00791685
0.00784804
0.00946494
0.00509827
0.00338174
0.00315982
0.00358556
0.0041774
0.00475296
0.00526158
0.00569759
0.00606845
0.00638432
0.00665477
0.00688795
0.00709051
0.00726779
0.00742409
0.00756284
0.00768683
0.0077983
0.00789909
0.00799071
0.00807441
0.00815122
0.00822202
0.00828754
0.0083484
0.00840513
0.00845819
0.00850797
0.00855481
0.00859898
0.00864076
0.00868037
0.00871798
0.00875379
0.00878793
0.00882053
0.00885172
0.00888155
0.00891014
0.00893755
0.00896387
0.00898916
0.00901346
0.00903682
0.00905929
0.00908088
0.00910163
0.00912154
0.00914063
0.00915891
0.00917637
0.00919302
0.00920884
0.00922378
0.00923783
0.00925094
0.00926307
0.00927425
0.00928454
0.00929411
0.00930326
0.0093124
0.00932208
0.00933282
0.00934503
0.00935874
0.00937332
0.00938719
0.00939757
0.00940034
0.00939011
0.00936055
0.00930512
0.00921733
0.0120503
0.00712193
0.0046001
0.00367976
0.00374451
0.00423199
0.00482945
0.00541081
0.00593604
0.00639799
0.00680078
0.00715173
0.00745842
0.00772772
0.00796548
0.00817659
0.00836512
0.00853441
0.00868723
0.00882588
0.00895226
0.00906798
0.00917438
0.00927259
0.00936358
0.00944816
0.00952705
0.00960086
0.00967009
0.00973522
0.00979663
0.00985468
0.00990967
0.00996186
0.0100115
0.0100588
0.0101038
0.0101469
0.0101881
0.0102275
0.0102653
0.0103015
0.0103362
0.0103695
0.0104015
0.0104322
0.0104617
0.01049
0.0105171
0.0105431
0.0105679
0.0105916
0.0106142
0.0106356
0.0106558
0.0106748
0.0106925
0.0107089
0.0107241
0.010738
0.0107509
0.0107632
0.0107754
0.0107881
0.0108019
0.0108174
0.0108344
0.0108523
0.0108691
0.0108813
0.010884
0.0108707
0.0108337
0.0107652
0.0106578
0.0145382
0.00942111
0.00631631
0.00465971
0.00415424
0.00435399
0.00486444
0.00546284
0.00605162
0.00659513
0.00708406
0.00751953
0.00790638
0.0082504
0.0085572
0.00883188
0.00907883
0.00930184
0.0095041
0.00968833
0.00985683
0.0100115
0.0101541
0.010286
0.0104083
0.0105222
0.0106285
0.010728
0.0108215
0.0109094
0.0109923
0.0110706
0.0111449
0.0112153
0.0112822
0.0113459
0.0114067
0.0114647
0.0115201
0.0115731
0.0116238
0.0116724
0.011719
0.0117637
0.0118065
0.0118476
0.011887
0.0119248
0.0119609
0.0119955
0.0120286
0.0120601
0.0120902
0.0121186
0.0121455
0.0121707
0.0121943
0.0122162
0.0122364
0.0122549
0.0122722
0.0122885
0.0123045
0.0123209
0.0123384
0.0123575
0.0123783
0.0123998
0.0124196
0.0124337
0.0124364
0.0124199
0.0123755
0.0122942
0.0121673
0.0167964
0.0118301
0.00841662
0.00616647
0.00499572
0.00470745
0.00496497
0.00547746
0.00607302
0.00666908
0.00723109
0.00774722
0.00821571
0.00863906
0.00902134
0.00936699
0.00968026
0.00996504
0.0102248
0.0104624
0.0106807
0.0108817
0.0110675
0.0112398
0.0113999
0.0115493
0.0116889
0.0118197
0.0119427
0.0120584
0.0121676
0.0122709
0.0123688
0.0124616
0.0125499
0.0126339
0.0127139
0.0127904
0.0128634
0.0129332
0.0129999
0.0130639
0.0131251
0.0131839
0.0132402
0.0132941
0.0133458
0.0133954
0.0134428
0.0134881
0.0135314
0.0135727
0.013612
0.0136493
0.0136845
0.0137175
0.0137484
0.0137772
0.0138037
0.0138281
0.0138508
0.0138722
0.0138929
0.0139138
0.0139357
0.0139591
0.013984
0.0140093
0.0140324
0.0140487
0.0140515
0.0140323
0.0139811
0.0138878
0.0137429
0.0187409
0.0141959
0.0107323
0.00812806
0.00637517
0.00548226
0.0052985
0.00556839
0.00606791
0.00665555
0.00725658
0.00783569
0.00837814
0.00887927
0.00933926
0.00976046
0.0101461
0.0104994
0.0108239
0.0111225
0.011398
0.0116528
0.0118892
0.0121089
0.0123137
0.0125051
0.0126843
0.0128526
0.0130109
0.0131602
0.0133011
0.0134345
0.0135609
0.0136809
0.013795
0.0139037
0.0140072
0.0141061
0.0142006
0.0142909
0.0143773
0.01446
0.0145392
0.0146151
0.0146879
0.0147576
0.0148244
0.0148884
0.0149497
0.0150082
0.0150641
0.0151174
0.0151681
0.0152162
0.0152617
0.0153044
0.0153444
0.0153817
0.0154161
0.0154479
0.0154774
0.0155051
0.0155316
0.015558
0.0155851
0.0156134
0.015643
0.0156725
0.0156992
0.015718
0.0157214
0.0157002
0.0156434
0.0155398
0.0153792
0.0203353
0.0163925
0.0130921
0.0103772
0.00825299
0.00680513
0.00606205
0.00591225
0.00616261
0.00663481
0.00720686
0.00780792
0.00840069
0.00896709
0.00949942
0.00999542
0.0104556
0.0108818
0.0112765
0.0116424
0.0119818
0.0122974
0.0125913
0.0128656
0.013122
0.0133623
0.0135879
0.0138001
0.0140001
0.0141889
0.0143674
0.0145366
0.014697
0.0148495
0.0149946
0.0151328
0.0152646
0.0153904
0.0155107
0.0156257
0.0157358
0.0158412
0.0159421
0.0160389
0.0161316
0.0162205
0.0163056
0.0163872
0.0164652
0.0165398
0.0166111
0.016679
0.0167437
0.016805
0.016863
0.0169176
0.0169688
0.0170165
0.0170607
0.0171016
0.0171395
0.0171749
0.0172087
0.0172417
0.017275
0.0173091
0.0173439
0.0173783
0.0174091
0.0174309
0.0174358
0.0174138
0.017353
0.0172417
0.0170686
0.0215825
0.0183294
0.0153493
0.0127226
0.0104644
0.0086521
0.0073891
0.00671235
0.00654767
0.00675168
0.00718034
0.00772556
0.00831836
0.00891864
0.00950458
0.0100651
0.0105953
0.0110936
0.0115604
0.0119971
0.0124054
0.0127874
0.0131451
0.0134804
0.0137951
0.014091
0.0143697
0.0146324
0.0148806
0.0151154
0.0153378
0.0155488
0.0157492
0.0159399
0.0161214
0.0162946
0.0164598
0.0166177
0.0167687
0.0169131
0.0170515
0.0171839
0.0173109
0.0174325
0.0175492
0.017661
0.0177682
0.0178708
0.0179691
0.0180631
0.0181528
0.0182385
0.01832
0.0183973
0.0184705
0.0185396
0.0186043
0.0186648
0.0187209
0.018773
0.0188212
0.0188662
0.0189087
0.0189498
0.0189904
0.0190313
0.0190724
0.0191123
0.0191479
0.0191735
0.019181
0.0191598
0.0190974
0.0189813
0.0187997
0.0225141
0.0199544
0.0173928
0.0149958
0.0127993
0.010854
0.00925304
0.00809649
0.00743
0.00721364
0.00734589
0.00771147
0.00821417
0.00878619
0.00938426
0.00998242
0.0105658
0.0111265
0.0116607
0.0121669
0.0126453
0.0130966
0.0135221
0.0139234
0.0143021
0.0146596
0.0149974
0.0153171
0.0156199
0.0159071
0.0161797
0.0164388
0.0166854
0.0169203
0.0171444
0.0173582
0.0175626
0.017758
0.017945
0.0181241
0.0182957
0.0184601
0.0186178
0.018769
0.018914
0.0190531
0.0191865
0.0193142
0.0194366
0.0195537
0.0196656
0.0197723
0.019874
0.0199706
0.0200621
0.0201484
0.0202295
0.0203054
0.0203761
0.0204416
0.0205024
0.020559
0.0206122
0.0206631
0.0207126
0.0207615
0.0208099
0.0208563
0.0208977
0.0209283
0.0209398
0.0209213
0.02086
0.0207429
0.0205576
0.0231786
0.0212515
0.0191504
0.0170697
0.0150687
0.0131822
0.011469
0.0100167
0.00891707
0.0082239
0.00792738
0.00796293
0.00824224
0.00868153
0.00921499
0.00979641
0.0103955
0.0109932
0.0115781
0.0121436
0.0126863
0.0132046
0.0136982
0.0141674
0.0146131
0.0150364
0.0154384
0.0158204
0.0161835
0.0165289
0.0168579
0.0171713
0.0174702
0.0177555
0.0180281
0.0182887
0.018538
0.0187768
0.0190055
0.0192248
0.0194351
0.0196369
0.0198305
0.0200162
0.0201946
0.0203657
0.0205298
0.0206872
0.020838
0.0209824
0.0211204
0.0212522
0.0213778
0.0214972
0.0216105
0.0217175
0.0218182
0.0219125
0.0220005
0.0220823
0.0221583
0.0222289
0.022295
0.0223576
0.0224179
0.0224765
0.0225335
0.0225878
0.0226363
0.0226733
0.0226906
0.0226772
0.0226201
0.0225061
0.0223221
0.0236309
0.0222362
0.0205882
0.0188628
0.0171328
0.0154307
0.0137891
0.0122607
0.0109209
0.00985089
0.00911003
0.00871324
0.00862895
0.00879609
0.00914584
0.0096168
0.0101611
0.0107443
0.0113431
0.011942
0.0125313
0.0131048
0.0136592
0.0141925
0.014704
0.0151937
0.0156619
0.0161093
0.0165367
0.0169451
0.0173354
0.0177085
0.0180653
0.0184068
0.0187338
0.0190471
0.0193473
0.0196353
0.0199116
0.0201769
0.0204316
0.0206763
0.0209114
0.0211371
0.021354
0.0215622
0.0217622
0.0219541
0.0221381
0.0223143
0.022483
0.0226442
0.0227979
0.0229442
0.0230831
0.0232144
0.0233383
0.0234545
0.0235632
0.0236644
0.0237584
0.0238458
0.0239275
0.0240043
0.0240774
0.0241476
0.0242152
0.024279
0.0243362
0.0243814
0.0244066
0.0244009
0.0243516
0.024245
0.0240681
0.0239241
0.0229458
0.0217059
0.0203354
0.0189062
0.0174526
0.0159956
0.0145615
0.0131926
0.0119492
0.0109003
0.0101063
0.0095999
0.00937813
0.00940743
0.00963764
0.0100159
0.0104955
0.0110393
0.0116196
0.0122168
0.0128173
0.0134122
0.0139954
0.0145632
0.0151133
0.0156445
0.0161563
0.0166487
0.0171218
0.0175763
0.0180127
0.0184318
0.0188341
0.0192205
0.0195917
0.0199484
0.0202912
0.0206208
0.0209377
0.0212425
0.0215357
0.0218178
0.0220892
0.0223501
0.0226009
0.022842
0.0230736
0.0232959
0.023509
0.0237132
0.0239084
0.0240948
0.0242724
0.0244411
0.024601
0.024752
0.0248939
0.0250269
0.025151
0.0252665
0.0253739
0.025474
0.0255679
0.0256565
0.0257407
0.025821
0.0258964
0.0259644
0.0260199
0.0260555
0.0260606
0.0260227
0.0259285
0.0257643
0.0241048
0.0234303
0.0225301
0.0214842
0.0203512
0.0191647
0.0179427
0.0166986
0.0154511
0.0142309
0.0130828
0.0120624
0.0112256
0.0106148
0.010249
0.0101206
0.0102015
0.0104527
0.0108329
0.0113054
0.0118395
0.0124118
0.0130047
0.0136056
0.0142055
0.0147983
0.0153798
0.0159471
0.0164986
0.0170333
0.0175506
0.0180505
0.0185331
0.0189987
0.0194476
0.0198805
0.0202977
0.0206999
0.0210875
0.0214612
0.0218213
0.0221685
0.022503
0.0228253
0.0231358
0.0234346
0.0237223
0.0239989
0.0242647
0.0245199
0.0247645
0.0249988
0.0252227
0.0254363
0.0256395
0.0258323
0.0260147
0.0261866
0.0263479
0.0264988
0.0266395
0.0267706
0.0268927
0.0270067
0.0271139
0.0272151
0.0273108
0.0274004
0.0274817
0.0275503
0.0275991
0.0276183
0.027596
0.027519
0.0273737
0.0242104
0.023743
0.0231051
0.0223339
0.0214686
0.0205374
0.0195569
0.0185366
0.0174843
0.0164115
0.0153381
0.0142947
0.0133225
0.0124679
0.011775
0.0112758
0.0109838
0.0108936
0.0109844
0.0112267
0.0115885
0.0120397
0.0125545
0.0131118
0.0136953
0.0142927
0.0148948
0.015495
0.0160885
0.0166719
0.0172429
0.0177999
0.018342
0.0188686
0.0193795
0.0198746
0.020354
0.0208179
0.0212667
0.0217006
0.0221201
0.0225254
0.0229169
0.023295
0.0236599
0.0240118
0.0243511
0.0246778
0.0249923
0.0252947
0.0255849
0.0258633
0.0261296
0.0263841
0.0266266
0.0268571
0.0270755
0.0272817
0.0274758
0.0276578
0.0278279
0.0279866
0.0281346
0.0282727
0.0284021
0.0285237
0.0286382
0.0287452
0.028843
0.0289278
0.0289932
0.0290304
0.029028
0.0289734
0.0288534
0.0242687
0.0239331
0.0234832
0.022928
0.0222874
0.0215809
0.0208224
0.0200202
0.0191788
0.0183021
0.0173958
0.0164709
0.015546
0.0146483
0.0138124
0.0130761
0.012475
0.0120354
0.0117707
0.0116797
0.0117493
0.0119586
0.012283
0.0126979
0.013181
0.0137132
0.014279
0.0148659
0.0154643
0.0160671
0.0166686
0.0172647
0.0178524
0.0184297
0.0189948
0.0195468
0.0200849
0.0206087
0.0211181
0.0216128
0.0220929
0.0225585
0.0230097
0.0234467
0.0238696
0.0242786
0.0246737
0.025055
0.0254227
0.0257769
0.0261175
0.0264446
0.0267583
0.0270584
0.027345
0.0276179
0.0278771
0.0281225
0.0283539
0.0285716
0.0287757
0.0289666
0.0291449
0.0293115
0.0294674
0.0296137
0.0297511
0.0298795
0.0299977
0.0301027
0.0301889
0.0302483
0.0302707
0.0302443
0.030156
0.0242989
0.0240415
0.0237167
0.023319
0.0228541
0.0223318
0.0217619
0.0211513
0.0205038
0.0198214
0.019105
0.0183565
0.0175807
0.0167867
0.0159902
0.015213
0.0144829
0.0138304
0.013285
0.0128702
0.0126008
0.0124808
0.0125047
0.0126592
0.0129266
0.0132877
0.0137233
0.0142163
0.0147516
0.0153169
0.015902
0.0164988
0.0171009
0.0177035
0.0183026
0.0188954
0.0194797
0.0200537
0.0206163
0.0211666
0.0217038
0.0222276
0.0227375
0.0232335
0.0237153
0.0241829
0.0246361
0.0250747
0.0254988
0.0259082
0.026303
0.026683
0.0270481
0.0273983
0.0277335
0.0280534
0.0283581
0.0286474
0.0289212
0.0291796
0.0294227
0.0296508
0.0298646
0.0300648
0.0302525
0.0304286
0.0305939
0.0307489
0.0308926
0.0310227
0.0311347
0.0312217
0.0312745
0.0312823
0.0312328
0.0243137
0.0240994
0.0238516
0.0235602
0.0232227
0.0228417
0.0224217
0.0219673
0.021482
0.0209674
0.020424
0.0198512
0.0192489
0.0186176
0.0179607
0.017285
0.0166018
0.0159277
0.0152838
0.0146943
0.0141835
0.0137732
0.0134797
0.0133118
0.0132708
0.0133509
0.0135415
0.0138287
0.0141972
0.014632
0.0151192
0.0156466
0.0162035
0.0167812
0.0173722
0.0179709
0.0185723
0.0191727
0.0197691
0.0203591
0.0209408
0.0215128
0.0220738
0.022623
0.0231595
0.0236829
0.0241925
0.024688
0.0251689
0.0256348
0.0260855
0.0265207
0.0269402
0.0273439
0.0277313
0.0281025
0.0284571
0.0287951
0.0291163
0.0294207
0.0297085
0.0299798
0.0302351
0.0304752
0.0307009
0.0309133
0.0311133
0.0313013
0.031477
0.0316387
0.031783
0.0319041
0.0319941
0.0320432
0.0320403
0.0243203
0.0241281
0.0239241
0.023699
0.0234471
0.0231665
0.022858
0.0225234
0.0221648
0.0217837
0.0213807
0.0209556
0.0205075
0.0200352
0.0195375
0.0190143
0.0184671
0.0179
0.0173205
0.0167398
0.016173
0.0156382
0.0151549
0.0147427
0.0144182
0.0141938
0.0140765
0.0140677
0.0141634
0.0143559
0.0146348
0.0149883
0.0154045
0.0158718
0.0163798
0.0169191
0.0174816
0.0180606
0.0186502
0.0192456
0.019843
0.0204391
0.0210311
0.021617
0.0221949
0.0227633
0.0233208
0.0238666
0.0243996
0.0249188
0.0254237
0.0259137
0.0263881
0.0268466
0.0272888
0.0277144
0.028123
0.0285144
0.0288883
0.0292447
0.0295835
0.0299049
0.0302092
0.0304969
0.0307689
0.031026
0.0312691
0.0314988
0.0317152
0.0319171
0.0321021
0.0322657
0.0324012
0.0325003
0.0325528
0.0243232
0.0241413
0.0239602
0.0237729
0.0235739
0.0233596
0.0231282
0.0228796
0.0226142
0.0223328
0.0220359
0.0217237
0.0213958
0.0210513
0.020689
0.0203073
0.0199048
0.0194805
0.0190346
0.0185687
0.018087
0.0175959
0.0171052
0.0166273
0.0161768
0.0157695
0.0154209
0.0151448
0.014952
0.0148493
0.0148393
0.0149208
0.015089
0.0153369
0.0156558
0.0160361
0.0164686
0.016944
0.017454
0.017991
0.0185486
0.0191208
0.0197027
0.0202903
0.0208798
0.0214682
0.022053
0.0226319
0.0232032
0.023765
0.0243161
0.0248549
0.0253807
0.0258925
0.0263895
0.0268712
0.0273369
0.0277861
0.0282185
0.0286336
0.0290313
0.0294114
0.029774
0.0301195
0.0304483
0.0307611
0.0310586
0.0313414
0.0316099
0.0318633
0.0321001
0.0323168
0.0325083
0.0326676
0.0327857
0.0243243
0.0241468
0.0239767
0.0238093
0.0236402
0.0234659
0.0232838
0.0230926
0.0228914
0.0226801
0.0224587
0.0222274
0.021986
0.0217344
0.0214717
0.0211972
0.0209094
0.020607
0.0202885
0.0199526
0.0195985
0.0192262
0.0188373
0.0184347
0.0180237
0.0176116
0.0172079
0.016824
0.0164722
0.0161651
0.0159144
0.0157302
0.0156198
0.0155875
0.0156346
0.0157596
0.0159585
0.0162258
0.0165544
0.016937
0.017366
0.0178339
0.0183339
0.0188596
0.0194053
0.0199659
0.0205369
0.0211144
0.021695
0.0222758
0.0228541
0.0234276
0.0239942
0.0245523
0.0251005
0.0256375
0.0261621
0.0266732
0.02717
0.0276516
0.0281174
0.0285668
0.0289993
0.029415
0.0298137
0.0301957
0.0305615
0.0309114
0.0312457
0.0315641
0.0318656
0.0321478
0.0324068
0.0326372
0.0328313
0.0243246
0.024149
0.0239836
0.0238256
0.0236718
0.0235195
0.0233663
0.0232101
0.0230498
0.0228845
0.0227135
0.0225367
0.0223538
0.0221647
0.0219692
0.0217669
0.0215573
0.0213397
0.021113
0.0208762
0.0206281
0.0203674
0.020093
0.0198044
0.0195013
0.0191846
0.0188565
0.0185202
0.018181
0.0178456
0.0175221
0.0172198
0.0169488
0.0167189
0.0165391
0.016417
0.0163585
0.016367
0.0164439
0.0165884
0.0167979
0.0170683
0.0173946
0.017771
0.0181917
0.0186507
0.0191421
0.0196607
0.0202013
0.0207592
0.0213304
0.0219109
0.0224972
0.0230861
0.023675
0.0242612
0.0248424
0.0254165
0.0259816
0.0265358
0.0270776
0.0276056
0.0281185
0.0286155
0.0290958
0.029559
0.0300049
0.0304336
0.030845
0.0312391
0.0316151
0.0319715
0.0323057
0.0326134
0.0328886
0.0243248
0.0241497
0.0239862
0.0238322
0.0236855
0.023544
0.0234057
0.0232688
0.0231318
0.0229936
0.0228531
0.0227097
0.0225629
0.0224126
0.0222584
0.0221002
0.0219379
0.0217713
0.0216001
0.021424
0.0212425
0.0210549
0.0208606
0.0206585
0.0204481
0.0202285
0.0199992
0.0197601
0.0195117
0.0192553
0.018993
0.0187282
0.0184655
0.0182106
0.01797
0.0177515
0.0175626
0.0174112
0.0173045
0.0172486
0.0172484
0.0173073
0.0174269
0.0176075
0.0178476
0.0181448
0.0184956
0.0188957
0.0193404
0.0198248
0.0203436
0.0208918
0.0214642
0.0220559
0.0226622
0.0232787
0.0239012
0.0245259
0.0251492
0.0257677
0.0263784
0.0269788
0.0275664
0.0281393
0.0286959
0.029235
0.0297557
0.0302576
0.0307403
0.0312037
0.0316472
0.03207
0.0324703
0.0328452
0.0331898
0.0243248
0.0241499
0.023987
0.0238344
0.0236903
0.0235531
0.0234211
0.0232926
0.0231662
0.0230406
0.0229147
0.0227876
0.0226587
0.0225274
0.0223935
0.0222568
0.0221174
0.0219751
0.0218302
0.0216826
0.0215323
0.0213794
0.0212236
0.0210647
0.0209024
0.0207364
0.0205661
0.0203912
0.0202114
0.0200265
0.0198369
0.0196433
0.019447
0.0192503
0.0190561
0.0188685
0.0186921
0.0185325
0.0183958
0.0182885
0.0182169
0.0181872
0.0182048
0.0182742
0.0183987
0.0185805
0.0188201
0.0191169
0.019469
0.0198733
0.0203258
0.0208218
0.0213559
0.0219224
0.0225156
0.0231297
0.0237592
0.0243988
0.0250435
0.0256887
0.0263304
0.0269647
0.0275886
0.0281992
0.0287944
0.0293722
0.0299314
0.0304711
0.0309907
0.0314899
0.0319683
0.0324253
0.0328597
0.0332693
0.03365
0.0243248
0.0241499
0.023987
0.0238344
0.0236903
0.0235531
0.0234211
0.0232926
0.0231662
0.0230406
0.0229147
0.0227876
0.0226587
0.0225274
0.0223935
0.0222568
0.0221174
0.0219751
0.0218302
0.0216826
0.0215323
0.0213794
0.0212236
0.0210647
0.0209025
0.0207364
0.0205662
0.0203913
0.0202114
0.0200266
0.019837
0.0196433
0.0194471
0.0192504
0.0190562
0.0188686
0.0186922
0.0185326
0.0183959
0.0182886
0.018217
0.0181873
0.0182049
0.0182743
0.0183988
0.0185806
0.0188202
0.019117
0.0194691
0.0198734
0.0203259
0.0208219
0.0213559
0.0219225
0.0225157
0.0231298
0.0237593
0.0243989
0.0250435
0.0256888
0.0263304
0.0269647
0.0275886
0.0281992
0.0287944
0.0293723
0.0299316
0.0304715
0.0309914
0.031491
0.0319699
0.0324275
0.0328623
0.0332721
0.0336525
0.0243248
0.0241497
0.0239862
0.0238322
0.0236855
0.023544
0.0234057
0.0232688
0.0231318
0.0229936
0.0228531
0.0227097
0.022563
0.0224127
0.0222585
0.0221003
0.021938
0.0217714
0.0216003
0.0214242
0.0212427
0.0210552
0.0208608
0.0206588
0.0204484
0.0202289
0.0199996
0.0197606
0.0195122
0.0192558
0.0189936
0.0187289
0.0184662
0.0182112
0.0179708
0.0177522
0.0175633
0.0174119
0.0173051
0.0172491
0.0172488
0.0173076
0.0174272
0.0176077
0.0178477
0.0181449
0.0184956
0.0188956
0.0193403
0.0198246
0.0203434
0.0208916
0.021464
0.0220556
0.0226619
0.0232784
0.023901
0.0245257
0.0251489
0.0257674
0.0263782
0.0269785
0.0275661
0.0281391
0.0286958
0.0292351
0.0297562
0.0302586
0.0307422
0.0312067
0.0316515
0.0320757
0.0324769
0.0328521
0.0331954
0.0243246
0.024149
0.0239836
0.0238256
0.0236719
0.0235196
0.0233663
0.0232102
0.0230499
0.0228846
0.0227136
0.0225368
0.022354
0.0221649
0.0219695
0.0217672
0.0215577
0.0213401
0.0211135
0.0208768
0.0206287
0.0203681
0.0200938
0.0198052
0.0195022
0.0191857
0.0188576
0.0185214
0.0181822
0.0178468
0.0175233
0.0172211
0.0169501
0.01672
0.0165401
0.0164179
0.0163592
0.0163675
0.0164442
0.0165886
0.0167978
0.017068
0.0173941
0.0177705
0.018191
0.0186499
0.0191412
0.0196597
0.0202002
0.0207582
0.0213293
0.0219098
0.0224961
0.0230851
0.0236739
0.0242601
0.0248413
0.0254155
0.0259806
0.0265349
0.0270767
0.0276047
0.0281177
0.0286148
0.0290952
0.0295588
0.0300053
0.0304348
0.0308476
0.0312432
0.0316209
0.031979
0.0323141
0.0326214
0.0328938
0.0243243
0.0241468
0.0239767
0.0238093
0.0236402
0.0234659
0.0232839
0.0230927
0.0228916
0.0226803
0.022459
0.0222278
0.0219865
0.0217349
0.0214724
0.0211979
0.0209102
0.020608
0.0202896
0.0199538
0.0195998
0.0192277
0.0188389
0.0184364
0.0180255
0.0176135
0.0172098
0.0168258
0.016474
0.0161667
0.0159159
0.0157315
0.0156208
0.0155882
0.015635
0.0157597
0.0159584
0.0162254
0.0165537
0.0169361
0.0173649
0.0178327
0.0183325
0.0188581
0.0194037
0.0199642
0.0205352
0.0211127
0.0216933
0.022274
0.0228524
0.0234259
0.0239925
0.0245507
0.0250989
0.0256359
0.0261605
0.0266717
0.0271686
0.0276502
0.028116
0.0285655
0.0289981
0.0294139
0.0298129
0.0301954
0.0305619
0.030913
0.0312488
0.0315691
0.0318725
0.0321563
0.0324159
0.0326449
0.0328346
0.0243232
0.0241413
0.0239602
0.023773
0.023574
0.0233598
0.0231285
0.02288
0.0226147
0.0223334
0.0220366
0.0217245
0.0213967
0.0210524
0.0206903
0.0203087
0.0199064
0.0194823
0.0190365
0.0185709
0.0180893
0.0175983
0.0171077
0.0166298
0.0161793
0.0157719
0.0154231
0.0151467
0.0149536
0.0148505
0.0148401
0.0149212
0.0150891
0.0153366
0.0156551
0.0160352
0.0164674
0.0169426
0.0174524
0.0179894
0.0185468
0.0191189
0.0197008
0.0202883
0.0208778
0.0214662
0.022051
0.02263
0.0232012
0.0237631
0.0243142
0.0248531
0.0253789
0.0258908
0.0263879
0.0268696
0.0273354
0.0277847
0.0282171
0.0286322
0.0290299
0.0294101
0.0297729
0.0301185
0.0304476
0.030761
0.0310595
0.0313437
0.0316139
0.0318694
0.0321082
0.0323264
0.032518
0.0326749
0.0327871
0.0243204
0.0241281
0.0239242
0.0236991
0.0234473
0.0231669
0.0228585
0.0225241
0.0221657
0.0217847
0.0213819
0.0209571
0.0205092
0.020037
0.0195396
0.0190166
0.0184697
0.0179029
0.0173235
0.016743
0.0161762
0.0156413
0.0151579
0.0147454
0.0144205
0.0141957
0.014078
0.0140686
0.0141639
0.0143559
0.0146344
0.0149875
0.0154034
0.0158705
0.0163783
0.0169174
0.0174798
0.0180586
0.0186482
0.0192436
0.0198409
0.020437
0.0210291
0.021615
0.0221929
0.0227613
0.023319
0.0238648
0.0243978
0.0249172
0.0254222
0.0259122
0.0263867
0.0268453
0.0272876
0.0277132
0.0281219
0.0285133
0.0288873
0.0292437
0.0295826
0.029904
0.0302084
0.0304964
0.0307688
0.0310266
0.0312708
0.0315021
0.0317204
0.0319247
0.0321118
0.0322767
0.0324118
0.0325076
0.0325525
0.0243137
0.0240994
0.0238518
0.0235606
0.0232232
0.0228424
0.0224226
0.0219685
0.0214835
0.0209692
0.020426
0.0198536
0.0192515
0.0186206
0.017964
0.0172885
0.0166055
0.0159315
0.0152876
0.0146979
0.0141868
0.0137762
0.0134821
0.0133136
0.013272
0.0133516
0.0135417
0.0138283
0.0141964
0.0146309
0.0151179
0.015645
0.0162018
0.0167793
0.0173703
0.0179689
0.0185703
0.0191707
0.0197672
0.0203572
0.020939
0.021511
0.0220721
0.0226213
0.023158
0.0236814
0.0241911
0.0246867
0.0251677
0.0256337
0.0260845
0.0265198
0.0269394
0.0273431
0.0277307
0.0281019
0.0284567
0.0287947
0.029116
0.0294204
0.0297082
0.0299795
0.030235
0.0304754
0.0307016
0.0309148
0.0311161
0.0313059
0.0314838
0.031648
0.0317945
0.0319168
0.0320059
0.0320508
0.0320387
0.024299
0.0240417
0.0237171
0.0233196
0.022855
0.0223331
0.0217635
0.0211532
0.0205061
0.0198241
0.0191081
0.01836
0.0175845
0.0167909
0.0159945
0.0152174
0.0144873
0.0138346
0.0132887
0.0128734
0.0126033
0.0124826
0.0125058
0.0126596
0.0129265
0.0132871
0.0137223
0.014215
0.0147501
0.0153152
0.0159002
0.0164969
0.0170991
0.0177016
0.0183008
0.0188936
0.019478
0.0200521
0.0206148
0.0211651
0.0217024
0.0222263
0.0227364
0.0232325
0.0237144
0.0241821
0.0246354
0.0250742
0.0254983
0.0259079
0.0263028
0.0266828
0.0270481
0.0273984
0.0277336
0.0280537
0.0283584
0.0286477
0.0289216
0.02918
0.0294231
0.0296514
0.0298653
0.0300658
0.030254
0.030431
0.0305979
0.0307549
0.0309011
0.0310339
0.0311482
0.0312363
0.0312877
0.0312903
0.0312301
0.0242687
0.0239334
0.0234838
0.022929
0.0222889
0.0215829
0.0208248
0.0200231
0.0191822
0.018306
0.0174001
0.0164756
0.015551
0.0146534
0.0138173
0.0130808
0.0124791
0.0120388
0.0117733
0.0116814
0.0117503
0.0119589
0.0122827
0.0126972
0.0131799
0.0137118
0.0142774
0.0148642
0.0154626
0.0160653
0.0166668
0.017263
0.0178509
0.0184282
0.0189934
0.0195455
0.0200837
0.0206077
0.0211172
0.021612
0.0220922
0.022558
0.0230093
0.0234464
0.0238695
0.0242786
0.0246738
0.0250553
0.0254231
0.0257773
0.0261181
0.0264453
0.0267591
0.0270594
0.027346
0.027619
0.0278783
0.0281237
0.0283552
0.0285729
0.028777
0.028968
0.0291464
0.0293133
0.0294699
0.0296173
0.0297563
0.029887
0.030008
0.0301158
0.0302044
0.0302648
0.0302853
0.0302527
0.0301522
0.0242106
0.0237436
0.0231062
0.0223356
0.021471
0.0205404
0.0195605
0.0185407
0.0174889
0.0164166
0.0153436
0.0143003
0.013328
0.0124731
0.0117796
0.0112795
0.0109865
0.0108954
0.0109853
0.0112269
0.0115882
0.0120389
0.0125533
0.0131104
0.0136938
0.0142911
0.0148932
0.0154935
0.016087
0.0166705
0.0172416
0.0177988
0.018341
0.0188678
0.0193788
0.019874
0.0203536
0.0208176
0.0212666
0.0217006
0.0221202
0.0225257
0.0229173
0.0232956
0.0236606
0.0240127
0.0243521
0.024679
0.0249936
0.025296
0.0255864
0.0258648
0.0261313
0.0263859
0.0266285
0.026859
0.0270775
0.0272838
0.0274779
0.0276599
0.02783
0.0279888
0.0281369
0.0282754
0.0284055
0.0285283
0.0286447
0.0287542
0.0288549
0.0289428
0.0290107
0.0290486
0.0290439
0.0289823
0.0288488
0.0241052
0.0234313
0.0225319
0.0214868
0.0203546
0.0191688
0.0179474
0.0167039
0.0154569
0.014237
0.0130889
0.0120682
0.0112307
0.010619
0.0102521
0.0101227
0.0102026
0.010453
0.0108326
0.0113046
0.0118384
0.0124105
0.0130033
0.0136042
0.0142042
0.0147971
0.0153786
0.0159461
0.0164977
0.0170325
0.01755
0.0180501
0.0185328
0.0189985
0.0194477
0.0198807
0.0202981
0.0207004
0.0210882
0.021462
0.0218223
0.0221696
0.0225043
0.0228267
0.0231373
0.0234363
0.0237241
0.0240008
0.0242667
0.024522
0.0247668
0.0250012
0.0252252
0.0254389
0.0256422
0.0258351
0.0260175
0.0261894
0.0263508
0.0265017
0.0266424
0.0267735
0.0268957
0.0270102
0.0271182
0.0272207
0.0273184
0.0274107
0.0274952
0.027567
0.0276183
0.0276382
0.0276131
0.0275282
0.0273684
0.0239247
0.0229474
0.0217086
0.020339
0.0189108
0.0174579
0.0160015
0.0145679
0.0131992
0.0119556
0.0109061
0.0101111
0.00960357
0.0093806
0.0094088
0.00963812
0.0100157
0.0104949
0.0110383
0.0116184
0.0122156
0.0128162
0.0134111
0.0139944
0.0145623
0.0151126
0.015644
0.0161559
0.0166484
0.0171218
0.0175765
0.0180131
0.0184323
0.0188348
0.0192214
0.0195928
0.0199496
0.0202925
0.0206223
0.0209393
0.0212443
0.0215377
0.0218199
0.0220914
0.0223524
0.0226034
0.0228446
0.0230763
0.0232987
0.023512
0.0237162
0.0239115
0.024098
0.0242757
0.0244445
0.0246045
0.0247555
0.0248975
0.0250304
0.0251545
0.02527
0.0253775
0.0254778
0.025572
0.0256615
0.0257472
0.0258296
0.0259078
0.0259792
0.0260381
0.0260762
0.0260818
0.0260408
0.0259381
0.0257584
0.0236319
0.0222386
0.020592
0.0188676
0.0171386
0.0154372
0.0137959
0.0122677
0.0109275
0.0098566
0.00911452
0.00871637
0.00863081
0.00879691
0.00914588
0.00961631
0.0101603
0.0107434
0.0113421
0.0119411
0.0125304
0.0131041
0.0136586
0.0141921
0.0147038
0.0151937
0.015662
0.0161096
0.0165373
0.0169458
0.0173363
0.0177096
0.0180666
0.0184083
0.0187354
0.0190489
0.0193493
0.0196374
0.0199139
0.0201793
0.0204342
0.020679
0.0209142
0.02114
0.021357
0.0215654
0.0217655
0.0219575
0.0221416
0.0223179
0.0224867
0.022648
0.0228018
0.0229481
0.0230871
0.0232185
0.0233424
0.0234587
0.0235673
0.0236685
0.0237625
0.0238499
0.0239317
0.024009
0.024083
0.0241548
0.0242246
0.0242914
0.024352
0.0244007
0.0244284
0.0244232
0.0243705
0.0242551
0.024062
0.0231803
0.021255
0.0191554
0.0170758
0.0150755
0.0131895
0.0114763
0.0100234
0.00892264
0.00822801
0.00793002
0.00796429
0.00824265
0.0086813
0.00921438
0.00979562
0.0103946
0.0109924
0.0115774
0.0121431
0.012686
0.0132045
0.0136983
0.0141677
0.0146136
0.0150371
0.0154393
0.0158215
0.0161848
0.0165304
0.0168595
0.0171731
0.0174722
0.0177577
0.0180304
0.0182912
0.0185407
0.0187795
0.0190084
0.0192278
0.0194383
0.0196402
0.0198339
0.0200198
0.0201982
0.0203694
0.0205337
0.0206912
0.0208421
0.0209865
0.0211246
0.0212565
0.0213822
0.0215017
0.021615
0.021722
0.0218228
0.0219171
0.0220051
0.0220869
0.0221628
0.0222334
0.0222997
0.0223628
0.022424
0.0224841
0.0225435
0.0226008
0.0226528
0.0226933
0.0227132
0.0227001
0.0226396
0.0225165
0.0223162
0.0225166
0.019959
0.0173989
0.0150028
0.0128069
0.0108615
0.00925981
0.00810193
0.00743379
0.00721587
0.00734688
0.00771161
0.00821381
0.00878559
0.00938359
0.0099818
0.0105653
0.0111262
0.0116606
0.012167
0.0126456
0.0130971
0.0135229
0.0139244
0.0143032
0.014661
0.014999
0.0153189
0.0156219
0.0159092
0.016182
0.0164413
0.0166881
0.0169231
0.0171473
0.0173613
0.0175658
0.0177613
0.0179484
0.0181277
0.0182994
0.018464
0.0186217
0.018773
0.0189182
0.0190574
0.0191908
0.0193187
0.0194411
0.0195583
0.0196702
0.019777
0.0198788
0.0199754
0.020067
0.0201533
0.0202345
0.0203104
0.020381
0.0204465
0.0205072
0.0205638
0.0206172
0.0206686
0.020719
0.0207695
0.0208202
0.0208697
0.0209146
0.0209487
0.0209628
0.0209446
0.0208799
0.0207537
0.0205521
0.021586
0.0183353
0.0153564
0.0127304
0.0104721
0.00865899
0.00739448
0.00671592
0.0065496
0.00675241
0.00718033
0.00772518
0.00831785
0.00891816
0.00950422
0.0100649
0.0105953
0.0110939
0.0115609
0.0119978
0.0124064
0.0127886
0.0131465
0.013482
0.013797
0.0140931
0.0143719
0.0146348
0.0148832
0.0151181
0.0153407
0.0155518
0.0157524
0.0159432
0.0161249
0.0162981
0.0164635
0.0166215
0.0167726
0.0169172
0.0170556
0.0171881
0.0173152
0.017437
0.0175537
0.0176656
0.0177729
0.0178756
0.0179739
0.018068
0.0181578
0.0182434
0.018325
0.0184024
0.0184757
0.0185447
0.0186095
0.0186699
0.0187261
0.0187781
0.0188262
0.0188712
0.0189139
0.0189555
0.018997
0.0190395
0.0190828
0.0191257
0.0191648
0.0191939
0.0192039
0.019183
0.0191173
0.0189925
0.0187951
0.02034
0.0163994
0.0130999
0.0103851
0.00826007
0.00681057
0.00606552
0.005914
0.00616319
0.00663475
0.00720653
0.00780755
0.00840042
0.00896701
0.00949957
0.00999581
0.0104562
0.0108827
0.0112777
0.0116437
0.0119834
0.0122992
0.0125933
0.0128678
0.0131244
0.0133649
0.0135907
0.013803
0.0140031
0.0141921
0.0143708
0.01454
0.0147006
0.0148532
0.0149984
0.0151367
0.0152686
0.0153946
0.0155149
0.01563
0.0157402
0.0158457
0.0159467
0.0160435
0.0161363
0.0162253
0.0163105
0.0163921
0.0164702
0.0165449
0.0166162
0.0166842
0.0167489
0.0168102
0.0168683
0.0169229
0.0169741
0.0170218
0.017066
0.0171068
0.0171446
0.0171801
0.017214
0.0172474
0.0172816
0.0173172
0.0173543
0.0173915
0.0174257
0.0174508
0.0174582
0.0174366
0.0173728
0.0172531
0.0170651
0.0187468
0.0142036
0.0107404
0.00813539
0.00638082
0.00548578
0.00530019
0.00556891
0.00606785
0.0066553
0.00725637
0.00783565
0.00837832
0.00887971
0.00933996
0.00976142
0.0101473
0.0105009
0.0108256
0.0111245
0.0114002
0.0116552
0.0118917
0.0121116
0.0123165
0.0125081
0.0126875
0.0128559
0.0130143
0.0131637
0.0133048
0.0134382
0.0135648
0.0136849
0.0137991
0.0139078
0.0140115
0.0141105
0.014205
0.0142954
0.0143818
0.0144646
0.0145439
0.0146199
0.0146927
0.0147625
0.0148294
0.0148935
0.0149547
0.0150133
0.0150693
0.0151226
0.0151734
0.0152215
0.015267
0.0153098
0.0153498
0.015387
0.0154214
0.0154531
0.0154825
0.0155102
0.0155369
0.0155637
0.0155915
0.0156213
0.0156529
0.0156853
0.0157151
0.015737
0.0157429
0.0157222
0.0156626
0.0155515
0.015377
0.0168034
0.0118383
0.00842427
0.00617248
0.00499947
0.0047092
0.00496549
0.00547744
0.00607288
0.00666903
0.00723126
0.00774764
0.00821641
0.00864003
0.00902258
0.00936849
0.009682
0.009967
0.0102269
0.0104648
0.0106832
0.0108844
0.0110704
0.0112428
0.0114031
0.0115526
0.0116923
0.0118233
0.0119463
0.0120622
0.0121715
0.0122749
0.0123728
0.0124657
0.0125541
0.0126381
0.0127183
0.0127948
0.0128679
0.0129377
0.0130046
0.0130686
0.0131299
0.0131887
0.013245
0.013299
0.0133508
0.0134004
0.0134478
0.0134932
0.0135365
0.0135779
0.0136172
0.0136545
0.0136897
0.0137228
0.0137537
0.0137824
0.0138088
0.0138332
0.0138558
0.0138772
0.013898
0.0139193
0.0139419
0.0139666
0.0139934
0.0140213
0.0140473
0.0140665
0.0140717
0.014053
0.0139995
0.0138995
0.0137421
0.014546
0.00942907
0.00632284
0.0046639
0.0041562
0.00435459
0.00486448
0.00546279
0.00605172
0.00659547
0.00708469
0.00752045
0.00790758
0.00825186
0.00855892
0.00883382
0.00908099
0.0093042
0.00950664
0.00969104
0.00985969
0.0100145
0.0101572
0.0102892
0.0104117
0.0105257
0.0106321
0.0107317
0.0108253
0.0109132
0.0109962
0.0110747
0.011149
0.0112194
0.0112864
0.0113502
0.011411
0.0114691
0.0115246
0.0115776
0.0116284
0.011677
0.0117236
0.0117683
0.0118112
0.0118524
0.0118918
0.0119296
0.0119658
0.0120004
0.0120335
0.0120651
0.0120951
0.0121236
0.0121505
0.0121758
0.0121994
0.0122212
0.0122413
0.0122598
0.012277
0.0122933
0.0123094
0.0123261
0.0123443
0.0123646
0.012387
0.0124107
0.0124332
0.0124501
0.0124548
0.0124391
0.0123928
0.0123056
0.0121679
0.0120585
0.00712909
0.00460496
0.00368212
0.00374525
0.0042321
0.00482949
0.00541102
0.00593653
0.00639878
0.00680186
0.00715309
0.00746005
0.00772958
0.00796756
0.00817887
0.00836758
0.00853703
0.00869001
0.00882879
0.00895531
0.00907114
0.00917765
0.00927596
0.00936704
0.00945172
0.00953069
0.00960457
0.00967387
0.00973907
0.00980055
0.00985866
0.0099137
0.00996594
0.0100156
0.0100629
0.0101081
0.0101512
0.0101924
0.0102319
0.0102697
0.0103059
0.0103407
0.010374
0.010406
0.0104368
0.0104663
0.0104946
0.0105218
0.0105477
0.0105726
0.0105963
0.0106189
0.0106403
0.0106606
0.0106796
0.0106973
0.0107137
0.0107288
0.0107426
0.0107555
0.0107678
0.01078
0.010793
0.0108074
0.0108238
0.0108423
0.0108622
0.0108813
0.0108959
0.0109005
0.0108879
0.0108494
0.0107762
0.0106595
0.00947284
0.00510404
0.00338476
0.00316083
0.00358575
0.0041775
0.00475325
0.00526217
0.00569849
0.00606964
0.00638579
0.00665649
0.0068899
0.00709265
0.00727012
0.00742658
0.00756548
0.0076896
0.00780119
0.00790209
0.00799381
0.0080776
0.00815449
0.00822537
0.00829096
0.00835189
0.00840869
0.00846181
0.00851164
0.00855853
0.00860276
0.00864458
0.00868423
0.00872189
0.00875773
0.00879191
0.00882455
0.00885576
0.00888563
0.00891425
0.00894169
0.00896804
0.00899335
0.00901768
0.00904107
0.00906356
0.00908518
0.00910594
0.00912587
0.00914497
0.00916327
0.00918075
0.00919741
0.00921324
0.0092282
0.00924225
0.00925535
0.00926747
0.00927861
0.00928885
0.00929836
0.00930748
0.00931668
0.00932657
0.00933777
0.00935079
0.00936572
0.00938194
0.00939779
0.00941022
0.00941469
0.00940517
0.00937453
0.00931526
0.00921995
0.00696228
0.00350386
0.0026611
0.00293606
0.00351106
0.004084
0.0045794
0.0049915
0.00533172
0.00561362
0.00584911
0.00604773
0.00621695
0.00636255
0.006489
0.00659976
0.00669757
0.00678459
0.00686254
0.00693283
0.00699656
0.00705469
0.00710796
0.00715701
0.00720239
0.00724452
0.00728381
0.00732056
0.00735506
0.00738754
0.00741822
0.00744726
0.00747482
0.00750105
0.00752605
0.00754992
0.00757277
0.00759465
0.00761562
0.00763575
0.00765509
0.0076737
0.00769161
0.00770886
0.00772548
0.00774149
0.00775691
0.00777176
0.00778603
0.00779974
0.0078129
0.00782549
0.00783751
0.00784895
0.00785978
0.00786996
0.00787947
0.00788826
0.00789634
0.00790377
0.00791069
0.00791736
0.00792415
0.00793156
0.00794009
0.00795015
0.00796185
0.00797473
0.00798748
0.00799774
0.00800191
0.00799519
0.00797188
0.00792592
0.00785122
0.00472193
0.00241259
0.00231024
0.0028345
0.00340776
0.00389434
0.00428463
0.00459496
0.00484331
0.00504442
0.00520949
0.00534679
0.00546248
0.00556112
0.00564615
0.00572019
0.00578525
0.0058429
0.00589438
0.00594068
0.00598259
0.00602076
0.00605572
0.0060879
0.00611767
0.00614534
0.00617115
0.00619533
0.00621806
0.0062395
0.00625978
0.00627903
0.00629734
0.0063148
0.00633149
0.00634748
0.00636281
0.00637754
0.00639168
0.0064053
0.00641842
0.00643108
0.0064433
0.0064551
0.00646651
0.00647754
0.00648819
0.00649847
0.00650838
0.00651793
0.00652712
0.00653593
0.00654437
0.00655243
0.00656007
0.00656727
0.006574
0.00658024
0.00658599
0.00659128
0.00659623
0.00660102
0.00660594
0.00661137
0.00661769
0.00662523
0.00663409
0.00664394
0.00665382
0.00666196
0.00666564
0.00666124
0.0066444
0.00661046
0.00655463
0.00293379
0.00179532
0.00215579
0.0027275
0.00321222
0.00358393
0.00386531
0.00408045
0.00424775
0.00438029
0.00448722
0.00457495
0.00464805
0.0047098
0.00476265
0.00480838
0.00484838
0.00488368
0.00491512
0.00494334
0.00496885
0.00499207
0.00501335
0.00503294
0.00505109
0.00506799
0.00508379
0.00509863
0.00511261
0.00512585
0.00513842
0.00515039
0.00516182
0.00517276
0.00518327
0.00519337
0.00520311
0.00521249
0.00522154
0.00523028
0.00523875
0.00524695
0.0052549
0.00526262
0.00527011
0.00527738
0.00528443
0.00529127
0.00529789
0.00530429
0.00531047
0.00531642
0.00532214
0.00532762
0.00533284
0.00533778
0.00534242
0.00534673
0.00535072
0.00535441
0.00535788
0.00536125
0.00536474
0.00536861
0.00537315
0.00537859
0.00538502
0.00539222
0.00539952
0.00540566
0.00540872
0.0054061
0.00539466
0.005371
0.00533162
0.00170896
0.00150482
0.0020444
0.00253723
0.00289507
0.00314817
0.00332982
0.00346341
0.00356428
0.00364235
0.00370417
0.00375413
0.00379524
0.00382961
0.00385877
0.00388384
0.00390565
0.00392483
0.00394186
0.00395713
0.00397093
0.0039835
0.00399503
0.00400568
0.00401558
0.00402484
0.00403353
0.00404173
0.00404951
0.00405692
0.00406399
0.00407078
0.0040773
0.00408359
0.00408967
0.00409556
0.00410127
0.0041068
0.00411218
0.00411741
0.0041225
0.00412747
0.00413233
0.00413707
0.0041417
0.00414622
0.00415063
0.00415494
0.00415913
0.00416321
0.00416717
0.004171
0.00417471
0.00417828
0.0041817
0.00418496
0.00418804
0.00419092
0.0041936
0.0041961
0.00419846
0.00420078
0.00420319
0.00420586
0.00420899
0.00421273
0.00421716
0.00422213
0.00422721
0.00423157
0.00423394
0.00423258
0.00422541
0.00421014
0.00418436
0.00102197
0.00136042
0.00187193
0.00222402
0.00244908
0.00259591
0.00269532
0.00276524
0.00281618
0.00285447
0.00288405
0.00290745
0.00292637
0.00294196
0.00295502
0.00296614
0.00297574
0.00298414
0.00299158
0.00299825
0.00300429
0.00300981
0.00301491
0.00301965
0.00302409
0.00302829
0.00303227
0.00303608
0.00303973
0.00304325
0.00304666
0.00304997
0.0030532
0.00305635
0.00305944
0.00306247
0.00306544
0.00306835
0.00307121
0.00307402
0.00307679
0.00307953
0.00308223
0.00308489
0.00308752
0.00309011
0.00309266
0.00309517
0.00309764
0.00310006
0.00310243
0.00310475
0.003107
0.0031092
0.00311131
0.00311335
0.00311528
0.00311712
0.00311884
0.00312047
0.00312203
0.00312356
0.00312516
0.00312692
0.00312895
0.00313137
0.00313421
0.00313738
0.00314064
0.00314349
0.00314518
0.00314467
0.0031407
0.00313188
0.00311677
0.00071366
0.00121543
0.00157851
0.00177563
0.00188461
0.00194865
0.00198855
0.00201472
0.00203262
0.00204532
0.00205461
0.0020616
0.002067
0.00207126
0.00207471
0.00207756
0.00207997
0.00208205
0.00208389
0.00208554
0.00208706
0.00208847
0.00208981
0.0020911
0.00209235
0.00209357
0.00209478
0.00209598
0.00209717
0.00209837
0.00209958
0.00210079
0.00210201
0.00210324
0.00210448
0.00210573
0.00210699
0.00210825
0.00210952
0.0021108
0.00211208
0.00211337
0.00211467
0.00211597
0.00211728
0.00211859
0.0021199
0.00212121
0.00212251
0.00212381
0.00212509
0.00212636
0.00212761
0.00212884
0.00213004
0.00213121
0.00213234
0.00213343
0.00213447
0.00213546
0.00213643
0.00213738
0.00213837
0.00213944
0.00214066
0.00214206
0.00214368
0.00214547
0.00214731
0.00214896
0.00215004
0.00215003
0.0021483
0.00214412
0.00213678
0.000607514
0.000974735
0.00114433
0.00120912
0.00123574
0.00124751
0.00125278
0.00125492
0.00125547
0.00125521
0.00125452
0.00125362
0.00125265
0.00125168
0.00125073
0.00124985
0.00124904
0.0012483
0.00124765
0.00124708
0.00124659
0.00124617
0.00124583
0.00124555
0.00124534
0.0012452
0.00124511
0.00124508
0.0012451
0.00124517
0.00124529
0.00124545
0.00124565
0.00124589
0.00124617
0.00124648
0.00124682
0.00124718
0.00124757
0.00124799
0.00124843
0.00124889
0.00124937
0.00124987
0.00125039
0.00125093
0.00125147
0.00125204
0.00125261
0.00125319
0.00125377
0.00125436
0.00125495
0.00125555
0.00125614
0.00125672
0.0012573
0.00125786
0.00125841
0.00125895
0.00125948
0.00126001
0.00126055
0.00126112
0.00126173
0.00126241
0.00126316
0.00126397
0.0012648
0.00126556
0.00126613
0.00126633
0.00126593
0.00126466
0.00126229
0.000506411
0.000492149
0.000480643
0.000472531
0.000466284
0.000461356
0.00045739
0.000454134
0.000451416
0.000449115
0.000447145
0.000445444
0.000443964
0.00044267
0.000441533
0.00044053
0.000439645
0.000438861
0.000438167
0.000437552
0.000437007
0.000436526
0.000436101
0.000435728
0.000435401
0.000435117
0.000434871
0.000434661
0.000434483
0.000434335
0.000434215
0.00043412
0.000434049
0.000434
0.000433971
0.000433961
0.000433968
0.000433992
0.000434031
0.000434085
0.000434152
0.000434231
0.000434322
0.000434423
0.000434535
0.000434655
0.000434785
0.000434922
0.000435067
0.000435218
0.000435374
0.000435537
0.000435703
0.000435874
0.000436047
0.000436223
0.000436401
0.000436579
0.000436757
0.000436936
0.000437113
0.000437291
0.000437468
0.000437646
0.000437826
0.000438007
0.000438189
0.000438369
0.000438541
0.000438698
0.000438826
0.00043891
0.000438933
0.000438876
0.000438726
)
;

boundaryField
{
    lowerWall
    {
        type            nutkWallFunction;
        Cmu             0.09;
        kappa           0.41;
        E               9.8;
        value           nonuniform List<scalar> 
75
(
6.12961e-05
5.95672e-05
5.81686e-05
5.71801e-05
5.64177e-05
5.58154e-05
5.53301e-05
5.49314e-05
5.45982e-05
5.4316e-05
5.40742e-05
5.38653e-05
5.36836e-05
5.35245e-05
5.33848e-05
5.32616e-05
5.31527e-05
5.30563e-05
5.29708e-05
5.28952e-05
5.28282e-05
5.27689e-05
5.27166e-05
5.26707e-05
5.26304e-05
5.25954e-05
5.25652e-05
5.25392e-05
5.25173e-05
5.24991e-05
5.24843e-05
5.24726e-05
5.24639e-05
5.24578e-05
5.24542e-05
5.2453e-05
5.2454e-05
5.24569e-05
5.24617e-05
5.24683e-05
5.24765e-05
5.24863e-05
5.24975e-05
5.251e-05
5.25237e-05
5.25386e-05
5.25545e-05
5.25714e-05
5.25892e-05
5.26078e-05
5.26271e-05
5.26471e-05
5.26676e-05
5.26886e-05
5.271e-05
5.27316e-05
5.27535e-05
5.27755e-05
5.27975e-05
5.28195e-05
5.28414e-05
5.28633e-05
5.28852e-05
5.2907e-05
5.29289e-05
5.29507e-05
5.29722e-05
5.29931e-05
5.30127e-05
5.30299e-05
5.30436e-05
5.30522e-05
5.30541e-05
5.3048e-05
5.30329e-05
)
;
    }
    upperWall
    {
        type            nutkWallFunction;
        Cmu             0.09;
        kappa           0.41;
        E               9.8;
        value           nonuniform List<scalar> 
75
(
6.13382e-05
5.96092e-05
5.821e-05
5.72211e-05
5.64583e-05
5.58556e-05
5.537e-05
5.49711e-05
5.46377e-05
5.43553e-05
5.41134e-05
5.39044e-05
5.37225e-05
5.35634e-05
5.34236e-05
5.33003e-05
5.31913e-05
5.30948e-05
5.30094e-05
5.29336e-05
5.28666e-05
5.28073e-05
5.2755e-05
5.2709e-05
5.26688e-05
5.26337e-05
5.26034e-05
5.25775e-05
5.25556e-05
5.25373e-05
5.25225e-05
5.25108e-05
5.25021e-05
5.2496e-05
5.24924e-05
5.24912e-05
5.24922e-05
5.24951e-05
5.24999e-05
5.25065e-05
5.25147e-05
5.25245e-05
5.25357e-05
5.25482e-05
5.25619e-05
5.25768e-05
5.25928e-05
5.26097e-05
5.26275e-05
5.26461e-05
5.26654e-05
5.26854e-05
5.27059e-05
5.27269e-05
5.27483e-05
5.277e-05
5.27919e-05
5.28138e-05
5.28358e-05
5.28578e-05
5.28798e-05
5.29017e-05
5.29236e-05
5.29455e-05
5.29676e-05
5.29897e-05
5.30116e-05
5.3033e-05
5.30531e-05
5.30708e-05
5.30847e-05
5.30931e-05
5.30943e-05
5.30863e-05
5.30681e-05
)
;
    }
    inlet
    {
        type            calculated;
        value           uniform 0.0245118;
    }
    outlet
    {
        type            calculated;
        value           nonuniform List<scalar> 
60
(
0.000438426
0.00126132
0.00213513
0.00311446
0.00418148
0.00532836
0.00655125
0.00784804
0.00921733
0.0106578
0.0121673
0.0137429
0.0153792
0.0170686
0.0187997
0.0205576
0.0223221
0.0240681
0.0257643
0.0273737
0.0288534
0.030156
0.0312328
0.0320403
0.0325528
0.0327857
0.0328313
0.0328886
0.0331898
0.03365
0.0336525
0.0331954
0.0328938
0.0328346
0.0327871
0.0325525
0.0320387
0.0312301
0.0301522
0.0288488
0.0273684
0.0257584
0.024062
0.0223162
0.0205521
0.0187951
0.0170651
0.015377
0.0137421
0.0121679
0.0106595
0.00921995
0.00785122
0.00655463
0.00533162
0.00418436
0.00311677
0.00213678
0.00126229
0.000438726
)
;
    }
    frontAndBack
    {
        type            empty;
    }
}


// ************************************************************************* //
