/*--------------------------------*- C++ -*----------------------------------*\
  =========                 |
  \\      /  F ield         | OpenFOAM: The Open Source CFD Toolbox
   \\    /   O peration     | Website:  https://openfoam.org
    \\  /    A nd           | Version:  7
     \\/     M anipulation  |
\*---------------------------------------------------------------------------*/
FoamFile
{
    version     2.0;
    format      ascii;
    class       volScalarField;
    location    "200";
    object      nut;
}
// * * * * * * * * * * * * * * * * * * * * * * * * * * * * * * * * * * * * * //

dimensions      [0 2 -1 0 0 0 0];

internalField   nonuniform List<scalar> 
4500
(
0.000506063
0.000491802
0.000480302
0.000472197
0.000465961
0.000461097
0.000457488
0.000457952
0.000472498
0.000497819
0.000521775
0.000540803
0.000556028
0.00056886
0.000580072
0.000589985
0.000598645
0.000605977
0.000611908
0.000616458
0.000619759
0.000622037
0.000623537
0.000624489
0.000625074
0.000625426
0.00062563
0.000625748
0.000625813
0.000625849
0.000625869
0.000625879
0.000625879
0.000625874
0.000625863
0.000625846
0.000625819
0.000625788
0.000625749
0.000625703
0.000625645
0.000625586
0.000625522
0.000625453
0.000625372
0.000625287
0.00062521
0.000625144
0.000625087
0.000625029
0.000624968
0.000624921
0.000624896
0.000624885
0.00062487
0.00062484
0.000624789
0.000624741
0.000624701
0.000624671
0.000624646
0.000624616
0.000624593
0.000624581
0.000624572
0.00062456
0.000624536
0.000624503
0.000624468
0.000624445
0.000624446
0.000624478
0.000624548
0.000624641
0.000624749
0.00060732
0.000974327
0.00114372
0.00120841
0.00123503
0.00124699
0.00125361
0.00127481
0.00139843
0.00167867
0.00203533
0.00235336
0.00260483
0.0028047
0.00296903
0.00310724
0.00322337
0.00331848
0.00339306
0.00344853
0.00348766
0.00351402
0.0035311
0.00354184
0.00354841
0.00355233
0.0035546
0.00355589
0.00355659
0.00355695
0.00355715
0.00355723
0.00355718
0.00355703
0.00355677
0.00355644
0.00355594
0.00355528
0.00355451
0.00355364
0.00355257
0.00355142
0.00355019
0.00354882
0.00354716
0.00354538
0.00354385
0.00354274
0.00354186
0.00354089
0.00353972
0.00353871
0.0035382
0.00353811
0.00353799
0.00353745
0.00353638
0.00353525
0.00353431
0.00353373
0.00353319
0.00353255
0.00353198
0.00353184
0.00353188
0.00353204
0.00353185
0.00353118
0.00353028
0.00352964
0.00352957
0.00353024
0.0035316
0.00353347
0.00353543
0.000713416
0.00121515
0.00157793
0.00177482
0.00188369
0.00194747
0.00198523
0.00204599
0.00241973
0.00337984
0.00454749
0.0054899
0.00618174
0.00671091
0.00713881
0.00749661
0.00779743
0.00804526
0.00824175
0.00839016
0.00849671
0.00856973
0.00861771
0.00864817
0.00866694
0.00867821
0.00868478
0.00868853
0.0086906
0.00869167
0.00869225
0.00869252
0.00869243
0.00869205
0.00869143
0.00869061
0.00868935
0.00868769
0.00868578
0.00868361
0.00868094
0.00867804
0.00867497
0.00867151
0.00866734
0.00866287
0.00865906
0.00865632
0.00865414
0.00865167
0.00864869
0.00864613
0.00864488
0.00864468
0.00864437
0.00864297
0.00864023
0.00863739
0.00863503
0.00863362
0.00863225
0.00863063
0.00862917
0.00862887
0.00862899
0.00862944
0.00862894
0.0086272
0.00862487
0.00862328
0.00862315
0.00862487
0.00862831
0.00863296
0.00863782
0.00102122
0.00136022
0.0018715
0.0022233
0.00244807
0.00259379
0.00268519
0.00281513
0.00360863
0.0056193
0.00785511
0.00953193
0.0107214
0.0116215
0.012349
0.01296
0.013478
0.0139097
0.0142565
0.0145221
0.0147153
0.0148492
0.0149378
0.0149944
0.0150295
0.0150506
0.0150629
0.01507
0.0150739
0.015076
0.0150771
0.0150777
0.0150776
0.015077
0.015076
0.0150747
0.0150727
0.0150701
0.015067
0.0150635
0.0150592
0.0150545
0.0150496
0.015044
0.0150372
0.01503
0.0150239
0.0150194
0.0150158
0.0150118
0.0150069
0.0150027
0.0150006
0.0150002
0.0149997
0.0149974
0.0149929
0.0149884
0.0149846
0.0149823
0.0149801
0.0149774
0.014975
0.0149745
0.0149747
0.0149754
0.0149746
0.0149717
0.014968
0.0149654
0.0149652
0.014968
0.0149734
0.0149808
0.0149886
0.00170703
0.00150446
0.00204416
0.00253671
0.0028941
0.00314491
0.00331165
0.00354584
0.00492596
0.00824217
0.0116423
0.0140823
0.015793
0.0170887
0.0181406
0.0190307
0.0197928
0.0204355
0.0209588
0.0213645
0.0216627
0.021871
0.0220099
0.022099
0.0221543
0.0221877
0.0222074
0.0222186
0.0222249
0.0222283
0.0222301
0.022231
0.022231
0.0222303
0.022229
0.0222273
0.0222246
0.022221
0.0222168
0.0222121
0.0222063
0.0221999
0.0221931
0.0221855
0.0221763
0.0221664
0.0221579
0.0221517
0.0221467
0.0221411
0.0221343
0.0221285
0.0221255
0.0221248
0.022124
0.0221208
0.0221148
0.0221086
0.0221034
0.0221003
0.0220971
0.0220935
0.0220902
0.0220894
0.0220896
0.0220905
0.0220894
0.0220855
0.0220804
0.0220769
0.0220766
0.0220802
0.0220874
0.0220973
0.0221077
0.00293013
0.0017943
0.00215558
0.00272722
0.00321136
0.00357941
0.00383924
0.00421141
0.00631049
0.0110672
0.0156589
0.0188824
0.0211421
0.022862
0.0242663
0.0254631
0.0264979
0.0273806
0.0281079
0.0286783
0.0291016
0.0293995
0.0295993
0.029728
0.0298082
0.0298569
0.0298855
0.029902
0.0299113
0.0299163
0.029919
0.0299203
0.0299205
0.0299197
0.0299182
0.029916
0.0299128
0.0299083
0.0299032
0.0298973
0.02989
0.0298821
0.0298736
0.029864
0.0298524
0.02984
0.0298292
0.0298213
0.0298148
0.0298075
0.0297989
0.0297914
0.0297874
0.0297863
0.0297851
0.0297812
0.0297738
0.029766
0.0297595
0.0297555
0.0297514
0.0297468
0.0297425
0.0297415
0.0297415
0.0297427
0.0297413
0.0297365
0.0297302
0.0297258
0.0297252
0.0297294
0.0297383
0.0297504
0.0297631
0.00471639
0.00241024
0.00230969
0.00283436
0.00340704
0.00388857
0.00425188
0.00478824
0.00768569
0.0139267
0.0197201
0.0237588
0.0266057
0.0287849
0.0305735
0.0321077
0.0334456
0.0345992
0.0355605
0.0363224
0.0368933
0.0372981
0.0375712
0.037748
0.0378587
0.0379259
0.0379657
0.0379887
0.0380017
0.0380087
0.0380125
0.0380144
0.0380149
0.038014
0.0380123
0.0380099
0.0380061
0.0380009
0.0379948
0.0379878
0.0379793
0.0379698
0.0379597
0.0379482
0.0379345
0.0379196
0.0379066
0.0378969
0.0378889
0.03788
0.0378695
0.0378604
0.0378552
0.0378536
0.037852
0.0378473
0.0378386
0.0378295
0.0378216
0.0378167
0.0378117
0.0378061
0.0378009
0.0377995
0.0377994
0.0378006
0.037799
0.0377935
0.0377861
0.0377807
0.0377798
0.0377845
0.0377946
0.0378086
0.0378233
0.00695516
0.00349971
0.00265958
0.00293574
0.0035104
0.00407712
0.00454206
0.00525587
0.00897097
0.0166768
0.0236836
0.028583
0.032065
0.0347448
0.0369534
0.0388578
0.0405312
0.0419884
0.0432158
0.0441992
0.0449432
0.045475
0.0458362
0.0460713
0.046219
0.0463091
0.0463626
0.0463936
0.0464112
0.0464207
0.046426
0.0464287
0.0464294
0.0464287
0.0464268
0.0464241
0.0464199
0.046414
0.0464071
0.0463992
0.0463895
0.0463786
0.0463669
0.0463537
0.0463379
0.0463207
0.0463055
0.0462939
0.0462843
0.0462738
0.0462616
0.0462507
0.0462443
0.0462419
0.0462399
0.0462346
0.0462248
0.0462144
0.0462052
0.0461992
0.0461934
0.0461867
0.0461806
0.0461787
0.0461784
0.0461797
0.046178
0.0461719
0.0461634
0.0461572
0.0461558
0.0461607
0.0461717
0.0461873
0.0462039
0.00946474
0.00509806
0.00338162
0.00315978
0.00358496
0.00416983
0.00471428
0.00560023
0.0100913
0.0191962
0.0274323
0.0332496
0.0374227
0.0406493
0.043317
0.0456267
0.0476697
0.049465
0.0509936
0.0522318
0.0531781
0.0538607
0.0543277
0.0546335
0.0548264
0.0549445
0.0550149
0.0550559
0.0550792
0.055092
0.055099
0.0551027
0.0551039
0.0551033
0.0551014
0.0550985
0.055094
0.0550875
0.0550799
0.0550711
0.0550602
0.0550481
0.055035
0.0550201
0.0550023
0.0549829
0.0549655
0.0549521
0.0549408
0.0549287
0.0549147
0.0549021
0.0548942
0.054891
0.0548884
0.0548826
0.0548718
0.0548602
0.0548498
0.0548428
0.054836
0.0548284
0.0548214
0.0548188
0.0548182
0.0548196
0.0548179
0.0548113
0.0548019
0.0547948
0.0547929
0.0547978
0.0548094
0.0548262
0.0548443
0.0120501
0.00712166
0.00459987
0.00367964
0.00374397
0.00422428
0.00479294
0.00581924
0.0109839
0.0213804
0.030863
0.0376628
0.0425894
0.0464142
0.0495835
0.0523358
0.0547842
0.0569544
0.0588221
0.0603525
0.0615353
0.0623967
0.0629909
0.0633824
0.0636307
0.0637835
0.0638748
0.0639282
0.0639587
0.0639755
0.0639848
0.0639897
0.0639915
0.0639912
0.0639894
0.0639864
0.0639815
0.0639746
0.0639663
0.0639568
0.0639449
0.0639316
0.0639171
0.0639008
0.0638812
0.0638597
0.0638401
0.0638247
0.0638117
0.0637981
0.0637823
0.0637679
0.0637585
0.0637543
0.0637511
0.0637447
0.0637332
0.0637205
0.0637088
0.0637007
0.063693
0.0636845
0.0636765
0.0636732
0.0636722
0.0636736
0.0636719
0.063665
0.0636549
0.0636469
0.0636443
0.063649
0.0636609
0.0636787
0.0636979
0.014538
0.00942081
0.006316
0.00465951
0.00415406
0.0043478
0.00483594
0.00593194
0.0116041
0.023139
0.0338785
0.041729
0.047477
0.0519565
0.0556735
0.0589082
0.0617996
0.0643836
0.0666318
0.0684968
0.0699555
0.0710294
0.0717769
0.0722729
0.0725892
0.0727847
0.0729021
0.072971
0.0730105
0.0730324
0.0730446
0.073051
0.0730537
0.0730537
0.073052
0.073049
0.073044
0.0730367
0.0730279
0.0730176
0.0730049
0.0729906
0.0729749
0.0729571
0.0729358
0.0729124
0.0728907
0.0728733
0.0728586
0.0728433
0.0728258
0.0728096
0.0727986
0.0727932
0.0727892
0.0727824
0.0727702
0.0727566
0.0727438
0.0727346
0.0727259
0.0727164
0.0727074
0.0727034
0.0727019
0.0727032
0.0727016
0.0726945
0.0726838
0.072675
0.0726716
0.0726759
0.0726879
0.0727063
0.0727263
0.0167962
0.0118298
0.00841626
0.00616621
0.00499621
0.0047053
0.00495247
0.00599016
0.0119286
0.0243958
0.036384
0.0453526
0.0519945
0.0571901
0.0615047
0.0652641
0.0686382
0.0716774
0.0743515
0.0765989
0.07838
0.0797066
0.0806391
0.0812627
0.0816629
0.0819114
0.0820613
0.0821496
0.0822005
0.0822289
0.0822446
0.0822531
0.0822569
0.0822574
0.082256
0.0822531
0.0822479
0.0822404
0.0822311
0.0822203
0.0822069
0.0821916
0.0821747
0.0821557
0.0821329
0.0821077
0.082084
0.0820645
0.082048
0.0820311
0.082012
0.081994
0.0819812
0.0819744
0.0819696
0.0819623
0.0819496
0.0819351
0.0819213
0.0819109
0.0819013
0.0818909
0.081881
0.0818761
0.081874
0.0818751
0.0818736
0.0818665
0.0818553
0.0818457
0.0818416
0.0818452
0.0818569
0.0818756
0.0818961
0.0187408
0.0141956
0.0107319
0.00812777
0.00637653
0.00548672
0.00531102
0.00609706
0.0119649
0.0250891
0.0382861
0.0484337
0.0560448
0.0620224
0.0669889
0.0713187
0.0752175
0.078756
0.0819055
0.0845895
0.0867469
0.0883747
0.0895312
0.0903111
0.090815
0.0911294
0.09132
0.0914327
0.0914979
0.0915345
0.0915549
0.0915659
0.091571
0.0915724
0.0915713
0.0915685
0.0915634
0.0915557
0.0915461
0.0915349
0.0915208
0.0915047
0.0914869
0.0914667
0.0914426
0.0914157
0.0913901
0.0913686
0.0913503
0.0913317
0.091311
0.0912911
0.0912765
0.0912681
0.0912624
0.0912546
0.0912415
0.0912264
0.0912115
0.0912001
0.0911894
0.0911781
0.0911673
0.0911615
0.0911587
0.0911596
0.0911581
0.0911511
0.0911397
0.0911294
0.0911243
0.0911271
0.0911383
0.091157
0.0911775
0.0203352
0.0163922
0.0130917
0.0103769
0.00825508
0.00681703
0.00610512
0.00641315
0.0117633
0.0251772
0.0394937
0.0508671
0.059523
0.0663532
0.0720303
0.0769795
0.0814476
0.0855322
0.0892111
0.0923931
0.0949902
0.0969773
0.0984053
0.0993773
0.10001
0.100406
0.100648
0.100791
0.100875
0.100922
0.100948
0.100962
0.100969
0.100971
0.100971
0.100968
0.100963
0.100956
0.100946
0.100934
0.10092
0.100903
0.100884
0.100863
0.100838
0.10081
0.100782
0.100759
0.100738
0.100718
0.100696
0.100674
0.100658
0.100648
0.100641
0.100632
0.100619
0.100603
0.100588
0.100575
0.100563
0.100551
0.10054
0.100533
0.100529
0.10053
0.100528
0.100521
0.10051
0.100499
0.100493
0.100495
0.100505
0.100524
0.100544
0.0215824
0.0183292
0.0153489
0.0127224
0.0104668
0.00866953
0.00745886
0.00713021
0.0114291
0.0246475
0.0399226
0.0525434
0.0623158
0.0700724
0.0765233
0.0821448
0.0872298
0.0919103
0.0961774
0.0999263
0.103037
0.105453
0.107211
0.10842
0.109211
0.109711
0.110016
0.110199
0.110305
0.110365
0.110399
0.110417
0.110427
0.11043
0.11043
0.110428
0.110423
0.110416
0.110406
0.110394
0.110379
0.110362
0.110343
0.110321
0.110295
0.110265
0.110236
0.11021
0.110188
0.110166
0.110143
0.110119
0.110101
0.110089
0.11008
0.110072
0.110058
0.110042
0.110026
0.110012
0.109999
0.109986
0.109974
0.109966
0.109961
0.109961
0.10996
0.109953
0.109942
0.109931
0.109924
0.109924
0.109934
0.109951
0.109971
0.022514
0.0199542
0.0173925
0.0149955
0.0128018
0.0108734
0.00933631
0.0083904
0.0111337
0.0235317
0.0395031
0.0533512
0.0643015
0.0730594
0.0803513
0.0867022
0.0924547
0.0977839
0.102703
0.107097
0.110808
0.113737
0.115897
0.117396
0.118386
0.119014
0.1194
0.119631
0.119766
0.119843
0.119886
0.11991
0.119922
0.119928
0.119929
0.119927
0.119923
0.119915
0.119905
0.119894
0.119879
0.119861
0.119841
0.119819
0.119792
0.119761
0.11973
0.119703
0.119679
0.119656
0.11963
0.119605
0.119585
0.119571
0.119561
0.119551
0.119538
0.119521
0.119504
0.11949
0.119476
0.119462
0.119449
0.11944
0.119434
0.119434
0.119432
0.119426
0.119415
0.119403
0.119396
0.119395
0.119403
0.119419
0.119438
0.0231786
0.0212514
0.0191502
0.0170695
0.0150708
0.0132006
0.0115506
0.0101873
0.0111126
0.0219254
0.0381921
0.0531829
0.065352
0.0751827
0.0833859
0.0905272
0.0970013
0.103035
0.108675
0.113801
0.118213
0.121756
0.124405
0.126263
0.127499
0.128288
0.128775
0.129068
0.129239
0.129338
0.129393
0.129423
0.129439
0.129447
0.129449
0.129448
0.129444
0.129437
0.129428
0.129416
0.129401
0.129383
0.129363
0.12934
0.129312
0.129281
0.129249
0.12922
0.129194
0.129169
0.129142
0.129115
0.129093
0.129077
0.129065
0.129055
0.129041
0.129025
0.129007
0.128992
0.128977
0.128963
0.128948
0.128938
0.128932
0.12893
0.128929
0.128923
0.128912
0.1289
0.128892
0.12889
0.128896
0.128911
0.128928
0.0236308
0.0222361
0.020588
0.0188626
0.0171346
0.015446
0.0138588
0.0123448
0.0116279
0.020012
0.0359937
0.0519439
0.0653361
0.0763011
0.0854865
0.0934824
0.100735
0.107532
0.113967
0.119924
0.125155
0.129433
0.132677
0.134978
0.13652
0.13751
0.138123
0.138493
0.138711
0.138836
0.138906
0.138945
0.138966
0.138976
0.13898
0.13898
0.138976
0.13897
0.138961
0.138949
0.138934
0.138916
0.138896
0.138873
0.138845
0.138813
0.13878
0.13875
0.138722
0.138695
0.138667
0.138639
0.138614
0.138595
0.138582
0.138571
0.138557
0.13854
0.138523
0.138507
0.138491
0.138476
0.138461
0.13845
0.138442
0.13844
0.138438
0.138433
0.138422
0.13841
0.138401
0.138398
0.138403
0.138416
0.138431
0.023924
0.0229457
0.0217058
0.0203352
0.0189075
0.0174641
0.0160495
0.0146031
0.0128542
0.0180848
0.0329877
0.0495694
0.064127
0.0762671
0.0865009
0.095417
0.103508
0.11113
0.118439
0.125337
0.131525
0.136682
0.140653
0.143499
0.145421
0.146661
0.147432
0.147898
0.148173
0.148332
0.148422
0.148471
0.148498
0.148511
0.148517
0.148518
0.148515
0.148509
0.1485
0.148489
0.148474
0.148457
0.148437
0.148413
0.148385
0.148353
0.14832
0.148287
0.148258
0.14823
0.1482
0.14817
0.148143
0.148123
0.148108
0.148095
0.148081
0.148065
0.148047
0.14803
0.148014
0.147998
0.147982
0.14797
0.147961
0.147958
0.147955
0.14795
0.147941
0.147929
0.147919
0.147915
0.147918
0.147929
0.147941
0.0241048
0.0234303
0.02253
0.021484
0.0203521
0.0191728
0.0179812
0.016727
0.0147107
0.0165565
0.02937
0.0460504
0.0616153
0.0749318
0.0862675
0.0961672
0.105158
0.113669
0.121937
0.129901
0.137207
0.143418
0.148273
0.151788
0.15418
0.155729
0.156696
0.157282
0.157628
0.157828
0.157942
0.158004
0.158038
0.158055
0.158063
0.158065
0.158064
0.158058
0.15805
0.158039
0.158025
0.158008
0.157988
0.157964
0.157937
0.157905
0.157871
0.157837
0.157806
0.157776
0.157745
0.157714
0.157685
0.157662
0.157645
0.157631
0.157617
0.1576
0.157583
0.157565
0.157549
0.157533
0.157516
0.157503
0.157493
0.157488
0.157485
0.15748
0.157471
0.15746
0.15745
0.157444
0.157445
0.157454
0.157464
0.0242104
0.023743
0.023105
0.0223338
0.0214692
0.0205427
0.0195829
0.0185634
0.0168321
0.0159154
0.0255005
0.0414763
0.0577324
0.0721567
0.0846208
0.0955586
0.105508
0.114973
0.124294
0.133464
0.142078
0.149551
0.15548
0.159816
0.162783
0.164713
0.16592
0.166653
0.167086
0.167337
0.167479
0.167557
0.1676
0.167622
0.167632
0.167636
0.167635
0.167631
0.167623
0.167613
0.167599
0.167582
0.167562
0.167539
0.167512
0.16748
0.167446
0.167411
0.167379
0.167347
0.167315
0.167283
0.167252
0.167227
0.167207
0.167192
0.167177
0.167161
0.167143
0.167125
0.167109
0.167092
0.167075
0.167061
0.16705
0.167043
0.16704
0.167035
0.167026
0.167015
0.167005
0.166998
0.166997
0.167004
0.167011
0.0242686
0.023933
0.0234831
0.0229279
0.0222877
0.0215841
0.0208389
0.0200458
0.0187935
0.0165168
0.0219448
0.0360982
0.0524893
0.0678345
0.0814008
0.0934112
0.104371
0.114857
0.12533
0.13587
0.146016
0.155001
0.162231
0.167564
0.171231
0.173622
0.17512
0.176029
0.176567
0.176878
0.177054
0.177151
0.177204
0.177232
0.177245
0.17725
0.17725
0.177247
0.17724
0.17723
0.177217
0.177201
0.177181
0.177159
0.177132
0.1771
0.177066
0.177031
0.176997
0.176964
0.17693
0.176897
0.176865
0.176837
0.176815
0.176798
0.176783
0.176766
0.176749
0.176731
0.176714
0.176697
0.17668
0.176665
0.176652
0.176644
0.17664
0.176635
0.176627
0.176616
0.176606
0.176598
0.176596
0.1766
0.176604
0.0242989
0.0240415
0.0237167
0.0233189
0.0228542
0.0223337
0.0217719
0.0211729
0.0203463
0.0181663
0.019457
0.030412
0.0460436
0.0619257
0.0764749
0.0895504
0.101557
0.113126
0.124864
0.136966
0.148914
0.159705
0.1685
0.175032
0.179538
0.182478
0.18432
0.185436
0.186096
0.186477
0.186693
0.186812
0.186876
0.186909
0.186926
0.186933
0.186934
0.186931
0.186925
0.186915
0.186903
0.186887
0.186868
0.186846
0.186819
0.186788
0.186754
0.186718
0.186683
0.186649
0.186614
0.186579
0.186546
0.186516
0.186493
0.186474
0.186457
0.186441
0.186423
0.186406
0.186388
0.186371
0.186354
0.186338
0.186325
0.186315
0.186309
0.186304
0.186296
0.186286
0.186276
0.186267
0.186263
0.186266
0.186268
0.0243137
0.0240993
0.0238516
0.0235602
0.0232228
0.0228426
0.0224272
0.0219832
0.0214501
0.0200555
0.0187446
0.0252385
0.0388033
0.0545267
0.0697738
0.0838278
0.0968839
0.109594
0.122729
0.136627
0.150699
0.163642
0.174297
0.182245
0.187732
0.19131
0.193546
0.194898
0.195696
0.196155
0.196413
0.196555
0.196631
0.196671
0.19669
0.196699
0.196701
0.196698
0.196693
0.196684
0.196672
0.196656
0.196637
0.196615
0.196589
0.196559
0.196525
0.196489
0.196453
0.196417
0.196381
0.196345
0.19631
0.196279
0.196253
0.196233
0.196215
0.196198
0.196181
0.196163
0.196146
0.196129
0.196111
0.196095
0.196081
0.19607
0.196063
0.196056
0.196048
0.196039
0.196028
0.19602
0.196015
0.196016
0.196015
0.0243203
0.0241281
0.0239241
0.0236989
0.0234471
0.0231669
0.0228609
0.0225335
0.0221792
0.0214807
0.0197728
0.0216849
0.0315663
0.0459852
0.061363
0.0761629
0.0902086
0.104108
0.118803
0.134794
0.151378
0.166856
0.179678
0.189251
0.195849
0.200136
0.202806
0.204414
0.205358
0.205898
0.2062
0.206365
0.206453
0.206498
0.20652
0.20653
0.206532
0.20653
0.206524
0.206516
0.206504
0.206488
0.20647
0.206448
0.206422
0.206392
0.206358
0.206321
0.206284
0.206248
0.206211
0.206174
0.206138
0.206105
0.206077
0.206055
0.206036
0.206018
0.206001
0.205983
0.205966
0.205949
0.205932
0.205915
0.2059
0.205888
0.205879
0.205872
0.205864
0.205854
0.205844
0.205835
0.205829
0.20583
0.205827
0.0243232
0.0241413
0.0239602
0.0237729
0.0235739
0.0233597
0.0231295
0.0228853
0.0226354
0.0223106
0.0213535
0.0206369
0.0256175
0.0370842
0.0515738
0.0666272
0.081485
0.096608
0.113088
0.131556
0.151099
0.169497
0.184753
0.196108
0.203897
0.208932
0.212049
0.213915
0.215002
0.21562
0.215962
0.216148
0.216245
0.216294
0.216317
0.216327
0.216329
0.216327
0.216321
0.216312
0.2163
0.216284
0.216265
0.216243
0.216217
0.216187
0.216153
0.216116
0.216078
0.21604
0.216002
0.215964
0.215927
0.215893
0.215864
0.21584
0.215819
0.215801
0.215783
0.215766
0.215749
0.215732
0.215714
0.215698
0.215682
0.215669
0.215659
0.21565
0.215641
0.215631
0.215621
0.215612
0.215607
0.215607
0.215603
0.0243242
0.0241468
0.0239767
0.0238092
0.0236401
0.0234659
0.0232843
0.0230953
0.0229071
0.0227304
0.0223963
0.0215413
0.022423
0.0292433
0.0412347
0.0556122
0.0708985
0.087265
0.105856
0.127286
0.150229
0.171832
0.189651
0.202822
0.211793
0.21755
0.221087
0.223188
0.224401
0.225084
0.225457
0.225656
0.225759
0.225809
0.225832
0.225841
0.225842
0.225838
0.225831
0.225822
0.225809
0.225793
0.225773
0.22575
0.225724
0.225693
0.225658
0.225621
0.225582
0.225543
0.225504
0.225465
0.225427
0.225392
0.225362
0.225337
0.225315
0.225296
0.225277
0.22526
0.225242
0.225225
0.225208
0.225192
0.225176
0.225162
0.225151
0.225141
0.225131
0.22512
0.22511
0.225101
0.225097
0.225097
0.225093
0.0243246
0.024149
0.0239836
0.0238255
0.0236718
0.0235195
0.0233663
0.0232113
0.0230596
0.0229316
0.0228274
0.022571
0.0222037
0.0243627
0.0319928
0.044177
0.0591903
0.0768137
0.0979548
0.122817
0.149389
0.17417
0.1944
0.209217
0.219226
0.2256
0.229483
0.231769
0.233075
0.233799
0.23419
0.234394
0.234496
0.234544
0.234564
0.234571
0.23457
0.234565
0.234557
0.234546
0.234532
0.234515
0.234494
0.23447
0.234442
0.234411
0.234375
0.234337
0.234298
0.234257
0.234217
0.234177
0.234139
0.234104
0.234073
0.234047
0.234024
0.234003
0.233984
0.233966
0.233948
0.233931
0.233914
0.233898
0.233882
0.233868
0.233855
0.233844
0.233833
0.233821
0.233811
0.233803
0.233799
0.233801
0.233797
0.0243248
0.0241497
0.0239862
0.0238321
0.0236854
0.0235439
0.0234055
0.0232692
0.023138
0.0230257
0.0229598
0.0229563
0.0229368
0.0232341
0.0262996
0.0346665
0.0484104
0.0672215
0.0911697
0.119434
0.149203
0.176564
0.198659
0.214713
0.225483
0.232294
0.236412
0.238815
0.240173
0.240916
0.24131
0.24151
0.241607
0.24165
0.241667
0.24167
0.241667
0.24166
0.24165
0.241638
0.241623
0.241605
0.241583
0.241557
0.241528
0.241495
0.241459
0.24142
0.24138
0.241339
0.241297
0.241256
0.241218
0.241182
0.241151
0.241125
0.241101
0.241079
0.241059
0.24104
0.241022
0.241005
0.240988
0.240972
0.240956
0.240942
0.240929
0.240917
0.240904
0.240893
0.240882
0.240874
0.240871
0.240874
0.240871
0.0243248
0.0241499
0.023987
0.0238344
0.0236903
0.023553
0.0234209
0.0232928
0.0231709
0.0230642
0.0229936
0.0230113
0.0232057
0.0236952
0.025203
0.0304364
0.0423953
0.0617685
0.087606
0.117978
0.149569
0.178341
0.201444
0.218162
0.229336
0.236375
0.240611
0.243067
0.244444
0.245191
0.245581
0.245776
0.245867
0.245906
0.245919
0.245919
0.245914
0.245906
0.245895
0.245882
0.245866
0.245847
0.245824
0.245798
0.245768
0.245734
0.245697
0.245657
0.245616
0.245574
0.245532
0.245491
0.245452
0.245417
0.245386
0.245359
0.245334
0.245312
0.245292
0.245272
0.245254
0.245236
0.245219
0.245203
0.245188
0.245174
0.245161
0.245148
0.245135
0.245123
0.245112
0.245104
0.245101
0.245105
0.245103
0.0243248
0.0241499
0.023987
0.0238344
0.0236903
0.023553
0.0234209
0.0232927
0.0231709
0.0230644
0.0229948
0.0230149
0.0232138
0.0237113
0.0252321
0.0304565
0.0423599
0.0616646
0.0874611
0.117831
0.149446
0.178247
0.201375
0.218111
0.229297
0.236343
0.240583
0.243041
0.244418
0.245165
0.245555
0.24575
0.245842
0.24588
0.245893
0.245894
0.245889
0.24588
0.24587
0.245857
0.245841
0.245822
0.245799
0.245773
0.245742
0.245708
0.245671
0.245632
0.245591
0.245549
0.245507
0.245465
0.245427
0.245392
0.245361
0.245334
0.245309
0.245287
0.245266
0.245247
0.245228
0.24521
0.245193
0.245177
0.245163
0.245149
0.245136
0.245123
0.24511
0.245098
0.245087
0.245079
0.245076
0.245079
0.245076
0.0243248
0.0241497
0.0239862
0.0238321
0.0236854
0.0235439
0.0234055
0.0232692
0.023138
0.0230266
0.0229638
0.0229665
0.0229602
0.0232909
0.0263727
0.0346582
0.0482388
0.066882
0.0907326
0.118997
0.148834
0.176282
0.198452
0.21456
0.225363
0.232194
0.236325
0.238733
0.240094
0.240839
0.241233
0.241433
0.24153
0.241573
0.241589
0.241593
0.241589
0.241582
0.241573
0.241561
0.241546
0.241528
0.241506
0.24148
0.241451
0.241417
0.241381
0.241343
0.241303
0.241261
0.241219
0.241179
0.241141
0.241106
0.241075
0.241048
0.241023
0.241001
0.240981
0.240963
0.240944
0.240926
0.240909
0.240893
0.240879
0.240867
0.240854
0.240841
0.240829
0.240817
0.240806
0.240797
0.240792
0.240794
0.24079
0.0243246
0.024149
0.0239836
0.0238256
0.0236718
0.0235195
0.0233663
0.0232112
0.0230596
0.0229332
0.0228325
0.0225843
0.0222568
0.0244708
0.0320497
0.0440662
0.0588588
0.0762756
0.0972907
0.122146
0.148808
0.173714
0.194056
0.208956
0.219019
0.225425
0.229327
0.231624
0.232934
0.233662
0.234054
0.234258
0.23436
0.234408
0.234428
0.234435
0.234434
0.234429
0.234421
0.23441
0.234396
0.234379
0.234358
0.234334
0.234305
0.234273
0.234239
0.234202
0.234163
0.234122
0.234081
0.234041
0.234004
0.23397
0.233939
0.233912
0.233888
0.233867
0.233848
0.23383
0.233811
0.233793
0.233777
0.233761
0.233748
0.233736
0.233723
0.233711
0.233698
0.233687
0.233676
0.233666
0.23366
0.23366
0.233655
0.0243242
0.0241468
0.0239767
0.0238093
0.0236402
0.0234659
0.0232843
0.0230951
0.0229071
0.0227311
0.0223957
0.021567
0.0225413
0.0293672
0.0412171
0.0553746
0.0704264
0.0865897
0.105052
0.126466
0.149497
0.171237
0.189185
0.202456
0.211494
0.217293
0.220856
0.222971
0.224192
0.224878
0.225254
0.225454
0.225557
0.225607
0.22563
0.225639
0.22564
0.225636
0.225629
0.22562
0.225607
0.22559
0.22557
0.225547
0.225519
0.225488
0.225455
0.225419
0.225382
0.225342
0.225302
0.225263
0.225226
0.225193
0.225163
0.225137
0.225113
0.225093
0.225075
0.225058
0.22504
0.225023
0.225006
0.224992
0.224979
0.224966
0.224954
0.224941
0.224929
0.224918
0.224906
0.224897
0.22489
0.224888
0.224882
0.0243232
0.0241413
0.0239602
0.023773
0.023574
0.0233599
0.0231296
0.0228849
0.0226346
0.022304
0.0213418
0.0207242
0.0257947
0.0371723
0.0514543
0.0662691
0.0809036
0.0958446
0.112209
0.13066
0.15028
0.168808
0.184195
0.195655
0.203516
0.208598
0.211744
0.213627
0.214723
0.215346
0.215692
0.215878
0.215976
0.216026
0.216049
0.216059
0.21606
0.216058
0.216052
0.216042
0.21603
0.216014
0.215994
0.215971
0.215944
0.215914
0.215882
0.215848
0.215811
0.215772
0.215733
0.215695
0.21566
0.215628
0.215599
0.215573
0.215551
0.215532
0.215514
0.215498
0.215481
0.215464
0.215448
0.215434
0.215421
0.215409
0.215396
0.215383
0.215371
0.215359
0.215348
0.215338
0.215331
0.215329
0.215323
0.0243203
0.0241281
0.0239241
0.0236991
0.0234473
0.0231673
0.0228611
0.022533
0.0221752
0.0214544
0.0197815
0.0218683
0.0317575
0.0460025
0.0611393
0.0757051
0.0895494
0.103293
0.117892
0.133869
0.150522
0.166117
0.179061
0.188734
0.195403
0.199738
0.202437
0.204063
0.205016
0.205562
0.205868
0.206035
0.206124
0.206169
0.206191
0.206201
0.206202
0.2062
0.206194
0.206185
0.206172
0.206156
0.206137
0.206113
0.206087
0.206057
0.206026
0.205993
0.205957
0.205919
0.20588
0.205844
0.20581
0.205779
0.205752
0.205727
0.205706
0.205687
0.205671
0.205655
0.205639
0.205622
0.205607
0.205593
0.205581
0.205569
0.205555
0.205542
0.205529
0.205518
0.205506
0.205497
0.20549
0.205489
0.205484
0.0243137
0.0240994
0.0238517
0.0235605
0.0232233
0.0228433
0.0224278
0.0219821
0.0214373
0.0200034
0.0188432
0.0254947
0.0389655
0.0544595
0.0694584
0.0832945
0.0961744
0.108755
0.121813
0.135705
0.149839
0.162884
0.173648
0.181687
0.187241
0.190863
0.193126
0.194496
0.195303
0.195768
0.19603
0.196174
0.196251
0.196291
0.196311
0.196319
0.19632
0.196317
0.196311
0.196302
0.196288
0.196272
0.196252
0.196229
0.196202
0.196173
0.196143
0.19611
0.196074
0.196037
0.196
0.195965
0.195933
0.195904
0.195877
0.195854
0.195834
0.195816
0.195801
0.195785
0.195769
0.195753
0.195739
0.195726
0.195714
0.195702
0.195687
0.195673
0.19566
0.195648
0.195638
0.195629
0.195623
0.195622
0.19562
0.024299
0.0240416
0.023717
0.0233195
0.0228551
0.0223349
0.0217728
0.0211706
0.0203157
0.0181199
0.0196767
0.0306963
0.0461496
0.0617761
0.076086
0.0889649
0.10082
0.112282
0.123963
0.136066
0.148071
0.158952
0.167842
0.174453
0.179018
0.181998
0.183865
0.184997
0.185666
0.186053
0.186272
0.186393
0.186457
0.186491
0.186508
0.186515
0.186515
0.186511
0.186504
0.186494
0.18648
0.186463
0.186443
0.186419
0.186392
0.186364
0.186334
0.186302
0.186267
0.18623
0.186194
0.18616
0.18613
0.186103
0.186078
0.186056
0.186037
0.18602
0.186005
0.18599
0.185975
0.185959
0.185946
0.185934
0.185922
0.185909
0.185894
0.185879
0.185866
0.185854
0.185844
0.185836
0.185831
0.185833
0.185833
0.0242687
0.0239333
0.0234837
0.0229289
0.0222892
0.021586
0.0208404
0.0200408
0.0187376
0.0165485
0.0222613
0.0363709
0.0525276
0.0676129
0.0809573
0.0927937
0.103625
0.114025
0.124457
0.135005
0.145205
0.154267
0.161579
0.16698
0.170698
0.173124
0.174643
0.175566
0.176112
0.176428
0.176607
0.176707
0.17676
0.176788
0.176801
0.176806
0.176805
0.176801
0.176793
0.176782
0.176767
0.17675
0.176729
0.176704
0.176678
0.17665
0.176621
0.176589
0.176554
0.176518
0.176483
0.176451
0.176424
0.176398
0.176375
0.176354
0.176335
0.176319
0.176305
0.176291
0.176276
0.176261
0.176249
0.176237
0.176226
0.176212
0.176196
0.17618
0.176167
0.176156
0.176147
0.17614
0.176137
0.17614
0.176144
0.0242105
0.0237435
0.023106
0.0223355
0.0214714
0.0205456
0.0195851
0.0185541
0.0167578
0.0160753
0.0258722
0.0417108
0.0577032
0.0718771
0.0841399
0.094926
0.104767
0.114165
0.123458
0.132642
0.141305
0.148847
0.154845
0.159239
0.162249
0.164208
0.165434
0.166178
0.166618
0.166873
0.167018
0.167098
0.167141
0.167164
0.167174
0.167177
0.167175
0.16717
0.167161
0.16715
0.167134
0.167116
0.167094
0.16707
0.167043
0.167015
0.166987
0.166956
0.166922
0.166886
0.166853
0.166823
0.166798
0.166774
0.166753
0.166732
0.166715
0.166699
0.166686
0.166672
0.166657
0.166643
0.166632
0.166621
0.16661
0.166595
0.166579
0.166562
0.166549
0.166539
0.166531
0.166525
0.166523
0.16653
0.166537
0.0241051
0.0234313
0.0225317
0.0214866
0.0203554
0.0191769
0.0179842
0.0167125
0.0146519
0.0168401
0.029758
0.0462324
0.0615254
0.0746081
0.0857645
0.0955332
0.104434
0.112893
0.121145
0.129127
0.136479
0.142749
0.147662
0.151227
0.153653
0.155227
0.15621
0.156806
0.157158
0.157362
0.157477
0.157542
0.157576
0.157593
0.157601
0.157603
0.157599
0.157593
0.157584
0.157571
0.157556
0.157537
0.157515
0.15749
0.157463
0.157436
0.157409
0.157378
0.157344
0.15731
0.157278
0.15725
0.157227
0.157206
0.157186
0.157166
0.157149
0.157134
0.157122
0.157108
0.157094
0.157081
0.157071
0.15706
0.15705
0.157034
0.157017
0.157
0.156988
0.156978
0.156971
0.156966
0.156967
0.156975
0.156985
0.0239247
0.0229473
0.0217084
0.0203389
0.018912
0.0174696
0.0160533
0.0145851
0.0128618
0.0184594
0.0333621
0.0496946
0.0639859
0.0759127
0.0859886
0.0947925
0.10281
0.110393
0.117694
0.124613
0.130844
0.136052
0.140073
0.142959
0.14491
0.14617
0.146954
0.147429
0.147709
0.147871
0.147962
0.148013
0.14804
0.148054
0.148059
0.148059
0.148055
0.148048
0.148038
0.148025
0.148009
0.147989
0.147967
0.147942
0.147916
0.14789
0.147863
0.147833
0.1478
0.147767
0.147737
0.147711
0.147691
0.147671
0.147652
0.147633
0.147617
0.147603
0.147591
0.147578
0.147564
0.147552
0.147543
0.147532
0.147523
0.147507
0.147489
0.147472
0.14746
0.147451
0.147445
0.147442
0.147444
0.147455
0.147468
0.0236318
0.0222385
0.0205916
0.0188675
0.0171403
0.0154528
0.0138636
0.0123295
0.0117355
0.0204412
0.0363349
0.0520143
0.0651544
0.0759278
0.0849754
0.0928762
0.10007
0.106838
0.113271
0.119251
0.124521
0.128843
0.13213
0.134464
0.13603
0.137037
0.137661
0.138037
0.138259
0.138387
0.138459
0.138499
0.13852
0.13853
0.138534
0.138532
0.138527
0.13852
0.13851
0.138496
0.13848
0.13846
0.138438
0.138413
0.138388
0.138362
0.138336
0.138307
0.138275
0.138242
0.138214
0.138191
0.138173
0.138155
0.138137
0.138119
0.138104
0.13809
0.13808
0.138066
0.138054
0.138042
0.138034
0.138024
0.138015
0.137998
0.13798
0.137963
0.137952
0.137944
0.137939
0.137937
0.137941
0.137954
0.13797
0.0231802
0.0212548
0.019155
0.0170757
0.0150777
0.0132084
0.0115565
0.0101851
0.0113196
0.0223773
0.0384892
0.0532038
0.06514
0.0748005
0.0828846
0.0899461
0.0963729
0.102387
0.10803
0.11318
0.117627
0.121209
0.123893
0.125778
0.127034
0.127837
0.128332
0.12863
0.128805
0.128906
0.128963
0.128994
0.12901
0.129017
0.12902
0.129017
0.129012
0.129004
0.128994
0.128979
0.128963
0.128943
0.128921
0.128896
0.128872
0.128847
0.128823
0.128794
0.128764
0.128732
0.128706
0.128685
0.128669
0.128652
0.128637
0.128619
0.128605
0.128591
0.128581
0.128568
0.128557
0.128545
0.128539
0.128529
0.12852
0.128504
0.128485
0.128468
0.128458
0.128451
0.128447
0.128447
0.128452
0.128467
0.128485
0.0225165
0.0199588
0.0173984
0.0150028
0.0128094
0.0108816
0.00934305
0.00841144
0.0114174
0.0239812
0.0397519
0.0533299
0.0640687
0.0726771
0.0798668
0.0861514
0.0918668
0.0971833
0.10211
0.106527
0.110269
0.113232
0.115421
0.116943
0.117949
0.118587
0.11898
0.119216
0.119353
0.119433
0.119477
0.119501
0.119514
0.119519
0.11952
0.119517
0.119511
0.119503
0.119492
0.119478
0.119461
0.119442
0.119421
0.119396
0.119373
0.119349
0.119326
0.119298
0.119269
0.119239
0.119215
0.119196
0.119182
0.119167
0.119152
0.119135
0.119122
0.119109
0.1191
0.119088
0.119077
0.119066
0.119061
0.119052
0.119043
0.119026
0.119007
0.118991
0.118982
0.118976
0.118973
0.118974
0.118981
0.118997
0.119017
0.0215858
0.018335
0.0153559
0.0127303
0.0104746
0.00867713
0.00746612
0.00717776
0.0117615
0.0250766
0.0401233
0.0524876
0.0620706
0.0696972
0.0760611
0.081628
0.0866845
0.0913579
0.0956348
0.0994057
0.102545
0.104989
0.106772
0.107999
0.108804
0.109312
0.109623
0.109809
0.109917
0.109979
0.110014
0.110033
0.110042
0.110046
0.110046
0.110042
0.110036
0.110027
0.110017
0.110003
0.109986
0.109967
0.109946
0.109923
0.1099
0.109878
0.109856
0.109829
0.109802
0.109773
0.109751
0.109734
0.109723
0.109709
0.109696
0.109679
0.109666
0.109654
0.109646
0.109634
0.109624
0.109614
0.109609
0.109601
0.109593
0.109576
0.109557
0.109541
0.109534
0.109529
0.109527
0.109529
0.109537
0.109554
0.109576
0.0203398
0.0163991
0.0130994
0.010385
0.00826223
0.00682307
0.00611222
0.00648195
0.0121192
0.0255743
0.0396493
0.0507844
0.0592727
0.065991
0.0715946
0.0764993
0.0809461
0.0850279
0.088718
0.0919205
0.0945425
0.0965539
0.0980025
0.0989898
0.0996326
0.100036
0.100282
0.100428
0.100513
0.100562
0.100589
0.100604
0.100611
0.100613
0.100613
0.100608
0.100602
0.100593
0.100583
0.100569
0.100553
0.100534
0.100515
0.100492
0.100471
0.100449
0.100429
0.100404
0.100378
0.100351
0.100331
0.100316
0.100307
0.100294
0.100281
0.100266
0.100254
0.100242
0.100235
0.100223
0.100214
0.100205
0.100201
0.100193
0.100186
0.100169
0.10015
0.100135
0.100129
0.100125
0.100124
0.100126
0.100136
0.100154
0.100176
0.0187466
0.0142033
0.0107398
0.00813532
0.00638223
0.0054906
0.0053173
0.00617791
0.012324
0.0254475
0.0384011
0.0483313
0.0557957
0.0616777
0.0665828
0.0708769
0.0747602
0.078299
0.0814603
0.0841633
0.0863425
0.0879909
0.0891644
0.089957
0.0904693
0.0907893
0.0909832
0.0910981
0.0911648
0.0912027
0.0912241
0.0912352
0.0912404
0.0912418
0.0912408
0.0912361
0.0912297
0.0912211
0.0912114
0.0911974
0.0911822
0.0911638
0.0911453
0.0911237
0.0911039
0.0910838
0.0910651
0.091041
0.0910168
0.0909917
0.0909741
0.0909609
0.0909532
0.0909416
0.0909302
0.0909151
0.090904
0.0908932
0.0908867
0.0908759
0.0908674
0.0908589
0.0908563
0.0908487
0.0908418
0.0908246
0.0908071
0.0907928
0.0907876
0.0907845
0.0907843
0.0907874
0.0907975
0.0908163
0.0908389
0.0168031
0.011838
0.00842379
0.0061724
0.00499998
0.00470713
0.00495765
0.00607473
0.0122752
0.0247122
0.036464
0.045237
0.0517519
0.0568665
0.0611303
0.0648615
0.0682249
0.0712667
0.0739525
0.0762172
0.078017
0.0793611
0.0803077
0.0809416
0.0813486
0.0816015
0.0817541
0.0818441
0.0818962
0.0819258
0.0819424
0.0819509
0.0819546
0.0819553
0.0819539
0.0819491
0.0819427
0.0819343
0.081925
0.0819116
0.0818971
0.0818796
0.0818622
0.0818418
0.0818235
0.0818048
0.0817877
0.0817651
0.0817427
0.0817195
0.0817039
0.0816925
0.0816864
0.0816759
0.0816655
0.0816511
0.0816408
0.0816308
0.0816251
0.0816149
0.0816072
0.0815995
0.0815977
0.0815906
0.0815842
0.0815675
0.0815507
0.0815374
0.0815333
0.0815309
0.0815313
0.081535
0.0815457
0.0815646
0.0815872
0.0145457
0.00942877
0.00632245
0.00466381
0.00415599
0.00434825
0.00484014
0.00601426
0.0119265
0.0234129
0.033929
0.041606
0.0472452
0.051657
0.0553324
0.0585451
0.0614295
0.0640176
0.0662771
0.0681575
0.0696324
0.0707209
0.0714799
0.0719843
0.0723061
0.072505
0.0726245
0.0726948
0.0727353
0.0727583
0.0727712
0.0727776
0.0727803
0.0727803
0.0727787
0.0727739
0.0727677
0.0727597
0.0727509
0.0727381
0.0727244
0.072708
0.0726918
0.0726728
0.072656
0.0726388
0.0726233
0.0726024
0.0725818
0.0725606
0.0725469
0.0725372
0.0725325
0.072523
0.0725136
0.0725001
0.0724906
0.0724814
0.0724764
0.072467
0.0724602
0.0724532
0.0724521
0.0724455
0.0724396
0.0724235
0.0724076
0.0723953
0.0723922
0.0723906
0.0723915
0.0723956
0.0724065
0.0724253
0.0724474
0.0120582
0.00712883
0.00460469
0.00368204
0.00374466
0.00422411
0.00479639
0.00589524
0.0112732
0.0216129
0.0308897
0.0375377
0.0423719
0.0461408
0.0492766
0.0520122
0.0544565
0.0566316
0.0585098
0.0600537
0.0612502
0.0621237
0.0627274
0.0631257
0.0633783
0.0635337
0.0636267
0.0636812
0.0637125
0.0637303
0.0637403
0.0637451
0.0637469
0.0637466
0.0637448
0.0637401
0.0637342
0.0637266
0.0637184
0.0637064
0.0636938
0.0636785
0.0636637
0.0636462
0.063631
0.0636153
0.0636015
0.0635823
0.0635637
0.0635444
0.0635326
0.0635244
0.0635209
0.0635126
0.0635041
0.0634915
0.0634829
0.0634744
0.0634702
0.0634616
0.0634556
0.0634493
0.0634488
0.0634428
0.0634374
0.0634221
0.0634073
0.0633962
0.0633939
0.0633928
0.0633943
0.0633986
0.0634095
0.0634277
0.063449
0.00947255
0.00510384
0.00338459
0.00316078
0.00358508
0.0041696
0.00471718
0.00566703
0.0103417
0.0193895
0.0274407
0.033127
0.0372228
0.0404037
0.0430448
0.045342
0.0473832
0.0491838
0.0507219
0.0519717
0.0529295
0.053622
0.0540967
0.0544078
0.0546042
0.0547244
0.0547961
0.0548379
0.0548619
0.0548755
0.0548832
0.0548867
0.0548879
0.0548873
0.0548855
0.054881
0.0548755
0.0548685
0.054861
0.0548498
0.0548383
0.0548244
0.054811
0.0547951
0.0547815
0.0547676
0.0547553
0.0547381
0.0547214
0.0547042
0.0546941
0.0546874
0.0546849
0.0546775
0.05467
0.0546584
0.0546507
0.0546431
0.0546396
0.0546318
0.0546266
0.0546211
0.054621
0.0546156
0.0546108
0.0545965
0.0545829
0.0545729
0.0545714
0.0545708
0.0545726
0.054577
0.0545876
0.0546049
0.054625
0.00696203
0.00350373
0.00266101
0.00293604
0.00351047
0.00407713
0.00454453
0.00531171
0.00917912
0.0168335
0.0236789
0.028467
0.0318853
0.0345283
0.0367162
0.0386116
0.0402847
0.0417471
0.042983
0.0439761
0.0447295
0.0452694
0.0456368
0.0458761
0.0460264
0.0461181
0.0461726
0.0462042
0.0462224
0.0462327
0.0462385
0.046241
0.0462418
0.046241
0.0462393
0.046235
0.0462301
0.0462236
0.0462169
0.0462068
0.0461965
0.0461841
0.0461722
0.0461581
0.0461462
0.0461339
0.0461233
0.046108
0.0460934
0.0460783
0.0460698
0.0460644
0.0460628
0.0460564
0.0460498
0.0460393
0.0460325
0.0460258
0.046023
0.0460161
0.0460116
0.0460068
0.0460071
0.0460023
0.0459981
0.045985
0.0459728
0.045964
0.0459631
0.0459629
0.0459649
0.0459692
0.0459793
0.0459953
0.0460138
0.00472174
0.00241251
0.00231019
0.0028345
0.0034073
0.00388895
0.00425401
0.00483229
0.00785007
0.0140499
0.0197073
0.0236532
0.0264486
0.0285987
0.0303715
0.0318994
0.033238
0.0343965
0.035365
0.036135
0.0367134
0.0371245
0.0374025
0.0375826
0.0376953
0.0377637
0.0378042
0.0378277
0.0378412
0.0378488
0.0378531
0.0378549
0.0378553
0.0378544
0.0378528
0.037849
0.0378446
0.0378389
0.037833
0.0378242
0.0378152
0.0378043
0.0377941
0.0377818
0.0377715
0.037761
0.037752
0.0377388
0.0377263
0.0377134
0.0377065
0.0377022
0.0377012
0.0376958
0.0376902
0.037681
0.0376751
0.0376693
0.037667
0.0376611
0.0376573
0.0376533
0.0376538
0.0376497
0.0376461
0.0376345
0.0376237
0.0376162
0.0376157
0.0376158
0.0376178
0.037622
0.0376312
0.0376456
0.0376621
0.00293367
0.00179528
0.00215576
0.00272751
0.00321192
0.00358014
0.00384108
0.00424383
0.00643189
0.0111602
0.0156427
0.018791
0.0210101
0.0227074
0.0240999
0.0252926
0.0263285
0.0272156
0.0279488
0.0285255
0.0289547
0.0292575
0.029461
0.0295922
0.0296739
0.0297234
0.0297526
0.0297694
0.0297791
0.0297846
0.0297877
0.0297889
0.0297891
0.0297882
0.0297868
0.0297835
0.0297797
0.0297749
0.0297699
0.0297624
0.0297548
0.0297456
0.029737
0.0297267
0.0297182
0.0297095
0.0297021
0.0296911
0.0296807
0.02967
0.0296645
0.0296612
0.0296607
0.0296564
0.0296517
0.0296439
0.0296389
0.0296341
0.0296323
0.0296274
0.0296244
0.0296211
0.0296217
0.0296183
0.0296153
0.0296054
0.0295962
0.0295899
0.0295898
0.0295901
0.029592
0.0295957
0.0296038
0.0296163
0.0296306
0.0017089
0.0015048
0.00204438
0.00253724
0.00289492
0.00314589
0.00331323
0.00356775
0.00500761
0.00830786
0.0116271
0.014009
0.0156886
0.0169673
0.0180108
0.0188981
0.0196615
0.0203078
0.0208355
0.021246
0.0215485
0.0217604
0.0219019
0.0219928
0.0220492
0.0220832
0.0221032
0.0221148
0.0221214
0.0221251
0.0221272
0.022128
0.022128
0.0221273
0.0221261
0.0221234
0.0221203
0.0221164
0.0221124
0.0221063
0.0221002
0.0220929
0.0220861
0.0220779
0.0220712
0.0220643
0.0220585
0.0220498
0.0220416
0.0220331
0.0220289
0.0220265
0.0220264
0.022023
0.0220193
0.022013
0.0220091
0.0220053
0.0220039
0.0220001
0.0219977
0.0219952
0.0219957
0.0219931
0.0219907
0.0219827
0.0219753
0.0219703
0.0219703
0.0219707
0.0219724
0.0219756
0.0219823
0.0219925
0.0220041
0.00102195
0.0013604
0.0018719
0.00222403
0.00244903
0.00259489
0.00268657
0.00282841
0.00365641
0.00566078
0.0078442
0.00948017
0.0106473
0.0115354
0.012257
0.0128662
0.0133853
0.0138194
0.0141693
0.0144381
0.0146342
0.0147704
0.0148609
0.0149186
0.0149543
0.0149758
0.0149884
0.0149957
0.0149998
0.0150021
0.0150035
0.015004
0.0150039
0.0150033
0.0150024
0.0150004
0.0149981
0.0149952
0.0149922
0.0149878
0.0149833
0.0149779
0.0149729
0.0149669
0.014962
0.014957
0.0149528
0.0149465
0.0149406
0.0149344
0.0149314
0.0149298
0.0149298
0.0149275
0.0149248
0.0149202
0.0149172
0.0149144
0.0149135
0.0149107
0.014909
0.0149072
0.0149077
0.0149058
0.0149041
0.0148982
0.0148927
0.014889
0.014889
0.0148894
0.0148908
0.0148932
0.0148983
0.0149059
0.0149146
0.000713645
0.00121542
0.00157849
0.00177564
0.00188464
0.00194851
0.0019864
0.00205296
0.00244204
0.00340078
0.00454235
0.00546145
0.00613964
0.00666134
0.0070855
0.00744212
0.00774343
0.00799263
0.00819081
0.00834096
0.00844908
0.0085234
0.00857235
0.00860344
0.00862257
0.00863404
0.00864073
0.00864457
0.00864676
0.008648
0.00864872
0.00864894
0.00864886
0.00864847
0.00864789
0.00864664
0.00864519
0.00864339
0.00864154
0.00863879
0.00863597
0.00863264
0.00862953
0.00862584
0.00862278
0.0086197
0.00861714
0.00861331
0.00860963
0.00860586
0.00860397
0.00860302
0.0086031
0.00860174
0.00860008
0.00859724
0.00859537
0.00859365
0.00859308
0.00859141
0.00859034
0.00858926
0.00858955
0.00858845
0.00858738
0.00858376
0.0085803
0.00857796
0.00857798
0.00857828
0.00857916
0.00858074
0.00858392
0.00858871
0.00859415
0.000607507
0.00097473
0.00114432
0.00120913
0.00123579
0.00124778
0.00125451
0.00127778
0.00140518
0.00168475
0.00203416
0.00234458
0.00259097
0.00278784
0.00295058
0.00308821
0.00320441
0.00329994
0.00337506
0.00343109
0.00347072
0.00349751
0.00351491
0.00352586
0.00353254
0.00353653
0.00353884
0.00354015
0.0035409
0.00354132
0.00354157
0.00354164
0.0035416
0.00354144
0.0035412
0.00354071
0.00354012
0.00353941
0.00353866
0.00353758
0.00353644
0.00353512
0.00353387
0.00353241
0.00353116
0.00352993
0.0035289
0.00352742
0.00352595
0.00352446
0.00352366
0.00352328
0.00352332
0.00352283
0.00352217
0.00352106
0.00352028
0.00351959
0.00351934
0.00351871
0.00351827
0.00351785
0.00351795
0.00351755
0.00351713
0.00351575
0.00351435
0.0035134
0.00351335
0.00351348
0.00351383
0.00351448
0.00351574
0.00351766
0.00351984
0.000506411
0.00049215
0.000480643
0.000472535
0.000466294
0.000461428
0.000457836
0.000458558
0.000473363
0.000498352
0.000521848
0.000540556
0.000555589
0.000568314
0.000579477
0.000589388
0.000598077
0.000605455
0.000611437
0.000616034
0.000619376
0.000621685
0.000623207
0.000624174
0.000624768
0.000625125
0.000625332
0.000625452
0.000625518
0.000625557
0.000625578
0.000625587
0.000625588
0.000625583
0.000625573
0.000625552
0.000625523
0.000625491
0.000625454
0.000625404
0.000625346
0.000625283
0.000625218
0.000625143
0.000625069
0.000625
0.000624939
0.000624868
0.000624796
0.000624723
0.000624671
0.000624644
0.000624637
0.000624618
0.000624589
0.00062454
0.000624494
0.000624457
0.000624434
0.000624404
0.000624376
0.000624353
0.00062435
0.000624337
0.000624326
0.00062428
0.000624222
0.00062418
0.000624167
0.000624165
0.000624175
0.000624206
0.00062427
0.000624362
0.000624472
)
;

boundaryField
{
    lowerWall
    {
        type            nutkWallFunction;
        Cmu             0.09;
        kappa           0.41;
        E               9.8;
        value           nonuniform List<scalar> 
75
(
6.1296e-05
5.9567e-05
5.81685e-05
5.71804e-05
5.64195e-05
5.58288e-05
5.54267e-05
5.57995e-05
5.80525e-05
6.12976e-05
6.41845e-05
6.64466e-05
6.82593e-05
6.97879e-05
7.1118e-05
7.22829e-05
7.32862e-05
7.41203e-05
7.47814e-05
7.52782e-05
7.56319e-05
7.58717e-05
7.60276e-05
7.61253e-05
7.61848e-05
7.62203e-05
7.62408e-05
7.62525e-05
7.62589e-05
7.62624e-05
7.62644e-05
7.62653e-05
7.62652e-05
7.62644e-05
7.62629e-05
7.62608e-05
7.62574e-05
7.62534e-05
7.62486e-05
7.62429e-05
7.62358e-05
7.62285e-05
7.62207e-05
7.62122e-05
7.62022e-05
7.61918e-05
7.61824e-05
7.61746e-05
7.61678e-05
7.61609e-05
7.61535e-05
7.6148e-05
7.61452e-05
7.61441e-05
7.61424e-05
7.61386e-05
7.61322e-05
7.61263e-05
7.61215e-05
7.61181e-05
7.61151e-05
7.61115e-05
7.61087e-05
7.61074e-05
7.61064e-05
7.61049e-05
7.6102e-05
7.60978e-05
7.60936e-05
7.60909e-05
7.60914e-05
7.60957e-05
7.61048e-05
7.61166e-05
7.61301e-05
)
;
    }
    upperWall
    {
        type            nutkWallFunction;
        Cmu             0.09;
        kappa           0.41;
        E               9.8;
        value           nonuniform List<scalar> 
75
(
6.13382e-05
5.96092e-05
5.82101e-05
5.72217e-05
5.64603e-05
5.58694e-05
5.54735e-05
5.5888e-05
5.81589e-05
6.13538e-05
6.4185e-05
6.64104e-05
6.82017e-05
6.97186e-05
7.10441e-05
7.22098e-05
7.32172e-05
7.40571e-05
7.47243e-05
7.52265e-05
7.55846e-05
7.58279e-05
7.59861e-05
7.60853e-05
7.61457e-05
7.61818e-05
7.62025e-05
7.62144e-05
7.62209e-05
7.62247e-05
7.62269e-05
7.62277e-05
7.62275e-05
7.62269e-05
7.62255e-05
7.62228e-05
7.62193e-05
7.62152e-05
7.62106e-05
7.62043e-05
7.61972e-05
7.61894e-05
7.61814e-05
7.61722e-05
7.61632e-05
7.61549e-05
7.61476e-05
7.61389e-05
7.61301e-05
7.61212e-05
7.61153e-05
7.61123e-05
7.61118e-05
7.61095e-05
7.61059e-05
7.60998e-05
7.60942e-05
7.60897e-05
7.60872e-05
7.60834e-05
7.60802e-05
7.60774e-05
7.60773e-05
7.60758e-05
7.60744e-05
7.60684e-05
7.60613e-05
7.60562e-05
7.6055e-05
7.60549e-05
7.60565e-05
7.60606e-05
7.60689e-05
7.60807e-05
7.60945e-05
)
;
    }
    inlet
    {
        type            calculated;
        value           uniform 0.0245118;
    }
    outlet
    {
        type            calculated;
        value           nonuniform List<scalar> 
60
(
0.000624749
0.00353543
0.00863782
0.0149886
0.0221077
0.0297631
0.0378233
0.0462039
0.0548443
0.0636979
0.0727263
0.0818961
0.0911775
0.100544
0.109971
0.119438
0.128928
0.138431
0.147941
0.157464
0.167011
0.176604
0.186268
0.196015
0.205827
0.215603
0.225093
0.233797
0.240871
0.245103
0.245076
0.24079
0.233655
0.224882
0.215323
0.205484
0.19562
0.185833
0.176144
0.166537
0.156985
0.147468
0.13797
0.128485
0.119017
0.109576
0.100176
0.0908389
0.0815872
0.0724474
0.063449
0.054625
0.0460138
0.0376621
0.0296306
0.0220041
0.0149146
0.00859415
0.00351984
0.000624472
)
;
    }
    frontAndBack
    {
        type            empty;
    }
}


// ************************************************************************* //
