/*--------------------------------*- C++ -*----------------------------------*\
  =========                 |
  \\      /  F ield         | OpenFOAM: The Open Source CFD Toolbox
   \\    /   O peration     | Website:  https://openfoam.org
    \\  /    A nd           | Version:  7
     \\/     M anipulation  |
\*---------------------------------------------------------------------------*/
FoamFile
{
    version     2.0;
    format      ascii;
    class       volScalarField;
    location    "650";
    object      nut;
}
// * * * * * * * * * * * * * * * * * * * * * * * * * * * * * * * * * * * * * //

dimensions      [0 2 -1 0 0 0 0];

internalField   nonuniform List<scalar> 
4500
(
0.000506064
0.000491803
0.000480303
0.000472195
0.000465952
0.000461027
0.000457063
0.00045381
0.000451094
0.000448794
0.000446826
0.000445126
0.000443647
0.000442353
0.000441217
0.000440216
0.000439331
0.000438548
0.000437854
0.000437239
0.000436695
0.000436214
0.00043579
0.000435417
0.000435091
0.000434806
0.000434561
0.000434351
0.000434173
0.000434025
0.000433905
0.00043381
0.000433739
0.00043369
0.000433661
0.000433651
0.000433659
0.000433683
0.000433722
0.000433775
0.000433842
0.000433921
0.000434011
0.000434113
0.000434224
0.000434345
0.000434474
0.000434611
0.000434755
0.000434906
0.000435063
0.000435227
0.000435396
0.00043557
0.00043575
0.000435934
0.000436123
0.000436317
0.000436514
0.000436714
0.000436915
0.000437116
0.000437316
0.000437512
0.000437702
0.000437882
0.000438051
0.000438207
0.000438345
0.000438465
0.000438563
0.000438639
0.000438691
0.000438717
0.00043872
0.000607327
0.000974335
0.00114372
0.00120841
0.00123497
0.00124672
0.00125197
0.00125409
0.00125464
0.00125437
0.00125368
0.00125278
0.00125181
0.00125083
0.00124989
0.001249
0.00124819
0.00124745
0.0012468
0.00124623
0.00124574
0.00124532
0.00124497
0.0012447
0.00124449
0.00124434
0.00124426
0.00124423
0.00124425
0.00124432
0.00124443
0.0012446
0.0012448
0.00124504
0.00124531
0.00124562
0.00124596
0.00124632
0.00124671
0.00124713
0.00124757
0.00124803
0.00124851
0.00124901
0.00124953
0.00125006
0.00125061
0.00125116
0.00125173
0.00125231
0.00125289
0.00125348
0.00125408
0.00125468
0.0012553
0.00125592
0.00125656
0.0012572
0.00125786
0.00125853
0.0012592
0.00125988
0.00126055
0.0012612
0.00126183
0.00126241
0.00126294
0.00126341
0.00126379
0.00126408
0.00126426
0.00126432
0.00126426
0.00126408
0.00126372
0.000713424
0.00121515
0.00157793
0.00177481
0.00188365
0.00194758
0.00198742
0.00201353
0.0020314
0.00204407
0.00205335
0.00206032
0.00206571
0.00206996
0.0020734
0.00207624
0.00207864
0.00208072
0.00208255
0.0020842
0.00208571
0.00208712
0.00208846
0.00208974
0.00209099
0.00209221
0.00209341
0.00209461
0.0020958
0.002097
0.0020982
0.00209941
0.00210063
0.00210186
0.0021031
0.00210435
0.00210561
0.00210687
0.00210813
0.00210941
0.00211069
0.00211198
0.00211327
0.00211457
0.00211588
0.00211718
0.00211848
0.00211978
0.00212107
0.00212235
0.00212362
0.00212488
0.00212614
0.0021274
0.00212865
0.00212992
0.00213121
0.00213251
0.00213384
0.0021352
0.00213657
0.00213794
0.00213931
0.00214063
0.00214189
0.00214305
0.00214406
0.0021449
0.00214552
0.00214589
0.00214596
0.00214572
0.00214514
0.00214421
0.00214284
0.00102124
0.00136022
0.0018715
0.00222328
0.00244808
0.00259473
0.00269401
0.00276382
0.00281468
0.00285291
0.00288244
0.00290581
0.00292469
0.00294025
0.00295329
0.00296439
0.00297397
0.00298236
0.00298979
0.00299644
0.00300247
0.00300798
0.00301307
0.0030178
0.00302224
0.00302642
0.0030304
0.0030342
0.00303785
0.00304136
0.00304477
0.00304807
0.0030513
0.00305444
0.00305753
0.00306055
0.00306352
0.00306643
0.00306929
0.0030721
0.00307486
0.00307759
0.00308029
0.00308294
0.00308556
0.00308814
0.00309067
0.00309316
0.0030956
0.00309799
0.00310033
0.00310263
0.00310489
0.00310712
0.00310934
0.00311156
0.0031138
0.00311607
0.00311837
0.00312072
0.00312309
0.00312547
0.00312783
0.00313011
0.00313226
0.0031342
0.00313587
0.00313718
0.00313805
0.00313842
0.0031382
0.00313735
0.00313583
0.0031336
0.00313053
0.00170708
0.00150447
0.00204415
0.00253669
0.00289421
0.00314704
0.00332847
0.0034619
0.00356263
0.0036406
0.00370233
0.00375222
0.00379326
0.00382758
0.0038567
0.00388174
0.00390351
0.00392266
0.00393966
0.00395491
0.00396869
0.00398124
0.00399275
0.00400339
0.00401327
0.00402251
0.00403119
0.00403938
0.00404715
0.00405454
0.00406161
0.00406839
0.0040749
0.00408118
0.00408725
0.00409313
0.00409884
0.00410437
0.00410974
0.00411496
0.00412005
0.00412501
0.00412986
0.00413458
0.00413919
0.00414369
0.00414807
0.00415233
0.00415648
0.0041605
0.00416441
0.00416821
0.00417192
0.00417555
0.00417914
0.0041827
0.00418627
0.00418987
0.00419352
0.00419722
0.00420096
0.0042047
0.00420838
0.00421194
0.00421527
0.00421826
0.00422078
0.00422269
0.00422387
0.00422418
0.00422353
0.0042218
0.00421893
0.00421487
0.00420943
0.00293021
0.00179432
0.00215557
0.00272719
0.0032116
0.00358299
0.00386409
0.004079
0.0042461
0.00437848
0.00448527
0.00457289
0.00464589
0.00470757
0.00476034
0.00480601
0.00484595
0.0048812
0.0049126
0.00494078
0.00496625
0.00498944
0.00501069
0.00503026
0.00504838
0.00506526
0.00508103
0.00509585
0.00510982
0.00512304
0.00513559
0.00514754
0.00515896
0.00516989
0.00518038
0.00519047
0.0052002
0.00520957
0.00521861
0.00522735
0.0052358
0.00524399
0.00525193
0.00525962
0.00526708
0.00527431
0.00528131
0.00528809
0.00529463
0.00530094
0.00530704
0.00531294
0.00531866
0.00532423
0.00532969
0.00533508
0.00534045
0.00534585
0.00535129
0.00535678
0.00536231
0.00536784
0.00537327
0.00537849
0.00538336
0.00538771
0.00539134
0.00539405
0.00539565
0.00539594
0.00539475
0.00539194
0.00538739
0.00538103
0.00537261
0.00471652
0.00241031
0.00230969
0.00283433
0.00340742
0.00389369
0.00428366
0.0045937
0.00484179
0.00504269
0.00520757
0.00534471
0.00546027
0.00555879
0.00564371
0.00571766
0.00578263
0.00584021
0.00589162
0.00593786
0.00597972
0.00601784
0.00605276
0.0060849
0.00611463
0.00614226
0.00616804
0.00619219
0.00621489
0.00623631
0.00625657
0.00627579
0.00629408
0.00631152
0.00632819
0.00634415
0.00635947
0.00637418
0.00638831
0.00640192
0.00641502
0.00642766
0.00643986
0.00645163
0.006463
0.00647397
0.00648455
0.00649474
0.00650454
0.00651397
0.00652304
0.00653177
0.0065402
0.00654837
0.00655634
0.00656417
0.00657194
0.00657969
0.00658748
0.00659531
0.00660316
0.00661098
0.00661866
0.00662602
0.00663288
0.00663899
0.00664407
0.00664786
0.00665007
0.00665043
0.0066487
0.00664467
0.00663817
0.00662911
0.00661714
0.00695534
0.00349985
0.00265963
0.00293574
0.00351092
0.00408367
0.00457876
0.00499055
0.00533047
0.0056121
0.00584735
0.00604576
0.00621481
0.00636025
0.00648655
0.00659718
0.00669488
0.0067818
0.00685966
0.00692986
0.00699353
0.00705158
0.00710479
0.00715379
0.0071991
0.00724119
0.00728043
0.00731714
0.0073516
0.00738404
0.00741468
0.00744369
0.00747122
0.00749741
0.00752238
0.00754624
0.00756906
0.00759092
0.00761187
0.00763198
0.0076513
0.00766988
0.00768776
0.00770497
0.00772153
0.00773747
0.00775279
0.00776751
0.00778164
0.00779519
0.00780819
0.00782067
0.00783267
0.00784427
0.00785554
0.00786657
0.00787745
0.00788827
0.00789908
0.0079099
0.00792073
0.00793147
0.00794198
0.00795206
0.00796144
0.0079698
0.00797677
0.007982
0.00798509
0.0079857
0.00798348
0.00797816
0.00796951
0.0079574
0.00794137
0.00946494
0.00509827
0.00338174
0.00315982
0.00358556
0.0041774
0.00475296
0.00526158
0.00569759
0.00606845
0.00638432
0.00665477
0.00688795
0.00709051
0.00726779
0.00742409
0.00756284
0.00768683
0.0077983
0.00789909
0.00799071
0.00807441
0.00815122
0.00822202
0.00828754
0.0083484
0.00840513
0.00845819
0.00850797
0.00855481
0.00859899
0.00864077
0.00868037
0.00871798
0.00875379
0.00878793
0.00882054
0.00885172
0.00888156
0.00891015
0.00893757
0.00896388
0.00898915
0.00901343
0.00903674
0.00905913
0.00908063
0.00910123
0.00912098
0.00913989
0.00915799
0.00917532
0.00919197
0.00920801
0.00922355
0.0092387
0.00925358
0.00926831
0.00928296
0.00929758
0.00931213
0.00932653
0.00934059
0.00935406
0.00936659
0.00937778
0.00938716
0.00939427
0.0093986
0.0093997
0.00939713
0.00939052
0.00937959
0.00936414
0.0093436
0.0120503
0.00712193
0.0046001
0.00367976
0.00374451
0.00423199
0.00482945
0.00541081
0.00593604
0.00639799
0.00680078
0.00715173
0.00745842
0.00772772
0.00796548
0.00817659
0.00836512
0.00853441
0.00868723
0.00882588
0.00895226
0.00906798
0.00917438
0.00927259
0.00936358
0.00944817
0.00952706
0.00960086
0.00967009
0.00973522
0.00979663
0.00985468
0.00990967
0.00996186
0.0100115
0.0100588
0.0101039
0.0101469
0.0101881
0.0102275
0.0102653
0.0103015
0.0103362
0.0103695
0.0104014
0.010432
0.0104614
0.0104895
0.0105164
0.0105422
0.0105668
0.0105904
0.0106129
0.0106346
0.0106556
0.010676
0.010696
0.0107156
0.0107351
0.0107544
0.0107736
0.0107925
0.010811
0.0108286
0.010845
0.0108597
0.0108721
0.0108816
0.0108876
0.0108895
0.0108868
0.010879
0.0108658
0.0108468
0.0108214
0.0145382
0.00942111
0.00631631
0.00465971
0.00415424
0.00435399
0.00486444
0.00546284
0.00605162
0.00659513
0.00708406
0.00751953
0.00790638
0.0082504
0.0085572
0.00883188
0.00907883
0.00930184
0.0095041
0.00968833
0.00985683
0.0100115
0.0101541
0.010286
0.0104083
0.0105222
0.0106285
0.010728
0.0108215
0.0109094
0.0109923
0.0110706
0.0111449
0.0112153
0.0112822
0.0113459
0.0114067
0.0114647
0.0115201
0.0115731
0.0116238
0.0116724
0.011719
0.0117636
0.0118064
0.0118474
0.0118866
0.0119242
0.0119602
0.0119945
0.0120273
0.0120587
0.0120888
0.0121176
0.0121455
0.0121724
0.0121987
0.0122245
0.01225
0.0122751
0.0123
0.0123244
0.0123481
0.0123708
0.0123919
0.0124109
0.012427
0.0124395
0.0124477
0.0124509
0.0124484
0.0124396
0.0124241
0.0124015
0.0123711
0.0167964
0.0118301
0.00841662
0.00616647
0.00499572
0.00470745
0.00496497
0.00547746
0.00607302
0.00666908
0.00723109
0.00774722
0.00821571
0.00863906
0.00902134
0.00936699
0.00968026
0.00996504
0.0102248
0.0104624
0.0106807
0.0108817
0.0110675
0.0112398
0.0113999
0.0115493
0.0116889
0.0118197
0.0119427
0.0120584
0.0121677
0.0122709
0.0123688
0.0124616
0.0125499
0.0126339
0.0127139
0.0127904
0.0128634
0.0129332
0.013
0.0130639
0.0131251
0.0131838
0.01324
0.0132939
0.0133454
0.0133948
0.0134419
0.013487
0.0135301
0.0135712
0.0136106
0.0136483
0.0136847
0.0137198
0.0137539
0.0137873
0.0138201
0.0138523
0.013884
0.0139151
0.0139451
0.0139738
0.0140006
0.0140247
0.0140453
0.0140615
0.0140726
0.0140776
0.0140758
0.0140664
0.0140489
0.0140229
0.0139873
0.0187409
0.0141959
0.0107323
0.00812806
0.00637517
0.00548226
0.0052985
0.00556839
0.00606791
0.00665555
0.00725658
0.00783569
0.00837814
0.00887927
0.00933926
0.00976046
0.0101461
0.0104994
0.0108239
0.0111225
0.011398
0.0116528
0.0118892
0.0121089
0.0123137
0.0125051
0.0126843
0.0128526
0.0130109
0.0131602
0.0133011
0.0134345
0.0135609
0.0136809
0.013795
0.0139037
0.0140072
0.0141061
0.0142006
0.0142909
0.0143773
0.01446
0.0145392
0.0146151
0.0146878
0.0147574
0.014824
0.0148878
0.0149487
0.015007
0.0150627
0.0151158
0.0151667
0.0152154
0.0152622
0.0153074
0.0153511
0.0153937
0.0154353
0.0154761
0.015516
0.015555
0.0155926
0.0156284
0.0156619
0.015692
0.0157181
0.015739
0.0157537
0.0157613
0.0157607
0.0157513
0.0157322
0.0157031
0.0156627
0.0203353
0.0163925
0.0130921
0.0103772
0.00825299
0.00680513
0.00606205
0.00591225
0.00616261
0.00663481
0.00720686
0.00780792
0.00840069
0.00896709
0.00949942
0.00999542
0.0104556
0.0108818
0.0112765
0.0116424
0.0119818
0.0122974
0.0125913
0.0128656
0.013122
0.0133623
0.0135879
0.0138001
0.0140001
0.0141889
0.0143674
0.0145366
0.014697
0.0148495
0.0149946
0.0151328
0.0152646
0.0153904
0.0155107
0.0156257
0.0157358
0.0158412
0.0159421
0.0160388
0.0161315
0.0162202
0.0163052
0.0163865
0.0164642
0.0165386
0.0166096
0.0166774
0.0167423
0.0168043
0.0168639
0.0169212
0.0169766
0.0170303
0.0170826
0.0171336
0.0171833
0.0172316
0.0172781
0.0173224
0.0173637
0.0174011
0.0174337
0.0174602
0.0174795
0.0174905
0.0174922
0.0174835
0.0174637
0.0174321
0.0173875
0.0215825
0.0183294
0.0153493
0.0127226
0.0104644
0.0086521
0.0073891
0.00671235
0.00654767
0.00675168
0.00718034
0.00772556
0.00831836
0.00891864
0.00950458
0.0100651
0.0105953
0.0110936
0.0115604
0.0119971
0.0124054
0.0127874
0.0131451
0.0134804
0.0137951
0.014091
0.0143697
0.0146324
0.0148806
0.0151154
0.0153378
0.0155488
0.0157492
0.0159399
0.0161214
0.0162946
0.0164598
0.0166177
0.0167687
0.0169132
0.0170515
0.0171839
0.0173108
0.0174325
0.017549
0.0176607
0.0177677
0.0178701
0.0179681
0.0180618
0.0181513
0.0182369
0.0183186
0.0183968
0.0184717
0.0185437
0.0186131
0.0186801
0.0187451
0.0188083
0.0188696
0.0189289
0.0189859
0.0190401
0.0190906
0.0191366
0.0191769
0.0192102
0.0192354
0.019251
0.019256
0.0192491
0.0192296
0.0191967
0.0191489
0.0225141
0.0199544
0.0173928
0.0149958
0.0127993
0.010854
0.00925304
0.00809649
0.00743
0.00721364
0.00734589
0.00771147
0.00821417
0.00878619
0.00938426
0.00998242
0.0105658
0.0111265
0.0116607
0.0121669
0.0126453
0.0130966
0.0135221
0.0139234
0.0143021
0.0146596
0.0149974
0.0153171
0.0156199
0.0159071
0.0161797
0.0164388
0.0166854
0.0169203
0.0171444
0.0173582
0.0175626
0.017758
0.017945
0.0181241
0.0182957
0.0184602
0.0186178
0.0187689
0.0189139
0.0190528
0.019186
0.0193135
0.0194356
0.0195524
0.019664
0.0197707
0.0198727
0.0199702
0.0200635
0.020153
0.0202391
0.020322
0.0204021
0.0204796
0.0205545
0.0206268
0.020696
0.0207618
0.0208232
0.0208792
0.0209287
0.0209703
0.0210027
0.0210244
0.0210341
0.0210306
0.0210127
0.0209799
0.0209303
0.0231786
0.0212515
0.0191504
0.0170697
0.0150687
0.0131822
0.011469
0.0100167
0.00891707
0.0082239
0.00792738
0.00796293
0.00824224
0.00868153
0.00921499
0.00979641
0.0103955
0.0109932
0.0115781
0.0121436
0.0126863
0.0132046
0.0136982
0.0141674
0.0146131
0.0150364
0.0154384
0.0158204
0.0161835
0.0165289
0.0168579
0.0171713
0.0174702
0.0177555
0.0180281
0.0182887
0.018538
0.0187768
0.0190055
0.0192248
0.0194351
0.0196369
0.0198305
0.0200162
0.0201944
0.0203654
0.0205293
0.0206865
0.020837
0.0209811
0.0211189
0.0212506
0.0213766
0.0214969
0.0216121
0.0217223
0.0218281
0.0219297
0.0220276
0.022122
0.0222129
0.0223003
0.0223839
0.0224631
0.0225372
0.0226051
0.0226655
0.0227172
0.0227585
0.022788
0.0228042
0.0228058
0.0227916
0.0227607
0.0227113
0.0236309
0.0222362
0.0205882
0.0188628
0.0171328
0.0154307
0.0137891
0.0122607
0.0109209
0.00985089
0.00911003
0.00871324
0.00862895
0.00879609
0.00914584
0.0096168
0.0101611
0.0107443
0.0113431
0.011942
0.0125313
0.0131048
0.0136592
0.0141925
0.014704
0.0151937
0.0156619
0.0161093
0.0165367
0.0169451
0.0173354
0.0177085
0.0180653
0.0184068
0.0187338
0.0190471
0.0193473
0.0196353
0.0199117
0.0201769
0.0204317
0.0206763
0.0209114
0.0211371
0.0213538
0.021562
0.0217618
0.0219534
0.0221371
0.0223131
0.0224815
0.0226427
0.0227967
0.0229439
0.0230846
0.0232193
0.0233482
0.0234718
0.0235906
0.0237046
0.0238142
0.0239192
0.0240195
0.0241144
0.0242033
0.0242852
0.0243586
0.0244223
0.0244747
0.0245141
0.0245391
0.024548
0.0245397
0.0245133
0.0244666
0.0239241
0.0229458
0.0217059
0.0203354
0.0189062
0.0174526
0.0159956
0.0145615
0.0131926
0.0119492
0.0109003
0.0101063
0.0095999
0.00937813
0.00940743
0.00963764
0.0100159
0.0104955
0.0110393
0.0116196
0.0122168
0.0128173
0.0134122
0.0139954
0.0145632
0.0151133
0.0156445
0.0161563
0.0166487
0.0171218
0.0175763
0.0180127
0.0184318
0.0188341
0.0192205
0.0195917
0.0199484
0.0202912
0.0206208
0.0209377
0.0212425
0.0215358
0.0218178
0.0220891
0.02235
0.0226007
0.0228416
0.023073
0.023295
0.0235078
0.0237117
0.0239069
0.0240935
0.0242719
0.0244425
0.0246055
0.0247614
0.0249106
0.0250536
0.0251906
0.0253218
0.0254473
0.025567
0.0256802
0.0257864
0.0258846
0.0259735
0.0260517
0.0261175
0.0261694
0.0262057
0.0262248
0.0262253
0.0262062
0.0261654
0.0241048
0.0234303
0.0225301
0.0214842
0.0203512
0.0191647
0.0179427
0.0166986
0.0154511
0.0142309
0.0130828
0.0120624
0.0112256
0.0106148
0.010249
0.0101206
0.0102015
0.0104527
0.0108329
0.0113054
0.0118395
0.0124118
0.0130047
0.0136056
0.0142055
0.0147983
0.0153798
0.0159471
0.0164986
0.0170333
0.0175506
0.0180505
0.0185331
0.0189987
0.0194476
0.0198805
0.0202977
0.0206999
0.0210876
0.0214612
0.0218214
0.0221685
0.022503
0.0228253
0.0231357
0.0234344
0.0237219
0.0239983
0.0242638
0.0245187
0.0247631
0.0249972
0.0252213
0.0254356
0.0256405
0.0258362
0.0260232
0.026202
0.026373
0.0265365
0.0266928
0.026842
0.0269841
0.0271186
0.027245
0.0273623
0.0274694
0.0275649
0.0276471
0.0277145
0.0277653
0.0277979
0.0278107
0.0278026
0.0277715
0.0242104
0.023743
0.0231051
0.0223339
0.0214686
0.0205374
0.0195569
0.0185366
0.0174843
0.0164115
0.0153381
0.0142947
0.0133225
0.0124679
0.011775
0.0112758
0.0109838
0.0108936
0.0109844
0.0112267
0.0115885
0.0120397
0.0125545
0.0131118
0.0136953
0.0142927
0.0148948
0.015495
0.0160885
0.0166719
0.0172429
0.0177999
0.018342
0.0188687
0.0193795
0.0198746
0.020354
0.0208179
0.0212667
0.0217006
0.0221201
0.0225254
0.0229169
0.023295
0.0236598
0.0240117
0.0243508
0.0246773
0.0249915
0.0252936
0.0255836
0.0258617
0.0261282
0.0263832
0.026627
0.0268601
0.0270827
0.0272953
0.0274984
0.0276923
0.0278775
0.028054
0.028222
0.0283812
0.028531
0.0286708
0.0287994
0.0289155
0.0290176
0.029104
0.0291731
0.0292231
0.0292524
0.0292598
0.029243
0.0242687
0.0239331
0.0234832
0.022928
0.0222874
0.0215809
0.0208224
0.0200202
0.0191788
0.0183021
0.0173958
0.0164709
0.015546
0.0146483
0.0138124
0.0130761
0.012475
0.0120354
0.0117707
0.0116797
0.0117493
0.0119586
0.012283
0.0126979
0.013181
0.0137132
0.014279
0.0148659
0.0154643
0.0160671
0.0166686
0.0172647
0.0178524
0.0184297
0.0189948
0.0195468
0.0200849
0.0206088
0.0211181
0.0216128
0.0220929
0.0225585
0.0230097
0.0234467
0.0238696
0.0242785
0.0246734
0.0250546
0.025422
0.0257759
0.0261162
0.0264431
0.0267567
0.0270572
0.0273448
0.0276198
0.0278826
0.0281336
0.0283732
0.0286019
0.0288201
0.0290281
0.029226
0.0294137
0.0295909
0.0297569
0.0299109
0.0300517
0.0301777
0.0302875
0.0303794
0.0304516
0.0305024
0.0305305
0.0305337
0.0242989
0.0240415
0.0237167
0.023319
0.0228541
0.0223318
0.0217619
0.0211513
0.0205038
0.0198214
0.019105
0.0183565
0.0175807
0.0167867
0.0159902
0.015213
0.0144829
0.0138304
0.013285
0.0128702
0.0126008
0.0124808
0.0125047
0.0126592
0.0129266
0.0132877
0.0137233
0.0142163
0.0147516
0.0153169
0.015902
0.0164988
0.0171009
0.0177035
0.0183026
0.0188954
0.0194797
0.0200537
0.0206163
0.0211666
0.0217038
0.0222276
0.0227376
0.0232335
0.0237153
0.0241828
0.0246359
0.0250744
0.0254982
0.0259074
0.0263018
0.0266815
0.0270465
0.0273968
0.0277327
0.0280542
0.0283618
0.0286558
0.0289366
0.0292047
0.0294606
0.0297047
0.0299371
0.0301579
0.0303671
0.0305641
0.0307482
0.0309184
0.0310735
0.0312119
0.031332
0.0314321
0.0315105
0.0315658
0.0315957
0.0243137
0.0240994
0.0238516
0.0235602
0.0232227
0.0228417
0.0224217
0.0219673
0.021482
0.0209674
0.020424
0.0198512
0.0192489
0.0186176
0.0179607
0.017285
0.0166018
0.0159277
0.0152838
0.0146943
0.0141835
0.0137732
0.0134797
0.0133118
0.0132708
0.0133509
0.0135415
0.0138287
0.0141972
0.014632
0.0151192
0.0156466
0.0162035
0.0167812
0.0173722
0.0179709
0.0185723
0.0191727
0.0197691
0.0203591
0.0209409
0.0215128
0.0220739
0.022623
0.0231595
0.0236828
0.0241924
0.0246877
0.0251684
0.025634
0.0260844
0.0265193
0.0269386
0.0273422
0.02773
0.0281023
0.0284591
0.0288008
0.0291277
0.0294404
0.0297392
0.0300247
0.0302972
0.0305568
0.0308036
0.0310374
0.0312576
0.0314634
0.0316537
0.0318273
0.0319824
0.0321176
0.0322311
0.0323213
0.0323863
0.0243203
0.0241281
0.0239241
0.023699
0.0234471
0.0231665
0.022858
0.0225234
0.0221648
0.0217837
0.0213807
0.0209556
0.0205075
0.0200352
0.0195375
0.0190143
0.0184671
0.0179
0.0173205
0.0167398
0.016173
0.0156382
0.0151549
0.0147427
0.0144182
0.0141938
0.0140765
0.0140677
0.0141634
0.0143559
0.0146348
0.0149883
0.0154045
0.0158718
0.0163798
0.0169191
0.0174816
0.0180606
0.0186502
0.0192456
0.019843
0.0204391
0.0210312
0.021617
0.0221949
0.0227632
0.0233208
0.0238664
0.0243992
0.0249183
0.0254229
0.0259124
0.0263866
0.0268449
0.0272872
0.0277133
0.0281234
0.0285174
0.0288957
0.0292587
0.0296067
0.0299402
0.0302596
0.0305651
0.030857
0.0311351
0.0313991
0.0316485
0.0318822
0.0320993
0.0322982
0.0324774
0.0326352
0.0327702
0.0328801
0.0243232
0.0241413
0.0239602
0.0237729
0.0235739
0.0233596
0.0231282
0.0228796
0.0226142
0.0223328
0.0220359
0.0217237
0.0213958
0.0210513
0.020689
0.0203073
0.0199048
0.0194805
0.0190346
0.0185687
0.018087
0.0175959
0.0171052
0.0166273
0.0161768
0.0157695
0.0154209
0.0151448
0.014952
0.0148493
0.0148393
0.0149208
0.015089
0.0153369
0.0156558
0.0160362
0.0164686
0.016944
0.017454
0.0179911
0.0185486
0.0191208
0.0197028
0.0202903
0.0208798
0.0214682
0.022053
0.0226318
0.0232029
0.0237646
0.0243154
0.0248539
0.0253794
0.0258908
0.0263877
0.0268696
0.0273361
0.027787
0.0282224
0.0286424
0.0290472
0.0294371
0.0298123
0.0301732
0.0305199
0.0308525
0.0311706
0.031474
0.0317618
0.0320332
0.0322868
0.0325212
0.0327348
0.032926
0.0330927
0.0243243
0.0241468
0.0239767
0.0238093
0.0236402
0.0234659
0.0232838
0.0230926
0.0228914
0.0226801
0.0224587
0.0222274
0.021986
0.0217344
0.0214717
0.0211972
0.0209094
0.020607
0.0202885
0.0199526
0.0195985
0.0192262
0.0188373
0.0184347
0.0180237
0.0176116
0.0172079
0.016824
0.0164722
0.0161651
0.0159144
0.0157302
0.0156198
0.0155875
0.0156346
0.0157596
0.0159585
0.0162258
0.0165544
0.016937
0.017366
0.0178339
0.0183339
0.0188597
0.0194053
0.0199659
0.0205369
0.0211143
0.0216949
0.0222755
0.0228536
0.0234268
0.0239931
0.0245509
0.0250988
0.0256356
0.0261604
0.0266724
0.0271711
0.0276559
0.0281268
0.0285834
0.0290258
0.0294541
0.0298681
0.0302677
0.0306529
0.0310231
0.0313778
0.0317162
0.032037
0.0323391
0.0326209
0.0328808
0.0331167
0.0243246
0.024149
0.0239836
0.0238256
0.0236718
0.0235195
0.0233663
0.0232101
0.0230498
0.0228845
0.0227135
0.0225367
0.0223538
0.0221647
0.0219692
0.0217669
0.0215573
0.0213397
0.021113
0.0208762
0.0206281
0.0203674
0.020093
0.0198044
0.0195013
0.0191846
0.0188565
0.0185202
0.018181
0.0178456
0.0175221
0.0172198
0.0169488
0.0167189
0.0165391
0.016417
0.0163585
0.016367
0.0164439
0.0165884
0.0167979
0.0170683
0.0173946
0.017771
0.0181917
0.0186507
0.0191422
0.0196607
0.0202012
0.0207591
0.0213301
0.0219104
0.0224964
0.023085
0.0236735
0.0242594
0.0248404
0.0254148
0.0259807
0.0265367
0.0270816
0.0276145
0.0281345
0.028641
0.0291336
0.0296116
0.0300748
0.0305226
0.0309544
0.0313695
0.0317668
0.0321452
0.0325034
0.0328398
0.0331521
0.0243248
0.0241497
0.0239862
0.0238322
0.0236855
0.023544
0.0234057
0.0232688
0.0231318
0.0229936
0.0228531
0.0227097
0.0225629
0.0224126
0.0222584
0.0221002
0.0219379
0.0217713
0.0216001
0.021424
0.0212425
0.0210549
0.0208606
0.0206585
0.0204481
0.0202285
0.0199992
0.0197601
0.0195117
0.0192553
0.018993
0.0187282
0.0184655
0.0182106
0.01797
0.0177515
0.0175626
0.0174112
0.0173045
0.0172486
0.0172484
0.0173073
0.0174269
0.0176075
0.0178476
0.0181448
0.0184956
0.0188957
0.0193404
0.0198247
0.0203435
0.0208915
0.0214637
0.0220551
0.022661
0.0232772
0.0238993
0.0245238
0.0251472
0.0257664
0.0263787
0.026982
0.0275743
0.028154
0.02872
0.0292712
0.0298067
0.030326
0.0308282
0.0313128
0.0317788
0.0322253
0.032651
0.0330547
0.033434
0.0243248
0.0241499
0.023987
0.0238344
0.0236903
0.0235531
0.0234211
0.0232926
0.0231662
0.0230406
0.0229147
0.0227876
0.0226587
0.0225274
0.0223935
0.0222568
0.0221174
0.0219751
0.0218302
0.0216826
0.0215323
0.0213794
0.0212236
0.0210647
0.0209024
0.0207364
0.0205661
0.0203912
0.0202114
0.0200265
0.0198369
0.0196433
0.019447
0.0192503
0.0190561
0.0188685
0.0186921
0.0185325
0.0183958
0.0182885
0.0182169
0.0181872
0.0182048
0.0182742
0.0183987
0.0185805
0.0188201
0.0191169
0.019469
0.0198733
0.0203258
0.0208216
0.0213555
0.0219218
0.0225147
0.0231284
0.0237575
0.0243967
0.0250411
0.0256864
0.0263289
0.0269651
0.0275922
0.028208
0.0288107
0.0293988
0.0299712
0.030527
0.0310654
0.0315857
0.0320871
0.0325687
0.0330295
0.0334682
0.0338826
0.0243248
0.0241499
0.023987
0.0238344
0.0236903
0.0235531
0.0234211
0.0232926
0.0231662
0.0230406
0.0229147
0.0227876
0.0226587
0.0225274
0.0223935
0.0222568
0.0221174
0.0219751
0.0218302
0.0216826
0.0215323
0.0213794
0.0212236
0.0210647
0.0209025
0.0207364
0.0205662
0.0203913
0.0202114
0.0200266
0.019837
0.0196433
0.0194471
0.0192504
0.0190562
0.0188686
0.0186922
0.0185326
0.0183959
0.0182886
0.018217
0.0181873
0.0182049
0.0182743
0.0183989
0.0185806
0.0188202
0.019117
0.0194691
0.0198734
0.0203258
0.0208217
0.0213556
0.0219218
0.0225147
0.0231284
0.0237574
0.0243965
0.0250409
0.0256863
0.0263287
0.026965
0.0275923
0.0282083
0.0288113
0.0293998
0.0299727
0.030529
0.031068
0.0315889
0.032091
0.0325732
0.0330344
0.0334734
0.0338879
0.0243248
0.0241497
0.0239862
0.0238322
0.0236855
0.023544
0.0234057
0.0232688
0.0231318
0.0229936
0.0228531
0.0227097
0.022563
0.0224127
0.0222585
0.0221003
0.021938
0.0217714
0.0216003
0.0214242
0.0212427
0.0210552
0.0208608
0.0206588
0.0204484
0.0202289
0.0199996
0.0197606
0.0195122
0.0192558
0.0189936
0.0187289
0.0184662
0.0182112
0.0179708
0.0177522
0.0175633
0.0174119
0.0173051
0.0172491
0.0172489
0.0173077
0.0174272
0.0176077
0.0178478
0.0181449
0.0184956
0.0188956
0.0193403
0.0198245
0.0203432
0.0208912
0.0214634
0.0220547
0.0226606
0.0232766
0.0238987
0.0245232
0.0251465
0.0257658
0.0263783
0.0269819
0.0275746
0.028155
0.0287217
0.0292739
0.0298106
0.0303312
0.0308348
0.0313208
0.0317881
0.0322358
0.0326623
0.0330665
0.0334457
0.0243246
0.024149
0.0239836
0.0238256
0.0236719
0.0235196
0.0233663
0.0232102
0.0230499
0.0228846
0.0227136
0.0225368
0.022354
0.0221649
0.0219695
0.0217672
0.0215577
0.0213401
0.0211135
0.0208768
0.0206287
0.0203681
0.0200938
0.0198052
0.0195022
0.0191857
0.0188576
0.0185214
0.0181822
0.0178468
0.0175233
0.0172211
0.0169501
0.01672
0.0165401
0.0164179
0.0163592
0.0163675
0.0164442
0.0165886
0.0167978
0.0170681
0.0173942
0.0177705
0.018191
0.0186499
0.0191413
0.0196597
0.0202002
0.020758
0.021329
0.0219092
0.0224952
0.0230838
0.0236722
0.024258
0.0248391
0.0254135
0.0259795
0.0265357
0.0270809
0.0276143
0.0281349
0.0286423
0.0291358
0.0296151
0.0300797
0.0305289
0.0309623
0.0313788
0.0317774
0.0321569
0.0325157
0.0328522
0.033164
0.0243243
0.0241468
0.0239767
0.0238093
0.0236402
0.0234659
0.0232839
0.0230927
0.0228916
0.0226803
0.022459
0.0222278
0.0219865
0.0217349
0.0214724
0.0211979
0.0209102
0.020608
0.0202896
0.0199538
0.0195998
0.0192277
0.0188389
0.0184364
0.0180255
0.0176135
0.0172098
0.0168258
0.016474
0.0161667
0.0159159
0.0157315
0.0156208
0.0155882
0.015635
0.0157597
0.0159584
0.0162254
0.0165538
0.0169361
0.0173649
0.0178327
0.0183326
0.0188582
0.0194038
0.0199643
0.0205352
0.0211126
0.0216931
0.0222737
0.0228518
0.023425
0.0239913
0.0245491
0.025097
0.0256339
0.0261587
0.0266708
0.0271696
0.0276548
0.028126
0.0285832
0.0290263
0.0294554
0.0298705
0.0302713
0.0306578
0.0310293
0.0313853
0.0317249
0.0320467
0.0323495
0.0326315
0.0328911
0.033126
0.0243232
0.0241413
0.0239602
0.023773
0.023574
0.0233598
0.0231285
0.02288
0.0226147
0.0223334
0.0220366
0.0217245
0.0213967
0.0210524
0.0206903
0.0203087
0.0199064
0.0194823
0.0190365
0.0185709
0.0180893
0.0175983
0.0171077
0.0166298
0.0161793
0.0157719
0.0154231
0.0151467
0.0149536
0.0148505
0.0148401
0.0149212
0.0150891
0.0153366
0.0156551
0.0160352
0.0164674
0.0169426
0.0174524
0.0179894
0.0185468
0.0191189
0.0197008
0.0202883
0.0208778
0.0214662
0.022051
0.0226298
0.023201
0.0237627
0.0243135
0.024852
0.0253775
0.025889
0.0263859
0.0268679
0.0273344
0.0277856
0.0282212
0.0286415
0.0290467
0.0294371
0.029813
0.0301748
0.0305224
0.030856
0.0311753
0.0314797
0.0317686
0.0320408
0.0322951
0.0325299
0.0327434
0.0329341
0.0330997
0.0243204
0.0241281
0.0239242
0.0236991
0.0234473
0.0231669
0.0228585
0.0225241
0.0221657
0.0217847
0.0213819
0.0209571
0.0205092
0.020037
0.0195396
0.0190166
0.0184697
0.0179029
0.0173235
0.016743
0.0161762
0.0156413
0.0151579
0.0147454
0.0144205
0.0141957
0.014078
0.0140686
0.0141639
0.0143559
0.0146344
0.0149875
0.0154034
0.0158705
0.0163783
0.0169174
0.0174798
0.0180586
0.0186482
0.0192436
0.019841
0.020437
0.0210291
0.021615
0.0221929
0.0227613
0.0233189
0.0238646
0.0243975
0.0249166
0.0254212
0.0259109
0.0263851
0.0268434
0.0272858
0.0277121
0.0281222
0.0285164
0.028895
0.0292583
0.0296067
0.0299407
0.0302607
0.030567
0.0308596
0.0311386
0.0314036
0.0316538
0.0318884
0.0321061
0.0323055
0.032485
0.0326427
0.032777
0.032886
0.0243137
0.0240994
0.0238518
0.0235606
0.0232232
0.0228424
0.0224226
0.0219685
0.0214835
0.0209692
0.020426
0.0198536
0.0192515
0.0186206
0.017964
0.0172885
0.0166055
0.0159315
0.0152876
0.0146979
0.0141868
0.0137762
0.0134821
0.0133136
0.013272
0.0133516
0.0135417
0.0138283
0.0141964
0.0146309
0.0151179
0.015645
0.0162018
0.0167793
0.0173703
0.0179689
0.0185703
0.0191707
0.0197672
0.0203572
0.020939
0.021511
0.0220721
0.0226214
0.023158
0.0236814
0.024191
0.0246864
0.0251672
0.0256329
0.0260834
0.0265184
0.0269377
0.0273414
0.0277293
0.0281016
0.0284586
0.0288005
0.0291276
0.0294406
0.0297398
0.0300258
0.0302988
0.030559
0.0308066
0.0310411
0.031262
0.0314686
0.0316597
0.0318338
0.0319894
0.0321248
0.0322382
0.0323281
0.0323923
0.024299
0.0240417
0.0237171
0.0233196
0.022855
0.0223331
0.0217635
0.0211532
0.0205061
0.0198241
0.0191081
0.01836
0.0175845
0.0167909
0.0159945
0.0152174
0.0144873
0.0138346
0.0132887
0.0128734
0.0126033
0.0124826
0.0125058
0.0126596
0.0129265
0.0132871
0.0137223
0.014215
0.0147501
0.0153152
0.0159002
0.0164969
0.0170991
0.0177016
0.0183008
0.0188937
0.019478
0.0200521
0.0206148
0.0211651
0.0217025
0.0222263
0.0227364
0.0232325
0.0237144
0.024182
0.0246352
0.0250738
0.0254977
0.025907
0.0263015
0.0266813
0.0270464
0.0273968
0.0277327
0.0280544
0.0283621
0.0286563
0.0289373
0.0292057
0.0294619
0.0297063
0.0299392
0.0301607
0.0303704
0.0305681
0.0307529
0.0309239
0.0310796
0.0312186
0.0313392
0.0314397
0.0315182
0.0315733
0.0316027
0.0242687
0.0239334
0.0234838
0.022929
0.0222889
0.0215829
0.0208248
0.0200231
0.0191822
0.018306
0.0174001
0.0164756
0.015551
0.0146534
0.0138173
0.0130808
0.0124791
0.0120388
0.0117733
0.0116814
0.0117503
0.0119589
0.0122827
0.0126972
0.0131799
0.0137118
0.0142774
0.0148642
0.0154626
0.0160653
0.0166668
0.017263
0.0178509
0.0184282
0.0189934
0.0195455
0.0200838
0.0206077
0.0211172
0.021612
0.0220923
0.022558
0.0230094
0.0234465
0.0238695
0.0242785
0.0246736
0.0250548
0.0254224
0.0257763
0.0261168
0.0264438
0.0267575
0.0270581
0.0273457
0.0276208
0.0278837
0.0281349
0.0283746
0.0286036
0.0288221
0.0290304
0.0292287
0.0294169
0.0295947
0.0297614
0.0299161
0.0300576
0.0301844
0.0302948
0.0303873
0.0304599
0.030511
0.0305392
0.0305422
0.0242106
0.0237436
0.0231062
0.0223356
0.021471
0.0205404
0.0195605
0.0185407
0.0174889
0.0164166
0.0153436
0.0143003
0.013328
0.0124731
0.0117796
0.0112795
0.0109865
0.0108954
0.0109853
0.0112269
0.0115882
0.0120389
0.0125533
0.0131104
0.0136938
0.0142911
0.0148932
0.0154935
0.016087
0.0166705
0.0172416
0.0177988
0.018341
0.0188678
0.0193788
0.019874
0.0203536
0.0208177
0.0212666
0.0217007
0.0221202
0.0225257
0.0229174
0.0232955
0.0236605
0.0240125
0.0243517
0.0246784
0.0249928
0.0252949
0.025585
0.0258632
0.0261298
0.0263848
0.0266288
0.0268619
0.0270846
0.0272973
0.0275006
0.0276947
0.0278801
0.028057
0.0282254
0.028385
0.0285355
0.0286758
0.0288051
0.028922
0.0290249
0.029112
0.0291818
0.0292324
0.0292622
0.0292698
0.0292531
0.0241052
0.0234313
0.0225319
0.0214868
0.0203546
0.0191688
0.0179474
0.0167039
0.0154569
0.014237
0.0130889
0.0120682
0.0112307
0.010619
0.0102521
0.0101227
0.0102026
0.010453
0.0108326
0.0113046
0.0118384
0.0124105
0.0130033
0.0136042
0.0142042
0.0147971
0.0153786
0.0159461
0.0164977
0.0170325
0.01755
0.0180501
0.0185328
0.0189985
0.0194477
0.0198807
0.0202981
0.0207004
0.0210882
0.0214621
0.0218224
0.0221696
0.0225043
0.0228267
0.0231373
0.0234361
0.0237237
0.0240002
0.0242659
0.0245209
0.0247654
0.0249996
0.0252237
0.0254381
0.025643
0.0258388
0.0260259
0.0262048
0.0263759
0.0265395
0.0266961
0.0268456
0.0269881
0.0271231
0.02725
0.0273679
0.0274757
0.027572
0.027655
0.0277232
0.0277748
0.0278081
0.0278215
0.0278139
0.027783
0.0239247
0.0229474
0.0217086
0.020339
0.0189108
0.0174579
0.0160015
0.0145679
0.0131992
0.0119556
0.0109061
0.0101111
0.00960357
0.0093806
0.0094088
0.00963812
0.0100157
0.0104949
0.0110383
0.0116184
0.0122156
0.0128162
0.0134111
0.0139944
0.0145623
0.0151126
0.015644
0.0161559
0.0166484
0.0171218
0.0175765
0.0180131
0.0184323
0.0188348
0.0192214
0.0195928
0.0199496
0.0202926
0.0206223
0.0209394
0.0212443
0.0215377
0.0218199
0.0220914
0.0223523
0.0226032
0.0228442
0.0230757
0.0232978
0.0235107
0.0237147
0.0239099
0.0240966
0.0242751
0.0244457
0.0246088
0.0247647
0.024914
0.0250571
0.0251943
0.0253257
0.0254515
0.0255715
0.0256852
0.025792
0.0258908
0.0259804
0.0260593
0.026126
0.0261788
0.0262159
0.0262358
0.0262371
0.0262185
0.0261781
0.0236319
0.0222386
0.020592
0.0188676
0.0171386
0.0154372
0.0137959
0.0122677
0.0109275
0.0098566
0.00911452
0.00871637
0.00863081
0.00879691
0.00914588
0.00961631
0.0101603
0.0107434
0.0113421
0.0119411
0.0125304
0.0131041
0.0136586
0.0141921
0.0147038
0.0151937
0.015662
0.0161096
0.0165373
0.0169458
0.0173363
0.0177096
0.0180666
0.0184083
0.0187354
0.0190489
0.0193493
0.0196374
0.0199139
0.0201793
0.0204342
0.020679
0.0209142
0.02114
0.0213569
0.0215651
0.021765
0.0219568
0.0221406
0.0223167
0.0224852
0.0226463
0.0228004
0.0229477
0.0230884
0.0232231
0.0233521
0.0234758
0.0235946
0.0237088
0.0238186
0.0239239
0.0240245
0.0241199
0.0242093
0.0242918
0.024366
0.0244304
0.0244837
0.024524
0.0245498
0.0245596
0.024552
0.0245262
0.02448
0.0231803
0.021255
0.0191554
0.0170758
0.0150755
0.0131895
0.0114763
0.0100234
0.00892264
0.00822801
0.00793002
0.00796429
0.00824265
0.0086813
0.00921438
0.00979562
0.0103946
0.0109924
0.0115774
0.0121431
0.012686
0.0132045
0.0136983
0.0141677
0.0146136
0.0150371
0.0154393
0.0158215
0.0161848
0.0165304
0.0168595
0.0171731
0.0174722
0.0177577
0.0180304
0.0182912
0.0185407
0.0187796
0.0190084
0.0192279
0.0194383
0.0196402
0.0198339
0.0200197
0.0201981
0.0203691
0.0205332
0.0206904
0.0208411
0.0209852
0.0211231
0.0212549
0.0213808
0.0215012
0.0216164
0.0217266
0.0218325
0.0219342
0.0220321
0.0221266
0.0222177
0.0223053
0.0223892
0.0224689
0.0225435
0.022612
0.0226731
0.0227256
0.0227677
0.0227981
0.0228152
0.0228176
0.0228041
0.0227739
0.0227251
0.0225166
0.019959
0.0173989
0.0150028
0.0128069
0.0108615
0.00925981
0.00810193
0.00743379
0.00721587
0.00734688
0.00771161
0.00821381
0.00878559
0.00938359
0.0099818
0.0105653
0.0111262
0.0116606
0.012167
0.0126456
0.0130971
0.0135229
0.0139244
0.0143032
0.014661
0.014999
0.0153189
0.0156219
0.0159092
0.016182
0.0164413
0.0166881
0.0169231
0.0171473
0.0173613
0.0175658
0.0177613
0.0179485
0.0181277
0.0182994
0.018464
0.0186217
0.018773
0.018918
0.0190571
0.0191903
0.0193179
0.0194401
0.0195569
0.0196686
0.0197754
0.0198773
0.0199749
0.0200682
0.0201577
0.0202438
0.0203267
0.0204069
0.0204845
0.0205596
0.0206321
0.0207017
0.0207678
0.0208297
0.0208863
0.0209364
0.0209788
0.0210119
0.0210345
0.021045
0.0210423
0.0210252
0.020993
0.020944
0.021586
0.0183353
0.0153564
0.0127304
0.0104721
0.00865899
0.00739448
0.00671592
0.0065496
0.00675241
0.00718033
0.00772518
0.00831785
0.00891816
0.00950422
0.0100649
0.0105953
0.0110939
0.0115609
0.0119978
0.0124064
0.0127886
0.0131465
0.013482
0.013797
0.0140931
0.0143719
0.0146348
0.0148832
0.0151181
0.0153407
0.0155518
0.0157524
0.0159432
0.0161249
0.0162981
0.0164635
0.0166215
0.0167726
0.0169172
0.0170556
0.0171882
0.0173152
0.0174369
0.0175535
0.0176653
0.0177724
0.0178748
0.0179729
0.0180666
0.0181562
0.0182418
0.0183235
0.0184017
0.0184767
0.0185487
0.018618
0.0186851
0.0187502
0.0188134
0.0188749
0.0189344
0.0189917
0.0190462
0.0190972
0.0191437
0.0191845
0.0192186
0.0192444
0.0192609
0.0192666
0.0192605
0.0192417
0.0192094
0.0191622
0.02034
0.0163994
0.0130999
0.0103851
0.00826007
0.00681057
0.00606552
0.005914
0.00616319
0.00663475
0.00720653
0.00780755
0.00840042
0.00896701
0.00949957
0.00999581
0.0104562
0.0108827
0.0112777
0.0116437
0.0119834
0.0122992
0.0125933
0.0128678
0.0131244
0.0133649
0.0135907
0.013803
0.0140031
0.0141921
0.0143708
0.01454
0.0147006
0.0148532
0.0149984
0.0151367
0.0152686
0.0153946
0.0155149
0.0156301
0.0157402
0.0158457
0.0159467
0.0160435
0.0161362
0.016225
0.01631
0.0163914
0.0164692
0.0165436
0.0166146
0.0166825
0.0167473
0.0168094
0.016869
0.0169263
0.0169817
0.0170354
0.0170877
0.0171388
0.0171887
0.0172371
0.0172839
0.0173285
0.0173702
0.0174081
0.0174411
0.0174682
0.0174882
0.0175
0.0175023
0.0174943
0.0174752
0.0174442
0.0174002
0.0187468
0.0142036
0.0107404
0.00813539
0.00638082
0.00548578
0.00530019
0.00556891
0.00606785
0.0066553
0.00725637
0.00783565
0.00837832
0.00887971
0.00933996
0.00976142
0.0101473
0.0105009
0.0108256
0.0111245
0.0114002
0.0116552
0.0118917
0.0121116
0.0123165
0.0125081
0.0126875
0.0128559
0.0130143
0.0131637
0.0133048
0.0134383
0.0135648
0.0136849
0.0137991
0.0139078
0.0140115
0.0141105
0.014205
0.0142954
0.0143819
0.0144646
0.0145439
0.0146198
0.0146926
0.0147623
0.014829
0.0148928
0.0149538
0.0150121
0.0150678
0.015121
0.0151718
0.0152205
0.0152673
0.0153125
0.0153562
0.0153988
0.0154405
0.0154813
0.0155214
0.0155604
0.0155983
0.0156344
0.0156681
0.0156987
0.0157252
0.0157466
0.0157619
0.0157701
0.0157702
0.0157614
0.0157429
0.0157144
0.0156745
0.0168034
0.0118383
0.00842427
0.00617248
0.00499947
0.0047092
0.00496549
0.00547744
0.00607288
0.00666903
0.00723126
0.00774764
0.00821641
0.00864003
0.00902258
0.00936849
0.009682
0.009967
0.0102269
0.0104648
0.0106832
0.0108844
0.0110704
0.0112428
0.0114031
0.0115526
0.0116923
0.0118233
0.0119463
0.0120622
0.0121715
0.0122749
0.0123728
0.0124657
0.0125541
0.0126381
0.0127183
0.0127948
0.0128679
0.0129378
0.0130046
0.0130686
0.0131299
0.0131886
0.0132449
0.0132988
0.0133503
0.0133997
0.0134469
0.013492
0.0135351
0.0135763
0.0136157
0.0136534
0.0136897
0.0137249
0.013759
0.0137924
0.0138252
0.0138575
0.0138892
0.0139204
0.0139506
0.0139795
0.0140066
0.014031
0.014052
0.0140687
0.0140803
0.0140858
0.0140845
0.0140757
0.0140587
0.0140331
0.013998
0.014546
0.00942907
0.00632284
0.0046639
0.0041562
0.00435459
0.00486448
0.00546279
0.00605172
0.00659547
0.00708469
0.00752045
0.00790758
0.00825186
0.00855892
0.00883382
0.00908099
0.0093042
0.00950664
0.00969104
0.00985969
0.0100145
0.0101572
0.0102892
0.0104117
0.0105257
0.0106321
0.0107317
0.0108253
0.0109132
0.0109962
0.0110747
0.011149
0.0112194
0.0112864
0.0113502
0.011411
0.0114691
0.0115246
0.0115776
0.0116284
0.011677
0.0117236
0.0117683
0.0118111
0.0118521
0.0118914
0.011929
0.011965
0.0119994
0.0120322
0.0120636
0.0120937
0.0121226
0.0121504
0.0121773
0.0122036
0.0122294
0.0122549
0.0122801
0.012305
0.0123295
0.0123533
0.0123762
0.0123975
0.0124167
0.0124332
0.0124461
0.0124547
0.0124583
0.0124563
0.012448
0.0124329
0.0124107
0.0123806
0.0120585
0.00712909
0.00460496
0.00368212
0.00374525
0.0042321
0.00482949
0.00541102
0.00593653
0.00639878
0.00680186
0.00715309
0.00746005
0.00772958
0.00796756
0.00817887
0.00836758
0.00853703
0.00869001
0.00882879
0.00895531
0.00907114
0.00917765
0.00927596
0.00936704
0.00945172
0.00953069
0.00960457
0.00967387
0.00973907
0.00980055
0.00985866
0.0099137
0.00996594
0.0100156
0.0100629
0.0101081
0.0101512
0.0101924
0.0102319
0.0102697
0.0103059
0.0103406
0.010374
0.0104059
0.0104366
0.010466
0.0104941
0.0105211
0.0105468
0.0105715
0.010595
0.0106176
0.0106393
0.0106603
0.0106807
0.0107006
0.0107203
0.0107397
0.0107591
0.0107783
0.0107973
0.0108158
0.0108336
0.0108502
0.0108651
0.0108777
0.0108875
0.0108939
0.0108962
0.0108938
0.0108864
0.0108735
0.0108549
0.0108298
0.00947284
0.00510404
0.00338476
0.00316083
0.00358575
0.0041775
0.00475325
0.00526217
0.00569849
0.00606964
0.00638579
0.00665649
0.0068899
0.00709265
0.00727012
0.00742658
0.00756548
0.0076896
0.00780119
0.00790209
0.00799381
0.0080776
0.00815449
0.00822537
0.00829096
0.00835189
0.00840869
0.00846181
0.00851165
0.00855853
0.00860276
0.00864458
0.00868423
0.00872189
0.00875773
0.00879191
0.00882455
0.00885577
0.00888564
0.00891426
0.00894171
0.00896805
0.00899335
0.00901764
0.00904099
0.0090634
0.00908491
0.00910554
0.0091253
0.00914422
0.00916233
0.00917967
0.00919632
0.00921235
0.00922788
0.00924302
0.00925789
0.00927261
0.00928726
0.00930189
0.00931647
0.00933091
0.00934504
0.00935861
0.00937127
0.00938263
0.00939222
0.00939956
0.00940416
0.00940554
0.00940327
0.00939697
0.00938633
0.00937116
0.00935088
0.00696228
0.00350386
0.0026611
0.00293606
0.00351106
0.004084
0.0045794
0.0049915
0.00533172
0.00561362
0.00584911
0.00604773
0.00621695
0.00636255
0.006489
0.00659976
0.00669757
0.00678459
0.00686254
0.00693283
0.00699656
0.00705469
0.00710796
0.00715701
0.00720239
0.00724452
0.00728381
0.00732056
0.00735506
0.00738754
0.00741822
0.00744726
0.00747482
0.00750105
0.00752605
0.00754992
0.00757277
0.00759466
0.00761563
0.00763577
0.00765511
0.00767371
0.00769161
0.00770883
0.00772541
0.00774137
0.0077567
0.00777144
0.00778558
0.00779914
0.00781215
0.00782463
0.00783663
0.00784822
0.00785948
0.0078705
0.00788137
0.00789218
0.00790298
0.00791381
0.00792464
0.00793541
0.00794597
0.00795613
0.0079656
0.00797408
0.00798122
0.00798662
0.00798992
0.00799075
0.00798877
0.00798368
0.00797527
0.00796338
0.00794757
0.00472193
0.00241259
0.00231024
0.0028345
0.00340776
0.00389434
0.00428463
0.00459496
0.00484331
0.00504442
0.00520949
0.00534679
0.00546248
0.00556112
0.00564615
0.00572019
0.00578525
0.0058429
0.00589438
0.00594068
0.00598259
0.00602076
0.00605572
0.0060879
0.00611767
0.00614534
0.00617115
0.00619533
0.00621806
0.0062395
0.00625978
0.00627903
0.00629734
0.0063148
0.00633149
0.00634748
0.00636281
0.00637754
0.00639169
0.00640531
0.00641843
0.00643109
0.0064433
0.00645508
0.00646646
0.00647744
0.00648803
0.00649823
0.00650804
0.00651748
0.00652655
0.00653528
0.00654371
0.00655187
0.00655983
0.00656766
0.00657541
0.00658315
0.00659093
0.00659876
0.00660662
0.00661445
0.00662216
0.00662957
0.0066365
0.0066427
0.0066479
0.00665182
0.00665419
0.00665471
0.00665316
0.00664931
0.006643
0.00663411
0.0066223
0.00293379
0.00179532
0.00215579
0.0027275
0.00321222
0.00358393
0.00386531
0.00408045
0.00424775
0.00438029
0.00448722
0.00457495
0.00464805
0.0047098
0.00476265
0.00480838
0.00484838
0.00488368
0.00491512
0.00494334
0.00496885
0.00499207
0.00501335
0.00503294
0.00505109
0.00506799
0.00508379
0.00509863
0.00511261
0.00512585
0.00513842
0.00515039
0.00516182
0.00517276
0.00518327
0.00519337
0.00520311
0.00521249
0.00522154
0.00523029
0.00523876
0.00524695
0.0052549
0.00526261
0.00527008
0.00527731
0.00528432
0.0052911
0.00529765
0.00530397
0.00531007
0.00531596
0.00532168
0.00532724
0.00533269
0.00533808
0.00534344
0.00534882
0.00535425
0.00535974
0.00536527
0.0053708
0.00537625
0.00538151
0.00538643
0.00539084
0.00539455
0.00539736
0.00539906
0.00539948
0.00539842
0.00539574
0.00539132
0.00538509
0.00537679
0.00170896
0.00150482
0.0020444
0.00253723
0.00289507
0.00314817
0.00332982
0.00346341
0.00356428
0.00364235
0.00370417
0.00375413
0.00379524
0.00382961
0.00385877
0.00388384
0.00390565
0.00392483
0.00394186
0.00395713
0.00397093
0.0039835
0.00399503
0.00400568
0.00401558
0.00402484
0.00403353
0.00404173
0.00404951
0.00405692
0.00406399
0.00407078
0.0040773
0.00408359
0.00408967
0.00409556
0.00410127
0.00410681
0.00411218
0.00411741
0.00412251
0.00412748
0.00413233
0.00413706
0.00414168
0.00414618
0.00415056
0.00415483
0.00415897
0.004163
0.00416691
0.00417071
0.00417442
0.00417805
0.00418162
0.00418518
0.00418874
0.00419233
0.00419597
0.00419966
0.00420339
0.00420714
0.00421083
0.00421441
0.00421777
0.0042208
0.00422337
0.00422535
0.00422661
0.00422701
0.00422644
0.00422481
0.00422203
0.00421805
0.0042127
0.00102197
0.00136042
0.00187193
0.00222402
0.00244908
0.00259591
0.00269532
0.00276524
0.00281618
0.00285447
0.00288405
0.00290745
0.00292637
0.00294196
0.00295502
0.00296614
0.00297574
0.00298414
0.00299158
0.00299825
0.00300429
0.00300981
0.00301491
0.00301965
0.00302409
0.00302829
0.00303227
0.00303608
0.00303973
0.00304325
0.00304666
0.00304997
0.0030532
0.00305635
0.00305944
0.00306247
0.00306544
0.00306835
0.00307121
0.00307403
0.0030768
0.00307953
0.00308223
0.00308489
0.0030875
0.00309008
0.00309262
0.00309511
0.00309755
0.00309994
0.00310229
0.00310458
0.00310684
0.00310907
0.00311128
0.0031135
0.00311573
0.00311799
0.00312029
0.00312262
0.00312499
0.00312738
0.00312974
0.00313203
0.00313419
0.00313617
0.00313787
0.00313922
0.00314014
0.00314056
0.0031404
0.00313961
0.00313814
0.00313597
0.00313296
0.00071366
0.00121543
0.00157851
0.00177563
0.00188461
0.00194865
0.00198855
0.00201472
0.00203262
0.00204532
0.00205461
0.0020616
0.002067
0.00207126
0.00207471
0.00207756
0.00207997
0.00208205
0.00208389
0.00208554
0.00208706
0.00208847
0.00208981
0.0020911
0.00209235
0.00209357
0.00209478
0.00209598
0.00209717
0.00209837
0.00209958
0.00210079
0.00210201
0.00210324
0.00210448
0.00210573
0.00210699
0.00210825
0.00210952
0.0021108
0.00211208
0.00211337
0.00211467
0.00211597
0.00211728
0.00211858
0.00211988
0.00212118
0.00212247
0.00212375
0.00212502
0.00212629
0.00212754
0.00212879
0.00213005
0.00213131
0.00213259
0.00213389
0.00213522
0.00213657
0.00213794
0.00213931
0.00214068
0.00214201
0.00214328
0.00214445
0.00214548
0.00214634
0.00214699
0.00214738
0.00214748
0.00214727
0.00214672
0.00214582
0.00214449
0.000607514
0.000974735
0.00114433
0.00120912
0.00123574
0.00124751
0.00125278
0.00125492
0.00125547
0.00125521
0.00125452
0.00125362
0.00125265
0.00125168
0.00125073
0.00124985
0.00124904
0.0012483
0.00124765
0.00124708
0.00124659
0.00124617
0.00124583
0.00124555
0.00124534
0.0012452
0.00124511
0.00124508
0.0012451
0.00124517
0.00124529
0.00124545
0.00124565
0.00124589
0.00124617
0.00124648
0.00124682
0.00124718
0.00124757
0.00124799
0.00124843
0.00124889
0.00124937
0.00124987
0.00125039
0.00125092
0.00125147
0.00125203
0.00125259
0.00125317
0.00125375
0.00125434
0.00125494
0.00125555
0.00125616
0.00125678
0.00125741
0.00125806
0.00125871
0.00125938
0.00126005
0.00126073
0.0012614
0.00126205
0.00126268
0.00126327
0.00126381
0.00126428
0.00126467
0.00126497
0.00126516
0.00126523
0.00126519
0.00126501
0.00126467
0.000506411
0.000492149
0.000480643
0.000472531
0.000466284
0.000461356
0.00045739
0.000454134
0.000451416
0.000449115
0.000447145
0.000445444
0.000443964
0.00044267
0.000441533
0.00044053
0.000439645
0.000438861
0.000438167
0.000437552
0.000437007
0.000436526
0.000436101
0.000435728
0.000435401
0.000435117
0.000434871
0.000434661
0.000434483
0.000434335
0.000434215
0.00043412
0.000434049
0.000434
0.000433971
0.000433961
0.000433968
0.000433992
0.000434031
0.000434085
0.000434152
0.000434231
0.000434321
0.000434423
0.000434534
0.000434655
0.000434784
0.000434921
0.000435066
0.000435217
0.000435374
0.000435537
0.000435706
0.000435881
0.00043606
0.000436244
0.000436433
0.000436626
0.000436823
0.000437022
0.000437223
0.000437425
0.000437624
0.00043782
0.000438009
0.00043819
0.000438359
0.000438514
0.000438653
0.000438773
0.000438872
0.000438948
0.000439001
0.000439028
0.000439031
)
;

boundaryField
{
    lowerWall
    {
        type            nutkWallFunction;
        Cmu             0.09;
        kappa           0.41;
        E               9.8;
        value           nonuniform List<scalar> 
75
(
6.12961e-05
5.95672e-05
5.81686e-05
5.71801e-05
5.64177e-05
5.58154e-05
5.53301e-05
5.49314e-05
5.45982e-05
5.4316e-05
5.40742e-05
5.38653e-05
5.36836e-05
5.35245e-05
5.33848e-05
5.32616e-05
5.31527e-05
5.30563e-05
5.29708e-05
5.28952e-05
5.28282e-05
5.27689e-05
5.27166e-05
5.26707e-05
5.26304e-05
5.25954e-05
5.25652e-05
5.25392e-05
5.25173e-05
5.24991e-05
5.24843e-05
5.24726e-05
5.24639e-05
5.24578e-05
5.24542e-05
5.2453e-05
5.2454e-05
5.24569e-05
5.24617e-05
5.24683e-05
5.24765e-05
5.24863e-05
5.24974e-05
5.25099e-05
5.25236e-05
5.25385e-05
5.25544e-05
5.25713e-05
5.25891e-05
5.26078e-05
5.26273e-05
5.26475e-05
5.26684e-05
5.26901e-05
5.27124e-05
5.27353e-05
5.27588e-05
5.27828e-05
5.28072e-05
5.28319e-05
5.28566e-05
5.28812e-05
5.29055e-05
5.29291e-05
5.29518e-05
5.29732e-05
5.29931e-05
5.3011e-05
5.30269e-05
5.30403e-05
5.3051e-05
5.3059e-05
5.30641e-05
5.30662e-05
5.30654e-05
)
;
    }
    upperWall
    {
        type            nutkWallFunction;
        Cmu             0.09;
        kappa           0.41;
        E               9.8;
        value           nonuniform List<scalar> 
75
(
6.13382e-05
5.96092e-05
5.821e-05
5.72211e-05
5.64583e-05
5.58556e-05
5.537e-05
5.49711e-05
5.46377e-05
5.43553e-05
5.41134e-05
5.39044e-05
5.37225e-05
5.35634e-05
5.34236e-05
5.33003e-05
5.31913e-05
5.30948e-05
5.30094e-05
5.29336e-05
5.28666e-05
5.28073e-05
5.2755e-05
5.2709e-05
5.26688e-05
5.26337e-05
5.26034e-05
5.25775e-05
5.25556e-05
5.25373e-05
5.25225e-05
5.25108e-05
5.25021e-05
5.2496e-05
5.24924e-05
5.24912e-05
5.24922e-05
5.24951e-05
5.24999e-05
5.25065e-05
5.25147e-05
5.25245e-05
5.25356e-05
5.25481e-05
5.25619e-05
5.25768e-05
5.25927e-05
5.26096e-05
5.26274e-05
5.26461e-05
5.26655e-05
5.26858e-05
5.27067e-05
5.27283e-05
5.27506e-05
5.27735e-05
5.2797e-05
5.28209e-05
5.28453e-05
5.28699e-05
5.28946e-05
5.29192e-05
5.29434e-05
5.29671e-05
5.29897e-05
5.30112e-05
5.3031e-05
5.3049e-05
5.30649e-05
5.30783e-05
5.30891e-05
5.30971e-05
5.31022e-05
5.31043e-05
5.31035e-05
)
;
    }
    inlet
    {
        type            calculated;
        value           uniform 0.0245118;
    }
    outlet
    {
        type            calculated;
        value           nonuniform List<scalar> 
60
(
0.00043872
0.00126372
0.00214284
0.00313053
0.00420943
0.00537261
0.00661714
0.00794137
0.0093436
0.0108214
0.0123711
0.0139873
0.0156627
0.0173875
0.0191489
0.0209303
0.0227113
0.0244666
0.0261654
0.0277715
0.029243
0.0305337
0.0315957
0.0323863
0.0328801
0.0330927
0.0331167
0.0331521
0.033434
0.0338826
0.0338879
0.0334457
0.033164
0.033126
0.0330997
0.032886
0.0323923
0.0316027
0.0305422
0.0292531
0.027783
0.0261781
0.02448
0.0227251
0.020944
0.0191622
0.0174002
0.0156745
0.013998
0.0123806
0.0108298
0.00935088
0.00794757
0.0066223
0.00537679
0.0042127
0.00313296
0.00214449
0.00126467
0.000439031
)
;
    }
    frontAndBack
    {
        type            empty;
    }
}


// ************************************************************************* //
