/*--------------------------------*- C++ -*----------------------------------*\
  =========                 |
  \\      /  F ield         | OpenFOAM: The Open Source CFD Toolbox
   \\    /   O peration     | Website:  https://openfoam.org
    \\  /    A nd           | Version:  7
     \\/     M anipulation  |
\*---------------------------------------------------------------------------*/
FoamFile
{
    version     2.0;
    format      ascii;
    class       volScalarField;
    location    "450";
    object      epsilon;
}
// * * * * * * * * * * * * * * * * * * * * * * * * * * * * * * * * * * * * * //

dimensions      [0 2 -3 0 0 0 0];

internalField   nonuniform List<scalar> 
4500
(
789.607
724.717
675.056
641.444
616.337
596.999
581.733
569.399
559.236
550.727
543.512
537.331
531.994
527.355
523.302
519.746
516.618
513.86
511.426
509.275
507.376
505.702
504.228
502.936
501.808
500.831
499.994
499.288
498.704
498.235
497.871
497.601
497.408
497.272
497.17
497.074
496.957
496.793
496.56
496.243
495.831
495.32
494.712
494.015
493.241
492.403
491.518
490.602
489.673
488.747
487.842
486.972
486.151
485.393
484.71
484.113
483.613
483.217
482.932
482.767
482.723
482.806
483.017
483.356
483.822
484.412
485.121
485.944
486.872
487.9
489.017
490.215
491.482
492.804
494.126
180.467
258.6
265.807
255.427
244.809
236.24
229.47
224.046
219.618
215.941
212.845
210.208
207.941
205.978
204.268
202.77
201.455
200.297
199.274
198.371
197.573
196.869
196.248
195.702
195.225
194.809
194.45
194.145
193.889
193.678
193.508
193.373
193.266
193.179
193.101
193.023
192.934
192.826
192.692
192.527
192.33
192.101
191.843
191.559
191.256
190.94
190.616
190.292
189.973
189.667
189.377
189.11
188.87
188.661
188.486
188.349
188.253
188.199
188.19
188.226
188.308
188.435
188.608
188.827
189.091
189.397
189.744
190.129
190.549
191.001
191.48
191.985
192.509
193.049
193.583
52.4732
112.464
134.457
135.922
132.522
128.669
125.265
122.401
120.007
117.993
116.284
114.823
113.562
112.469
111.515
110.679
109.944
109.296
108.724
108.219
107.772
107.376
107.028
106.721
106.452
106.217
106.014
105.84
105.693
105.57
105.47
105.388
105.321
105.265
105.214
105.164
105.11
105.048
104.975
104.889
104.79
104.678
104.556
104.424
104.286
104.145
104.004
103.864
103.731
103.605
103.489
103.385
103.295
103.22
103.162
103.122
103.1
103.098
103.116
103.155
103.213
103.291
103.39
103.51
103.649
103.807
103.983
104.176
104.385
104.607
104.843
105.09
105.346
105.609
105.868
18.9423
52.8112
76.111
83.4465
84.1244
82.8547
81.1903
79.5846
78.1513
76.9017
75.8187
74.8793
74.0618
73.3479
72.7222
72.1719
71.6867
71.2581
70.8788
70.5429
70.2455
69.9822
69.7494
69.5442
69.3638
69.206
69.0689
68.9508
68.8502
68.7656
68.6952
68.6372
68.5895
68.5496
68.5149
68.4828
68.4507
68.4166
68.379
68.3368
68.2898
68.2382
68.1825
68.1238
68.0632
68.0019
67.9412
67.8822
67.8262
67.7743
67.7272
67.6857
67.6505
67.6222
67.6013
67.5882
67.5832
67.5865
67.5982
67.6184
67.6471
67.685
67.7323
67.7889
67.8548
67.9298
68.0137
68.1062
68.2068
68.3151
68.4305
68.5524
68.6802
68.8131
68.9451
8.1872
25.0217
43.8942
53.7537
57.1337
57.7145
57.2786
56.5262
55.7185
54.9491
54.2478
53.6201
53.0624
52.5681
52.1302
51.742
51.3976
51.0917
50.82
50.5786
50.3641
50.1737
50.005
49.8558
49.7243
49.6089
49.5082
49.421
49.3462
49.2829
49.2301
49.1867
49.1516
49.1235
49.1012
49.0832
49.0682
49.0549
49.0423
49.0296
49.0161
49.0017
48.9862
48.9697
48.9522
48.9341
48.9156
48.8971
48.8788
48.8611
48.8442
48.8281
48.8132
48.7995
48.7872
48.7765
48.7674
48.76
48.7546
48.751
48.7501
48.7523
48.7579
48.7671
48.7805
48.7982
48.8204
48.8474
48.8793
48.9161
48.958
49.0048
49.0565
49.1131
49.1719
4.2188
11.9892
24.7098
34.5695
39.5749
41.5705
42.1325
42.0729
41.7614
41.3618
40.9462
40.5459
40.1736
39.8334
39.5253
39.2478
38.9985
38.7751
38.575
38.3962
38.2364
38.094
37.9673
37.8548
37.7553
37.6676
37.5908
37.524
37.4665
37.4177
37.3772
37.3445
37.3192
37.3009
37.289
37.2828
37.2816
37.2845
37.2905
37.2988
37.3085
37.3187
37.3287
37.338
37.346
37.3524
37.3568
37.359
37.3589
37.3563
37.3511
37.3433
37.3327
37.3194
37.3035
37.2849
37.2638
37.2403
37.2146
37.1872
37.1588
37.13
37.1013
37.0733
37.0466
37.0217
36.9994
36.9801
36.9643
36.9524
36.9449
36.942
36.9442
36.9517
36.964
2.53586
6.06763
13.4269
21.5411
27.1065
30.0891
31.4755
32.0206
32.1462
32.069
31.8979
31.6884
31.4685
31.2526
31.0476
30.8568
30.6813
30.521
30.3754
30.2438
30.1251
30.0185
29.9231
29.8379
29.7621
29.6951
29.6361
29.5846
29.5402
29.5027
29.472
29.4481
29.4311
29.4212
29.4182
29.422
29.4319
29.4474
29.4673
29.4906
29.5161
29.5426
29.5689
29.5939
29.6167
29.6364
29.6524
29.6642
29.6714
29.6736
29.6705
29.6621
29.6481
29.6286
29.6035
29.573
29.5372
29.4965
29.4511
29.4019
29.3497
29.2949
29.2384
29.1811
29.1236
29.067
29.0119
28.9591
28.9094
28.8635
28.8219
28.7852
28.7539
28.7288
28.7105
1.72014
3.39495
7.19137
12.8165
17.9493
21.4137
23.4192
24.4852
25.0083
25.2292
25.2842
25.2494
25.1674
25.0624
24.9482
24.8326
24.7203
24.6137
24.514
24.4218
24.3373
24.2604
24.1907
24.1279
24.0717
24.0215
23.9772
23.9384
23.905
23.8771
23.8549
23.8388
23.8292
23.8266
23.8313
23.8432
23.8619
23.8868
23.9168
23.9506
23.9867
24.0235
24.0596
24.0935
24.1241
24.1502
24.1709
24.1857
24.1938
24.195
24.1889
24.1754
24.1543
24.1257
24.0896
24.0463
23.9959
23.939
23.8763
23.8084
23.7363
23.6607
23.5826
23.5028
23.4223
23.3423
23.2635
23.1869
23.1135
23.0439
22.979
22.9193
22.8656
22.8187
22.7803
1.27853
2.13151
3.97937
7.32524
11.3239
14.7132
17.0625
18.5327
19.4051
19.9031
20.1732
20.3058
20.3557
20.3562
20.3275
20.2824
20.2286
20.1713
20.1134
20.0569
20.0032
19.9527
19.906
19.8632
19.8242
19.7892
19.758
19.7306
19.7071
19.688
19.6736
19.6646
19.6616
19.6655
19.6766
19.695
19.7205
19.7524
19.7894
19.83
19.8727
19.9155
19.9569
19.9952
20.0289
20.0568
20.078
20.0917
20.0973
20.0944
20.0827
20.0622
20.0327
19.9943
19.9473
19.8919
19.8286
19.7579
19.6807
19.5979
19.5103
19.4188
19.3244
19.2283
19.1314
19.0349
18.9397
18.8469
18.7575
18.6722
18.5919
18.5173
18.4491
18.3881
18.3367
1.01869
1.48311
2.38188
4.15478
6.80161
9.62717
11.9836
13.6873
14.8322
15.5744
16.0458
16.3399
16.5189
16.623
16.6785
16.7023
16.7057
16.6961
16.6786
16.6564
16.632
16.6067
16.5818
16.5578
16.5353
16.5145
16.4957
16.4792
16.4653
16.4545
16.4475
16.4452
16.4485
16.4581
16.4746
16.4983
16.5288
16.5655
16.607
16.6518
16.698
16.7438
16.7873
16.8268
16.8606
16.8877
16.9069
16.9174
16.9186
16.9103
16.8922
16.8642
16.8264
16.779
16.7223
16.6567
16.5826
16.501
16.4128
16.3188
16.2199
16.1171
16.0115
15.9043
15.7966
15.6894
15.5838
15.4808
15.3814
15.2865
15.1969
15.1133
15.0363
14.9669
14.9075
0.856486
1.12027
1.57153
2.45563
3.97547
5.97825
8.01089
9.72611
11.0249
11.954
12.6007
13.0453
13.349
13.5554
13.6948
13.7877
13.8485
13.8869
13.9097
13.9219
13.9266
13.9265
13.9232
13.9179
13.9117
13.905
13.8986
13.8928
13.8884
13.8859
13.8863
13.8906
13.8996
13.9144
13.9356
13.9634
13.9976
14.0375
14.0816
14.1285
14.1762
14.2228
14.2663
14.305
14.3372
14.3618
14.3777
14.3841
14.3805
14.3666
14.3423
14.3075
14.2625
14.2075
14.143
14.0693
13.9874
13.898
13.802
13.7004
13.5941
13.4843
13.372
13.2583
13.1443
13.0312
12.92
12.8116
12.7071
12.6073
12.5129
12.4247
12.3432
12.2693
12.2056
0.751138
0.901882
1.1357
1.57101
2.36209
3.58036
5.07589
6.57156
7.86573
8.89151
9.66657
10.2385
10.6564
10.9608
11.1828
11.345
11.4638
11.551
11.6151
11.6622
11.6969
11.7225
11.7413
11.7552
11.7655
11.7734
11.7796
11.785
11.7903
11.7964
11.8042
11.815
11.8297
11.8493
11.8746
11.9058
11.9427
11.9845
12.0299
12.0775
12.1252
12.1712
12.2134
12.2502
12.28
12.3015
12.3137
12.316
12.3078
12.2889
12.2592
12.219
12.1684
12.1078
12.0376
11.9585
11.8714
11.7772
11.6768
11.571
11.461
11.3477
11.2324
11.116
10.9998
10.8846
10.7716
10.6617
10.5557
10.4545
10.3588
10.2692
10.1863
10.1108
10.0453
0.681084
0.763094
0.884561
1.10001
1.49244
2.15026
3.09086
4.2063
5.32813
6.32978
7.15924
7.817
8.32691
8.71822
9.01769
9.24721
9.42379
9.56035
9.6666
9.74982
9.81546
9.86766
9.90951
9.9434
9.97114
9.99418
10.0137
10.0307
10.0462
10.0612
10.0769
10.0944
10.1148
10.1391
10.1682
10.2022
10.2411
10.2841
10.33
10.3773
10.4242
10.4688
10.5091
10.5436
10.5707
10.5891
10.598
10.5966
10.5846
10.5619
10.5284
10.4843
10.43
10.3658
10.2924
10.2105
10.121
10.0248
9.92283
9.81596
9.70528
9.5918
9.47662
9.36076
9.24526
9.13112
9.01929
8.91064
8.806
8.70609
8.61156
8.52298
8.44084
8.3658
8.30033
0.63403
0.671598
0.730768
0.83575
1.02644
1.35691
1.87632
2.58645
3.41896
4.27087
5.05819
5.73808
6.30134
6.75721
7.12188
7.41233
7.64372
7.82861
7.97704
8.09693
8.1944
8.27423
8.34013
8.39497
8.44104
8.48013
8.51372
8.54312
8.5695
8.59406
8.61799
8.64252
8.66884
8.69797
8.7307
8.76738
8.80793
8.85172
8.89767
8.94435
8.99003
9.03294
9.07129
9.10347
9.12805
9.1439
9.15014
9.14616
9.13163
9.10643
9.07067
9.02459
8.96855
8.90303
8.82873
8.7465
8.65715
8.56153
8.46059
8.35526
8.24656
8.13547
8.02301
7.91017
7.79791
7.68715
7.57877
7.47356
7.37228
7.27557
7.18402
7.09812
7.0183
6.94514
6.8809
0.602484
0.610007
0.63217
0.67868
0.768007
0.927183
1.19007
1.58499
2.11209
2.73181
3.38151
4.0041
4.56404
5.04728
5.45396
5.79146
6.06965
6.29853
6.48706
6.64285
6.77219
6.88015
6.97083
7.0475
7.11278
7.16882
7.21737
7.25997
7.29798
7.33273
7.36551
7.3976
7.43021
7.46441
7.501
7.54042
7.58264
7.62717
7.67307
7.71904
7.76354
7.80491
7.84151
7.87184
7.89456
7.90863
7.91323
7.90781
7.8921
7.86603
7.82974
7.78352
7.72776
7.663
7.59005
7.50966
7.42266
7.3299
7.23227
7.13071
7.02617
6.91958
6.81189
6.70403
6.59687
6.49126
6.38798
6.28778
6.19131
6.09915
6.01182
5.92974
5.85328
5.78295
5.72077
0.581598
0.568258
0.567053
0.580682
0.61734
0.689625
0.815044
1.01459
1.30566
1.69024
2.14768
2.64103
3.13178
3.59126
4.00373
4.36394
4.67321
4.93622
5.15888
5.34716
5.50658
5.64193
5.7573
5.8561
5.94115
6.01482
6.07907
6.13562
6.18601
6.23166
6.27394
6.31417
6.35361
6.39332
6.43416
6.47662
6.52078
6.56629
6.61237
6.65791
6.70155
6.7418
6.77719
6.80633
6.82802
6.84129
6.84539
6.83985
6.82441
6.79905
6.76393
6.71936
6.66573
6.60371
6.53404
6.45745
6.37473
6.28673
6.19429
6.09831
5.99966
5.89922
5.79788
5.69646
5.59578
5.4966
5.39962
5.30551
5.21484
5.12814
5.04585
4.96834
4.89593
4.82906
4.7695
0.568079
0.540126
0.523431
0.51743
0.525304
0.552668
0.607669
0.701329
0.846657
1.05501
1.32993
1.66241
2.03209
2.41414
2.7866
3.13432
3.44925
3.72875
3.97363
4.1866
4.37111
4.5308
4.66911
4.78917
4.89371
4.98509
5.06538
5.13637
5.19969
5.25684
5.30924
5.35823
5.40506
5.45084
5.49645
5.54245
5.58902
5.63598
5.68273
5.72835
5.77168
5.81144
5.84633
5.87512
5.89672
5.91025
5.91504
5.91067
5.89691
5.87376
5.84139
5.8001
5.75032
5.69273
5.628
5.55685
5.48004
5.39835
5.3126
5.22361
5.13219
5.03916
4.94531
4.85141
4.75818
4.66631
4.57644
4.48913
4.40492
4.32426
4.24754
4.17508
4.10716
4.04415
3.98759
0.559602
0.521507
0.494215
0.475854
0.467123
0.470264
0.488837
0.527918
0.594281
0.695973
0.840597
1.03225
1.26844
1.53938
1.83035
2.12588
2.41303
2.68294
2.93066
3.15433
3.35412
3.53138
3.6881
3.82645
3.9486
4.05663
4.15242
4.23769
4.31405
4.38297
4.44587
4.50409
4.55885
4.61125
4.66221
4.71234
4.76195
4.81098
4.85902
4.90539
4.94912
4.98915
5.02437
5.05369
5.07617
5.09102
5.09766
5.09568
5.0849
5.06531
5.03708
5.00048
4.956
4.90424
4.84585
4.78148
4.71185
4.6377
4.55978
4.47884
4.39563
4.3109
4.22537
4.13971
4.05459
3.97061
3.88834
3.8083
3.73094
3.65667
3.58584
3.51872
3.45556
3.39669
3.34341
0.5545
0.509542
0.474918
0.448452
0.429644
0.419073
0.418104
0.428877
0.454437
0.498844
0.567017
0.66401
0.793577
0.956396
1.14891
1.36364
1.59092
1.82102
2.04586
2.25963
2.45884
2.64182
2.80824
2.95861
3.09396
3.21556
3.32477
3.42299
3.51158
3.59187
3.66516
3.7327
3.79565
3.85507
3.91187
3.9667
4.01996
4.07173
4.12179
4.16963
4.21454
4.25564
4.29203
4.32278
4.34708
4.36424
4.37374
4.37524
4.36855
4.35368
4.33076
4.30003
4.26201
4.21721
4.16622
4.10966
4.04818
3.98246
3.9132
3.84106
3.76674
3.69091
3.61421
3.53725
3.46063
3.38488
3.31051
3.23798
3.1677
3.10002
3.03526
2.97365
2.91543
2.86088
2.8111
0.551578
0.502159
0.462517
0.430613
0.405436
0.386738
0.374813
0.370408
0.374735
0.389544
0.417193
0.460615
0.52306
0.607482
0.715643
0.847209
0.99934
1.16703
1.34408
1.52425
1.70217
1.87372
2.03618
2.18797
2.32841
2.45749
2.57562
2.6835
2.78197
2.87201
2.95461
3.03083
3.10167
3.16808
3.23089
3.29077
3.34816
3.40324
3.45595
3.50597
3.55277
3.59571
3.63404
3.66702
3.69397
3.71429
3.72754
3.73339
3.7317
3.72245
3.70574
3.68182
3.65111
3.6141
3.57129
3.52327
3.47061
3.41393
3.35385
3.29099
3.22597
3.15938
3.09181
3.02379
2.95586
2.88851
2.82217
2.75726
2.69415
2.63316
2.57455
2.51857
2.4654
2.41531
2.36923
0.549997
0.497833
0.454862
0.419311
0.390008
0.366314
0.347991
0.335115
0.328033
0.327378
0.334101
0.349515
0.375307
0.413461
0.46604
0.534794
0.620652
0.723263
0.840805
0.970169
1.10746
1.24861
1.38991
1.52834
1.66165
1.78834
1.90758
2.01901
2.12267
2.21888
2.30815
2.39113
2.46852
2.54106
2.60941
2.67417
2.73575
2.7944
2.85015
2.90283
2.95209
2.99745
3.03834
3.07419
3.10443
3.12856
3.1462
3.15707
3.16103
3.15804
3.14818
3.13166
3.10885
3.08015
3.04603
3.00698
2.96353
2.91623
2.86563
2.81228
2.75673
2.69953
2.64117
2.58217
2.52298
2.46403
2.40574
2.34847
2.29254
2.23825
2.18585
2.13555
2.08753
2.04203
1.99983
0.549196
0.49545
0.450382
0.412443
0.380459
0.353629
0.331457
0.313683
0.300245
0.291252
0.28699
0.287933
0.294771
0.308424
0.330031
0.360892
0.402324
0.455437
0.520857
0.598475
0.687316
0.7856
0.890963
1.00079
1.11251
1.22388
1.33305
1.43867
1.53983
1.636
1.727
1.81287
1.89384
1.97028
2.04256
2.11109
2.17617
2.238
2.29666
2.35204
2.40392
2.45197
2.49575
2.53481
2.5687
2.59701
2.61941
2.63565
2.6456
2.64922
2.64653
2.63773
2.62309
2.60296
2.57773
2.54782
2.51372
2.47588
2.43481
2.39099
2.34491
2.29705
2.24786
2.19779
2.14726
2.09665
2.04634
1.99663
1.94785
1.90025
1.85406
1.80949
1.76669
1.72591
1.68778
0.54882
0.494229
0.447927
0.408498
0.374812
0.346017
0.321496
0.300829
0.283749
0.270116
0.259909
0.253214
0.250232
0.251294
0.256863
0.267551
0.2841
0.307348
0.338153
0.377272
0.42521
0.482077
0.547489
0.62055
0.699936
0.784042
0.871168
0.959679
1.04814
1.13538
1.22051
1.30294
1.3823
1.45845
1.53136
1.60108
1.6677
1.73127
1.79178
1.84914
1.90316
1.95356
2.00002
2.04217
2.07965
2.1121
2.13925
2.16086
2.1768
2.187
2.19148
2.19036
2.18385
2.17222
2.1558
2.13495
2.11006
2.08156
2.04986
2.01539
1.9786
1.93989
1.89968
1.85836
1.81631
1.77388
1.7314
1.68916
1.64744
1.60649
1.56651
1.5277
1.49021
1.45426
1.4204
0.548657
0.493654
0.446683
0.406388
0.371673
0.341678
0.31574
0.293358
0.274166
0.257902
0.244398
0.233559
0.225367
0.219876
0.217213
0.217587
0.221296
0.228722
0.240335
0.25667
0.278288
0.305721
0.339393
0.379535
0.426114
0.478795
0.536945
0.599688
0.665992
0.73477
0.804976
0.875674
0.946079
1.01558
1.0837
1.15011
1.21457
1.27686
1.33681
1.3942
1.4488
1.50031
1.54844
1.59284
1.63319
1.66916
1.70049
1.72696
1.74841
1.76475
1.77596
1.78211
1.78333
1.77981
1.7718
1.75962
1.74358
1.72402
1.70133
1.67587
1.64801
1.61812
1.58658
1.55373
1.51991
1.48543
1.4506
1.41568
1.38092
1.34655
1.31278
1.27976
1.24767
1.21669
1.18728
0.548592
0.493406
0.446107
0.405351
0.370059
0.339371
0.312608
0.289233
0.268829
0.251075
0.235728
0.222608
0.211595
0.202617
0.19565
0.190716
0.187888
0.187286
0.189086
0.193519
0.200869
0.211469
0.225679
0.243868
0.266369
0.293443
0.325225
0.361694
0.402648
0.447711
0.496361
0.547974
0.601874
0.657389
0.713884
0.770781
0.82757
0.883797
0.939052
0.992949
1.04512
1.09518
1.14277
1.18752
1.22907
1.26709
1.30128
1.3314
1.35724
1.37869
1.39567
1.40818
1.41626
1.42005
1.41972
1.4155
1.40763
1.39641
1.38213
1.36512
1.34569
1.32417
1.30087
1.27612
1.25019
1.22339
1.19598
1.1682
1.14028
1.11243
1.08483
1.05765
1.03103
1.00514
0.980383
0.548569
0.49331
0.445866
0.40489
0.369304
0.338249
0.311036
0.287114
0.266042
0.247465
0.231105
0.216739
0.204196
0.193345
0.184094
0.176382
0.17018
0.165488
0.162338
0.160793
0.160948
0.162932
0.166909
0.173077
0.181656
0.192888
0.207014
0.224257
0.244799
0.268754
0.296149
0.326909
0.360856
0.397717
0.437136
0.4787
0.521958
0.566436
0.611656
0.657137
0.702404
0.746989
0.790432
0.832289
0.872136
0.909578
0.944258
0.975865
1.00414
1.02888
1.04994
1.06727
1.08082
1.09061
1.09675
1.09939
1.09869
1.09488
1.08819
1.07887
1.06719
1.05343
1.03785
1.02072
1.00231
0.982847
0.962582
0.941729
0.920493
0.899059
0.877594
0.85625
0.835159
0.814477
0.794518
0.548561
0.493276
0.445775
0.404707
0.368989
0.337759
0.310324
0.286125
0.264707
0.245702
0.22881
0.213787
0.200435
0.188595
0.17814
0.168972
0.161016
0.154218
0.148548
0.143992
0.140556
0.138266
0.137167
0.137326
0.138831
0.141787
0.146325
0.152589
0.160735
0.170925
0.183315
0.198043
0.215216
0.234897
0.257092
0.281744
0.308726
0.337842
0.368828
0.401364
0.435078
0.469559
0.50437
0.539059
0.573175
0.606278
0.637952
0.667818
0.695539
0.72083
0.743465
0.763291
0.78018
0.794068
0.804953
0.812885
0.817957
0.8203
0.820075
0.817463
0.812665
0.805889
0.797352
0.787267
0.775848
0.7633
0.749821
0.735596
0.720801
0.705597
0.69013
0.674534
0.65893
0.64345
0.628336
0.548559
0.493266
0.445745
0.404642
0.368873
0.337571
0.31004
0.285716
0.264139
0.24493
0.227779
0.212432
0.198676
0.186338
0.175272
0.165362
0.156511
0.148642
0.141694
0.13562
0.13039
0.125983
0.122391
0.11962
0.117686
0.116617
0.116455
0.117254
0.119081
0.122016
0.12615
0.131582
0.13842
0.146771
0.156738
0.168408
0.18185
0.197097
0.214143
0.232931
0.253347
0.27522
0.29832
0.322368
0.347042
0.371989
0.396845
0.421241
0.444827
0.467276
0.488299
0.507657
0.525166
0.54066
0.554036
0.565239
0.574262
0.581136
0.585926
0.588724
0.589647
0.588825
0.586402
0.582527
0.577355
0.571039
0.563732
0.555579
0.54672
0.537288
0.527408
0.517192
0.506747
0.496183
0.485672
0.548558
0.493263
0.445735
0.404622
0.368836
0.337509
0.309944
0.285572
0.26393
0.244636
0.227375
0.211885
0.197946
0.185378
0.174026
0.163764
0.154484
0.146098
0.138532
0.131724
0.125625
0.120197
0.11541
0.111242
0.10768
0.10472
0.102362
0.100617
0.0995002
0.0990377
0.0992615
0.100212
0.101937
0.104493
0.107943
0.112352
0.117792
0.124331
0.13203
0.14094
0.15109
0.162486
0.175097
0.188856
0.203654
0.219342
0.23573
0.252599
0.269709
0.286803
0.303628
0.319939
0.335521
0.350168
0.363701
0.375976
0.386883
0.396351
0.40434
0.410842
0.415876
0.419482
0.421723
0.422675
0.422426
0.421073
0.418719
0.415469
0.411427
0.406698
0.401382
0.395574
0.389367
0.382851
0.376143
0.548558
0.493263
0.445733
0.404617
0.368827
0.337493
0.309918
0.285532
0.26387
0.244548
0.227249
0.211707
0.197701
0.185045
0.173583
0.163183
0.153733
0.145139
0.137321
0.130213
0.123758
0.11791
0.112631
0.10789
0.103663
0.099932
0.0966848
0.0939145
0.0916196
0.0898035
0.0884745
0.0876463
0.0873375
0.0875724
0.0883804
0.0897963
0.0918603
0.094617
0.0981144
0.102402
0.107529
0.113539
0.120468
0.128337
0.137148
0.14688
0.157483
0.168875
0.180944
0.193548
0.20652
0.219675
0.23282
0.24576
0.258299
0.270253
0.281457
0.291772
0.301085
0.309315
0.316408
0.322338
0.327104
0.330727
0.333247
0.334718
0.335207
0.334787
0.33354
0.331548
0.328897
0.325669
0.321946
0.317808
0.313345
0.548558
0.493263
0.445733
0.404617
0.368827
0.337493
0.309918
0.285532
0.26387
0.244548
0.227249
0.211707
0.197701
0.185045
0.173583
0.163183
0.153733
0.145138
0.137321
0.130212
0.123758
0.11791
0.112631
0.10789
0.103663
0.0999316
0.0966844
0.0939141
0.0916192
0.089803
0.088474
0.0876458
0.0873373
0.0875726
0.0883814
0.0897988
0.0918651
0.0946252
0.0981276
0.102422
0.107559
0.113582
0.120527
0.128416
0.137252
0.147013
0.157648
0.169075
0.181182
0.193824
0.206834
0.220022
0.233196
0.24616
0.258718
0.270681
0.281887
0.292193
0.301489
0.309693
0.316751
0.322639
0.327356
0.330924
0.333383
0.33479
0.335211
0.334722
0.333404
0.33134
0.328617
0.325318
0.321526
0.317321
0.312793
0.548558
0.493263
0.445735
0.404622
0.368836
0.337509
0.309944
0.285572
0.26393
0.244636
0.227375
0.211884
0.197946
0.185377
0.174026
0.163763
0.154484
0.146097
0.138531
0.131722
0.125623
0.120195
0.115407
0.111239
0.107677
0.104716
0.102357
0.100611
0.099494
0.0990306
0.0992535
0.100203
0.101928
0.104485
0.107936
0.112349
0.117796
0.124346
0.132062
0.140997
0.151182
0.162623
0.175292
0.189122
0.204006
0.21979
0.236285
0.253269
0.270495
0.287704
0.304636
0.321042
0.336701
0.351407
0.364976
0.37726
0.388151
0.397575
0.405494
0.411901
0.416816
0.420283
0.422367
0.423146
0.422713
0.421165
0.418609
0.415152
0.410901
0.405963
0.400439
0.394428
0.388022
0.381315
0.374428
0.548559
0.493266
0.445745
0.404642
0.368873
0.337571
0.31004
0.285716
0.264138
0.244929
0.227779
0.212431
0.198675
0.186336
0.175271
0.16536
0.156509
0.148639
0.14169
0.135616
0.130384
0.125976
0.122383
0.119611
0.117674
0.116603
0.116439
0.117235
0.119059
0.121991
0.126121
0.13155
0.138386
0.146737
0.156706
0.168384
0.181842
0.197116
0.214204
0.23305
0.253546
0.275522
0.29875
0.322948
0.347793
0.372929
0.397983
0.422582
0.446364
0.468995
0.490178
0.509667
0.527274
0.542827
0.55622
0.567397
0.576349
0.583111
0.587748
0.590357
0.591058
0.589986
0.587287
0.583118
0.577635
0.570998
0.563361
0.554876
0.545684
0.535923
0.525719
0.515189
0.504441
0.493588
0.482809
0.548561
0.493276
0.445775
0.404707
0.368988
0.337758
0.310324
0.286124
0.264706
0.245701
0.228808
0.213785
0.200432
0.188591
0.178136
0.168967
0.161009
0.15421
0.148538
0.143979
0.14054
0.138247
0.137145
0.1373
0.138799
0.14175
0.146281
0.152536
0.160674
0.170854
0.183235
0.197954
0.215121
0.2348
0.257003
0.281674
0.308693
0.337868
0.368943
0.401599
0.435469
0.470143
0.50518
0.540126
0.574521
0.607916
0.639884
0.670033
0.698016
0.723537
0.746358
0.766318
0.783292
0.797205
0.808055
0.815892
0.820812
0.822951
0.822472
0.819563
0.814431
0.80729
0.79836
0.787865
0.77602
0.763038
0.749121
0.73446
0.719233
0.703607
0.68773
0.67174
0.655761
0.639928
0.624492
0.548569
0.49331
0.445866
0.404889
0.369303
0.338248
0.311035
0.287112
0.266039
0.247462
0.2311
0.216733
0.204189
0.193336
0.184083
0.176368
0.170163
0.165467
0.162313
0.160762
0.16091
0.162886
0.166854
0.17301
0.181577
0.192794
0.206903
0.224127
0.244649
0.268584
0.295959
0.326703
0.360643
0.397507
0.436948
0.478559
0.521896
0.566493
0.611877
0.657571
0.703101
0.747995
0.791788
0.834024
0.874265
0.912104
0.947165
0.979123
1.0077
1.0327
1.05395
1.07139
1.08497
1.09473
1.10077
1.10322
1.10227
1.09815
1.0911
1.08138
1.06926
1.05502
1.03895
1.02131
1.00237
0.982388
0.9616
0.940235
0.918497
0.896579
0.874651
0.852868
0.831365
0.810301
0.790001
0.548592
0.493406
0.446106
0.40535
0.370057
0.339369
0.312604
0.289228
0.268823
0.251067
0.235717
0.222595
0.211579
0.202597
0.195624
0.190685
0.187849
0.187238
0.189027
0.193447
0.200782
0.211362
0.225551
0.243713
0.266186
0.293228
0.324976
0.361409
0.402328
0.44736
0.495984
0.547582
0.601484
0.657024
0.713575
0.77057
0.827506
0.883938
0.93946
0.99369
1.04625
1.09676
1.14483
1.19009
1.23214
1.27065
1.3053
1.33582
1.36199
1.38369
1.40083
1.41342
1.42148
1.42516
1.42463
1.42013
1.41192
1.40029
1.38555
1.36804
1.34807
1.32599
1.30211
1.27676
1.25025
1.22286
1.19487
1.16653
1.13807
1.10971
1.08162
1.05399
1.02695
1.00069
0.975595
0.548657
0.493653
0.446681
0.406385
0.371669
0.341672
0.315732
0.293348
0.274153
0.257886
0.244376
0.233532
0.225333
0.219833
0.217159
0.21752
0.221212
0.228618
0.240206
0.256511
0.278094
0.305486
0.339112
0.379204
0.42573
0.478358
0.536457
0.599152
0.665415
0.734163
0.804352
0.875051
0.945485
1.01505
1.08328
1.14986
1.21456
1.27716
1.3375
1.39536
1.45049
1.50259
1.55133
1.59636
1.63732
1.67386
1.7057
1.7326
1.75438
1.77096
1.7823
1.78847
1.78959
1.78588
1.7776
1.76505
1.74858
1.72853
1.7053
1.67925
1.65078
1.62027
1.58809
1.5546
1.52014
1.48505
1.44961
1.41411
1.3788
1.34392
1.30966
1.27621
1.24372
1.21239
1.18268
0.54882
0.494228
0.447924
0.408492
0.374804
0.346005
0.321481
0.300809
0.283722
0.270083
0.259867
0.253159
0.250163
0.251206
0.256753
0.267411
0.283923
0.307126
0.337878
0.376935
0.424804
0.481598
0.546934
0.619921
0.699237
0.783281
0.870353
0.958823
1.04725
1.13448
1.21961
1.30208
1.38151
1.45778
1.53086
1.60084
1.6678
1.7318
1.79284
1.8508
1.90549
1.95662
2.00383
2.04671
2.08488
2.11797
2.14566
2.16771
2.18398
2.19438
2.19895
2.19779
2.19113
2.17924
2.16247
2.14118
2.1158
2.08674
2.05444
2.01934
1.9819
1.94252
1.90165
1.85967
1.81697
1.77392
1.73083
1.68803
1.64578
1.60433
1.56391
1.52469
1.48685
1.45059
1.41648
0.549195
0.495446
0.450375
0.412431
0.380442
0.353607
0.331427
0.313645
0.300196
0.291189
0.286908
0.287827
0.294635
0.308247
0.329804
0.360602
0.401957
0.454981
0.520302
0.597814
0.68655
0.784734
0.890007
0.999753
1.11142
1.22273
1.33187
1.43747
1.53862
1.63481
1.72584
1.81178
1.89287
1.96948
2.04202
2.11089
2.17642
2.23881
2.29812
2.35425
2.40695
2.45585
2.50048
2.54037
2.57502
2.60401
2.62697
2.64366
2.65391
2.6577
2.65506
2.64617
2.63132
2.61088
2.58524
2.55487
2.52022
2.4818
2.4401
2.39564
2.3489
2.30037
2.25052
2.1998
2.14864
2.09744
2.04655
1.99632
1.94704
1.899
1.85241
1.80749
1.7644
1.72336
1.68504
0.549994
0.497825
0.454848
0.419289
0.389977
0.366273
0.347938
0.335046
0.327943
0.32726
0.333945
0.34931
0.375036
0.413106
0.46558
0.534211
0.61993
0.722395
0.839792
0.969022
1.1062
1.24725
1.38849
1.52686
1.66013
1.78681
1.90604
2.01747
2.12116
2.21741
2.30674
2.38983
2.46738
2.54015
2.60884
2.67403
2.73617
2.7955
2.85204
2.90559
2.95579
3.00211
3.04396
3.0807
3.11175
3.13658
3.15479
3.16609
3.17033
3.16749
3.15764
3.141
3.11795
3.08892
3.05437
3.01483
2.97084
2.92296
2.87174
2.81777
2.76159
2.70375
2.64477
2.58517
2.5254
2.46591
2.40711
2.34937
2.29301
2.23834
2.18561
2.13502
2.08677
2.04108
1.99876
0.551572
0.502144
0.462491
0.430575
0.405384
0.386669
0.374721
0.370286
0.374571
0.389323
0.416894
0.460212
0.522523
0.606781
0.714753
0.846118
0.99805
1.16556
1.34246
1.52252
1.70035
1.87185
2.03428
2.18605
2.32649
2.45558
2.57373
2.68164
2.78015
2.87025
2.95295
3.02931
3.10035
3.16705
3.23027
3.29068
3.34873
3.40461
3.45822
3.50923
3.55708
3.60106
3.64041
3.67433
3.70212
3.72315
3.73697
3.74324
3.74182
3.73269
3.71597
3.69192
3.66097
3.62362
3.58041
3.53192
3.47875
3.42154
3.3609
3.29747
3.23188
3.16473
3.0966
3.02806
2.95964
2.89182
2.82506
2.75976
2.69631
2.63501
2.57615
2.51996
2.46663
2.41642
2.37028
0.55449
0.509515
0.474874
0.448389
0.429558
0.418956
0.417945
0.428659
0.454136
0.498425
0.566438
0.663225
0.792544
0.95509
1.14733
1.36182
1.58889
1.81885
2.04358
2.25729
2.45647
2.63944
2.80588
2.95628
3.09166
3.21329
3.32254
3.4208
3.50945
3.58982
3.66322
3.73093
3.79413
3.8539
3.91117
3.96662
4.02063
4.07329
4.12435
4.17327
4.21929
4.26151
4.29895
4.33067
4.35582
4.37369
4.38375
4.38566
4.37923
4.36447
4.34154
4.31071
4.27247
4.22737
4.17603
4.11907
4.05716
3.99098
3.92124
3.84864
3.77385
3.69756
3.62042
3.54305
3.46604
3.38994
3.31525
3.24244
3.17191
3.10403
3.0391
2.97737
2.91905
2.86444
2.81466
0.559583
0.521462
0.494144
0.475753
0.466982
0.470068
0.48856
0.527523
0.593716
0.69517
0.839487
1.03078
1.2666
1.53718
1.82787
2.12319
2.41021
2.68004
2.92774
3.15142
3.35123
3.52854
3.6853
3.8237
3.94591
4.05398
4.14982
4.23515
4.31157
4.38059
4.44363
4.50203
4.55707
4.60988
4.66136
4.71217
4.7626
4.81259
4.86171
4.90921
4.95411
4.99528
5.03157
5.06187
5.0852
5.10075
5.10793
5.10635
5.09583
5.07638
5.04816
5.01149
4.96685
4.91488
4.85621
4.79155
4.7216
4.64711
4.56885
4.48757
4.40404
4.319
4.23316
4.14723
4.06186
3.97767
3.8952
3.815
3.73751
3.66315
3.59224
3.52508
3.4619
3.40303
3.34979
0.568046
0.540055
0.523319
0.517269
0.525073
0.552333
0.607175
0.700596
0.845582
1.05349
1.3279
1.65988
2.02915
2.41088
2.78314
3.13077
3.44567
3.72519
3.97012
4.18314
4.36772
4.52748
4.66587
4.786
4.89059
4.98204
5.06238
5.13344
5.19683
5.25408
5.30662
5.35582
5.40296
5.44917
5.49535
5.54207
5.58952
5.63748
5.68534
5.73212
5.77663
5.81754
5.85349
5.88323
5.90565
5.91986
5.9252
5.92122
5.90774
5.88475
5.85244
5.81115
5.7613
5.70359
5.63872
5.56741
5.49043
5.40857
5.32264
5.23348
5.1419
5.04874
4.95476
4.86076
4.76745
4.67552
4.5856
4.49827
4.41406
4.33341
4.25672
4.18431
4.11644
4.05349
3.997
0.581544
0.568148
0.56688
0.580426
0.616956
0.689037
0.814135
1.0132
1.30366
1.68754
2.14433
2.63718
3.1276
3.58692
3.99935
4.35958
4.66893
4.93203
5.15478
5.34317
5.50268
5.63812
5.75357
5.85244
5.93756
6.01129
6.07561
6.13222
6.18269
6.22844
6.27087
6.31133
6.35108
6.39124
6.43267
6.47587
6.52092
6.56745
6.61464
6.66134
6.70613
6.74749
6.78391
6.81396
6.83644
6.85036
6.85498
6.84984
6.83469
6.80953
6.77455
6.73007
6.67649
6.6145
6.54483
6.46824
6.38553
6.29754
6.20513
6.10918
6.01058
5.91021
5.80894
5.70762
5.60704
5.50798
5.41113
5.31715
5.22662
5.14006
5.05791
4.98054
4.90826
4.84149
4.78203
0.6024
0.609839
0.631903
0.678265
0.767348
0.926113
1.18836
1.58242
2.10857
2.72746
3.37659
3.99885
4.55868
5.04194
5.44872
5.78634
6.06468
6.2937
6.48236
6.63827
6.76772
6.87578
6.96654
7.04329
7.10864
7.16474
7.21335
7.25601
7.2941
7.32895
7.36188
7.39419
7.42712
7.46177
7.49895
7.5391
7.5822
7.62772
7.67469
7.72177
7.76737
7.80978
7.84734
7.87852
7.90197
7.91665
7.92175
7.91674
7.90135
7.87554
7.83947
7.79344
7.73787
7.67329
7.60052
7.52033
7.43353
7.341
7.24362
7.14233
7.03805
6.93176
6.82438
6.71682
6.60998
6.50469
6.40172
6.30183
6.20565
6.11378
6.0267
5.94486
5.8686
5.79843
5.73638
0.633903
0.671346
0.73035
0.835057
1.02526
1.35491
1.87316
2.582
3.41343
4.26465
5.05167
5.73151
6.29488
6.75093
7.1158
7.40645
7.63802
7.82307
7.97166
8.09167
8.18926
8.26919
8.33517
8.39009
8.43622
8.47537
8.50903
8.53848
8.56494
8.58959
8.61367
8.63841
8.66503
8.69459
8.72788
8.76526
8.80663
8.85135
8.8983
8.94599
8.99267
9.03652
9.07574
9.10868
9.13393
9.15034
9.15705
9.15348
9.13929
9.11441
9.07895
9.03318
8.97747
8.9123
8.83838
8.75655
8.66761
8.57247
8.472
8.36719
8.25901
8.14847
8.03655
7.92426
7.81254
7.70232
7.59445
7.48975
7.38893
7.29266
7.20149
7.11594
7.0364
6.96346
6.89937
0.680892
0.762711
0.883889
1.0988
1.49025
2.14654
3.08538
4.19938
5.32037
6.32173
7.15124
7.80921
8.3194
8.711
9.01073
9.24048
9.41726
9.554
9.6604
9.74375
9.80951
9.8618
9.90374
9.9377
9.9655
9.9886
10.0082
10.0252
10.0408
10.0559
10.0717
10.0894
10.1101
10.1348
10.1643
10.199
10.2386
10.2824
10.3292
10.3775
10.4252
10.4706
10.5117
10.5468
10.5744
10.5933
10.6026
10.6017
10.5901
10.5677
10.5346
10.4909
10.4371
10.3734
10.3006
10.2193
10.1305
10.035
9.93371
9.82761
9.7177
9.60504
9.49065
9.37559
9.26088
9.14751
9.03641
8.92848
8.82449
8.72518
8.63119
8.54307
8.46131
8.38657
8.32128
0.750852
0.901293
1.13457
1.56879
2.35797
3.57383
5.06735
6.56192
7.85581
8.88176
9.65717
10.2295
10.6477
10.9525
11.1748
11.3372
11.4562
11.5436
11.6079
11.6551
11.6899
11.7156
11.7345
11.7485
11.7589
11.7668
11.7731
11.7785
11.7838
11.79
11.798
11.8089
11.8238
11.8438
11.8695
11.9012
11.9387
11.9812
12.0274
12.0756
12.124
12.1706
12.2135
12.2508
12.281
12.3029
12.3155
12.3181
12.3103
12.2918
12.2627
12.223
12.173
12.113
12.0436
11.9653
11.8791
11.7858
11.6863
11.5816
11.4726
11.3604
11.2462
11.1309
11.0156
10.9015
10.7894
10.6804
10.5753
10.4749
10.3799
10.2909
10.2085
10.1334
10.0681
0.856059
1.11933
1.56953
2.45144
3.96804
5.96788
7.99896
9.71385
11.0129
11.9426
12.5899
13.035
13.3391
13.5459
13.6855
13.7788
13.8397
13.8783
13.9013
13.9135
13.9184
13.9183
13.9151
13.9099
13.9037
13.8971
13.8907
13.885
13.8806
13.8782
13.8787
13.8831
13.8923
13.9073
13.9288
13.957
13.9917
14.0321
14.0767
14.1241
14.1723
14.2193
14.2632
14.3023
14.3349
14.3598
14.3759
14.3827
14.3794
14.3659
14.3421
14.308
14.2637
14.2096
14.1459
14.0732
13.9923
13.9041
13.8093
13.709
13.604
13.4955
13.3845
13.2721
13.1594
13.0476
12.9375
12.8304
12.727
12.6281
12.5346
12.4471
12.3663
12.2929
12.2295
1.01804
1.48153
2.37812
4.14693
6.78934
9.61243
11.9684
13.6726
14.8183
15.5612
16.0333
16.3279
16.5074
16.6119
16.6676
16.6917
16.6953
16.6859
16.6685
16.6464
16.6221
16.5969
16.5721
16.5482
16.5257
16.505
16.4862
16.4697
16.4558
16.4451
16.4382
16.436
16.4393
16.4491
16.4658
16.4897
16.5205
16.5575
16.5993
16.6443
16.6908
16.7368
16.7805
16.8201
16.8541
16.8813
16.9007
16.9115
16.9131
16.9052
16.8876
16.8603
16.8233
16.7768
16.7211
16.6566
16.5838
16.5036
16.4167
16.3241
16.2267
16.1255
16.0215
15.9159
15.8097
15.704
15.5998
15.4983
15.4002
15.3065
15.218
15.1353
15.0591
14.9903
14.9313
1.2775
2.12867
3.97206
7.31146
11.3058
14.6941
17.044
18.5154
19.3889
19.8878
20.1586
20.2918
20.3421
20.3429
20.3146
20.2697
20.2161
20.1589
20.1012
20.0448
19.9912
19.9408
19.8941
19.8514
19.8125
19.7775
19.7463
19.719
19.6956
19.6764
19.662
19.653
19.6502
19.6541
19.6652
19.6837
19.7093
19.7412
19.7782
19.8189
19.8615
19.9043
19.9456
19.9838
20.0174
20.0454
20.0666
20.0805
20.0863
20.0838
20.0727
20.0528
20.0241
19.9867
19.9408
19.8867
19.8247
19.7555
19.6799
19.5987
19.5128
19.423
19.3305
19.2361
19.141
19.0462
18.9527
18.8615
18.7736
18.6897
18.6107
18.5372
18.47
18.4098
18.3588
1.71843
3.38948
7.17749
12.7947
17.925
21.3902
23.3973
24.4649
24.9893
25.2111
25.2669
25.2326
25.151
25.0463
24.9324
24.8171
24.7049
24.5985
24.4989
24.4069
24.3225
24.2456
24.176
24.1133
24.0571
24.007
23.9627
23.924
23.8906
23.8627
23.8405
23.8244
23.8147
23.8121
23.8167
23.8284
23.847
23.8717
23.9015
23.935
23.9707
24.0072
24.0429
24.0765
24.1068
24.1327
24.1533
24.168
24.1763
24.1778
24.1722
24.1593
24.139
24.1114
24.0764
24.0344
23.9855
23.9301
23.869
23.803
23.7327
23.659
23.5828
23.505
23.4265
23.3483
23.2714
23.1967
23.1249
23.057
22.9935
22.9352
22.8826
22.8367
22.7988
2.53282
6.05652
13.4025
21.5101
27.0759
30.0608
31.4496
31.9963
32.1233
32.0469
31.8766
31.6676
31.4481
31.2326
31.0279
30.8373
30.6619
30.5018
30.3564
30.2249
30.1063
29.9999
29.9045
29.8194
29.7437
29.6767
29.6177
29.5662
29.5218
29.4843
29.4536
29.4297
29.4126
29.4025
29.3994
29.4028
29.4124
29.4274
29.4467
29.4695
29.4943
29.5201
29.5457
29.5701
29.5923
29.6116
29.6273
29.6389
29.646
29.6483
29.6456
29.6377
29.6245
29.6059
29.5819
29.5527
29.5184
29.4792
29.4356
29.3882
29.3379
29.2851
29.2307
29.1754
29.12
29.0654
29.0123
28.9615
28.9137
28.8695
28.8296
28.7943
28.7643
28.7403
28.7227
4.21283
11.9667
24.6711
34.5284
39.537
41.5361
42.1007
42.0429
41.7327
41.334
40.9191
40.5194
40.1475
39.8076
39.4999
39.2226
38.9735
38.7503
38.5504
38.3716
38.212
38.0697
37.9431
37.8307
37.7312
37.6436
37.5668
37.5001
37.4426
37.3938
37.3532
37.3205
37.295
37.2765
37.2642
37.2576
37.2559
37.258
37.2632
37.2706
37.2792
37.2883
37.2974
37.3057
37.3128
37.3184
37.3222
37.324
37.3236
37.321
37.316
37.3086
37.2987
37.2862
37.2712
37.2538
37.2341
37.2122
37.1881
37.1625
37.1361
37.1093
37.0827
37.0567
37.0321
37.0094
36.9891
36.9718
36.958
36.948
36.9422
36.9409
36.9444
36.9531
36.9663
8.17425
24.9787
43.8377
53.7006
57.0861
57.671
57.2378
56.4872
55.6808
54.9123
54.2118
53.5847
53.0274
52.5335
52.096
51.7081
51.3639
51.0583
50.7867
50.5455
50.3311
50.1409
49.9723
49.8232
49.6918
49.5764
49.4758
49.3887
49.3139
49.2507
49.1978
49.1543
49.119
49.0907
49.068
49.0494
49.0336
49.0193
49.0056
48.9915
48.9767
48.9609
48.9439
48.926
48.9073
48.8881
48.8687
48.8494
48.8306
48.8126
48.7957
48.7798
48.7653
48.7522
48.7408
48.7311
48.7233
48.7174
48.7135
48.7116
48.7126
48.7166
48.7242
48.7355
48.7509
48.7706
48.7948
48.8238
48.8576
48.8963
48.9398
48.9882
49.0413
49.0991
49.1586
18.9118
52.7356
76.0314
83.3759
84.0608
82.7956
81.134
79.5302
78.0983
76.8498
75.7677
74.8289
74.0121
73.2987
72.6734
72.1235
71.6386
71.2103
70.8312
70.4956
70.1983
69.9352
69.7026
69.4975
69.3172
69.1595
69.0225
68.9045
68.804
68.7194
68.649
68.591
68.5432
68.503
68.4679
68.435
68.4021
68.3668
68.3277
68.2839
68.2351
68.1816
68.124
68.0634
68.0011
67.9383
67.8762
67.8161
67.7593
67.7066
67.6593
67.6177
67.5828
67.5548
67.5345
67.5222
67.5183
67.5228
67.5359
67.5576
67.5879
67.6276
67.6766
67.735
67.8027
67.8795
67.9653
68.0595
68.1618
68.2717
68.3886
68.5118
68.6408
68.7746
68.9072
52.3972
112.336
134.34
135.818
132.427
128.579
125.178
122.317
119.924
117.912
116.205
114.744
113.484
112.392
111.438
110.603
109.868
109.221
108.649
108.144
107.697
107.302
106.954
106.647
106.378
106.144
105.941
105.767
105.62
105.498
105.397
105.316
105.249
105.192
105.141
105.09
105.035
104.972
104.897
104.809
104.708
104.594
104.468
104.334
104.194
104.051
103.907
103.766
103.631
103.504
103.388
103.283
103.193
103.118
103.06
103.021
103
102.999
103.019
103.058
103.118
103.197
103.298
103.419
103.559
103.719
103.896
104.091
104.3
104.524
104.761
105.008
105.265
105.528
105.788
180.26
258.366
265.604
255.244
244.636
236.075
229.309
223.889
219.464
215.789
212.696
210.06
207.795
205.833
204.124
202.628
201.313
200.155
199.134
198.231
197.434
196.73
196.11
195.564
195.087
194.671
194.313
194.008
193.752
193.541
193.372
193.237
193.131
193.043
192.965
192.887
192.797
192.687
192.55
192.382
192.182
191.949
191.687
191.399
191.092
190.772
190.445
190.118
189.797
189.489
189.198
188.93
188.689
188.48
188.305
188.169
188.074
188.021
188.013
188.05
188.134
188.262
188.437
188.657
188.922
189.23
189.578
189.964
190.384
190.836
191.316
191.82
192.345
192.884
193.416
788.972
724.173
674.557
640.975
615.89
596.568
581.313
568.989
558.833
550.33
543.12
536.944
531.611
526.975
522.925
519.372
516.246
513.49
511.057
508.908
507.011
505.338
503.865
502.574
501.447
500.471
499.635
498.929
498.346
497.878
497.515
497.246
497.054
496.92
496.818
496.722
496.604
496.437
496.201
495.878
495.46
494.941
494.326
493.621
492.839
491.993
491.101
490.18
489.246
488.317
487.409
486.537
485.716
484.959
484.278
483.683
483.186
482.793
482.513
482.35
482.311
482.398
482.613
482.956
483.425
484.018
484.73
485.553
486.483
487.51
488.626
489.822
491.086
492.403
493.721
)
;

boundaryField
{
    lowerWall
    {
        type            epsilonWallFunction;
        value           nonuniform List<scalar> 
75
(
789.607
724.717
675.056
641.444
616.337
596.999
581.733
569.399
559.236
550.727
543.512
537.331
531.994
527.355
523.302
519.746
516.618
513.86
511.426
509.275
507.376
505.702
504.228
502.936
501.808
500.831
499.994
499.288
498.704
498.235
497.871
497.601
497.408
497.272
497.17
497.074
496.957
496.793
496.56
496.243
495.831
495.32
494.712
494.015
493.241
492.403
491.518
490.602
489.673
488.747
487.842
486.972
486.151
485.393
484.71
484.113
483.613
483.217
482.932
482.767
482.723
482.806
483.017
483.356
483.822
484.412
485.121
485.944
486.872
487.9
489.017
490.215
491.482
492.804
494.126
)
;
    }
    upperWall
    {
        type            epsilonWallFunction;
        value           nonuniform List<scalar> 
75
(
788.972
724.173
674.557
640.975
615.89
596.568
581.313
568.989
558.833
550.33
543.12
536.944
531.611
526.975
522.925
519.372
516.246
513.49
511.057
508.908
507.011
505.338
503.865
502.574
501.447
500.471
499.635
498.929
498.346
497.878
497.515
497.246
497.054
496.92
496.818
496.722
496.604
496.437
496.201
495.878
495.46
494.941
494.326
493.621
492.839
491.993
491.101
490.18
489.246
488.317
487.409
486.537
485.716
484.959
484.278
483.683
483.186
482.793
482.513
482.35
482.311
482.398
482.613
482.956
483.425
484.018
484.73
485.553
486.483
487.51
488.626
489.822
491.086
492.403
493.721
)
;
    }
    inlet
    {
        type            turbulentMixingLengthDissipationRateInlet;
        mixingLength    0.07;
        phi             phi;
        k               k;
        value           uniform 0.613384;
    }
    outlet
    {
        type            zeroGradient;
    }
    frontAndBack
    {
        type            empty;
    }
}


// ************************************************************************* //
