/*--------------------------------*- C++ -*----------------------------------*\
  =========                 |
  \\      /  F ield         | OpenFOAM: The Open Source CFD Toolbox
   \\    /   O peration     | Website:  https://openfoam.org
    \\  /    A nd           | Version:  7
     \\/     M anipulation  |
\*---------------------------------------------------------------------------*/
FoamFile
{
    version     2.0;
    format      ascii;
    class       volScalarField;
    location    "350";
    object      epsilon;
}
// * * * * * * * * * * * * * * * * * * * * * * * * * * * * * * * * * * * * * //

dimensions      [0 2 -3 0 0 0 0];

internalField   nonuniform List<scalar> 
4500
(
789.607
724.717
675.056
641.444
616.337
596.999
581.733
569.399
559.236
550.727
543.512
537.331
531.994
527.355
523.3
519.737
516.58
513.737
511.106
508.571
506.029
503.419
500.758
498.17
495.889
494.226
493.53
494.149
496.361
500.309
505.964
513.129
521.488
530.683
540.376
550.291
560.229
570.056
579.673
589.009
597.998
606.582
614.693
622.264
629.229
635.533
641.135
646.007
650.153
653.6
656.398
658.623
660.351
661.655
662.607
663.275
663.716
663.996
664.161
664.239
664.268
664.257
664.23
664.189
664.143
664.091
664.042
663.992
663.946
663.9
663.856
663.81
663.768
663.724
663.685
180.467
258.6
265.807
255.427
244.809
236.24
229.47
224.046
219.618
215.941
212.845
210.208
207.941
205.978
204.266
202.765
201.437
200.243
199.142
198.094
197.065
196.046
195.059
194.165
193.458
193.055
193.071
193.596
194.719
196.477
198.85
201.761
205.091
208.706
212.478
216.301
220.097
223.814
227.416
230.878
234.179
237.301
240.224
242.931
245.406
247.635
249.611
251.328
252.793
254.014
255.006
255.788
256.381
256.808
257.098
257.281
257.388
257.445
257.469
257.473
257.466
257.452
257.436
257.418
257.4
257.381
257.364
257.348
257.333
257.317
257.302
257.287
257.272
257.256
257.243
52.4732
112.464
134.457
135.922
132.522
128.669
125.265
122.401
120.007
117.993
116.284
114.823
113.562
112.469
111.514
110.676
109.935
109.27
108.662
108.09
107.542
107.015
106.522
106.094
105.771
105.603
105.635
105.9
106.445
107.291
108.437
109.857
111.499
113.297
115.185
117.101
119.002
120.857
122.646
124.358
125.985
127.522
128.963
130.302
131.536
132.657
133.663
134.548
135.311
135.952
136.473
136.877
137.174
137.376
137.503
137.574
137.609
137.621
137.622
137.616
137.607
137.597
137.588
137.578
137.57
137.562
137.554
137.547
137.541
137.534
137.527
137.52
137.513
137.506
137.499
18.9423
52.8112
76.111
83.4465
84.1244
82.8547
81.1903
79.5846
78.1513
76.9017
75.8187
74.8792
74.0618
73.3479
72.7219
72.1707
71.6826
71.2464
70.8511
70.4865
70.1455
69.8263
69.5344
69.2812
69.0826
68.9566
68.919
68.9872
69.1911
69.5529
70.0859
70.7886
71.641
72.608
73.6468
74.7165
75.7846
76.8288
77.8366
78.8018
79.7228
80.5988
81.4295
82.2139
82.9501
83.6344
84.2613
84.8248
85.3189
85.7381
86.0795
86.3428
86.5319
86.6568
86.7313
86.7701
86.7871
86.7917
86.7895
86.7848
86.7788
86.773
86.7675
86.7626
86.7582
86.7544
86.7509
86.7477
86.7446
86.7413
86.7378
86.734
86.7303
86.7264
86.723
8.1872
25.0217
43.8942
53.7537
57.1337
57.7145
57.2786
56.5262
55.7185
54.9491
54.2478
53.6201
53.0624
52.5681
52.1302
51.7419
51.397
51.0895
50.8136
50.5636
50.3345
50.1227
49.9265
49.7452
49.5794
49.4313
49.3038
49.2096
49.173
49.2201
49.3749
49.6511
50.0462
50.5412
51.1071
51.7123
52.331
52.9451
53.5452
54.1279
54.6938
55.2442
55.7802
56.3014
56.8057
57.2884
57.7425
58.1597
58.5315
58.8502
59.1112
59.3124
59.4569
59.5525
59.6102
59.6413
59.6563
59.6619
59.6622
59.6605
59.6575
59.6545
59.6515
59.6489
59.6465
59.6446
59.6427
59.6411
59.6394
59.6377
59.6356
59.6334
59.6312
59.6289
59.6268
4.2188
11.9892
24.7098
34.5695
39.5749
41.5705
42.1325
42.0729
41.7614
41.3618
40.9462
40.5459
40.1736
39.8335
39.5255
39.2485
39.0005
38.7791
38.5819
38.4054
38.2451
38.0946
37.9466
37.792
37.6223
37.4313
37.2172
36.9924
36.78
36.6104
36.5147
36.516
36.6224
36.825
37.1029
37.4311
37.7874
38.1566
38.5307
38.9072
39.287
39.6714
40.0607
40.4535
40.846
41.2321
41.603
41.9492
42.2611
42.5305
42.7522
42.9245
43.0498
43.1349
43.1886
43.2201
43.2375
43.2462
43.2497
43.2507
43.2499
43.2487
43.2471
43.2456
43.2441
43.2428
43.2415
43.2404
43.2392
43.2379
43.2365
43.2351
43.2335
43.232
43.2304
2.53586
6.06763
13.4269
21.5411
27.1065
30.0891
31.4755
32.0206
32.1462
32.069
31.8979
31.6884
31.4685
31.2527
31.0481
30.8582
30.6849
30.5289
30.39
30.266
30.1519
30.0392
29.9158
29.7677
29.5809
29.3457
29.0596
28.7358
28.3986
28.0814
27.8198
27.6424
27.5637
27.5816
27.681
27.8415
28.044
28.2744
28.5253
28.7939
29.0801
29.3834
29.7029
30.0353
30.3751
30.7146
31.0444
31.3544
31.6351
31.8784
32.0798
32.2379
32.355
32.437
32.4912
32.5252
32.5458
32.5576
32.5637
32.5666
32.5674
32.5672
32.5663
32.5651
32.5638
32.5625
32.5613
32.5601
32.559
32.5578
32.5566
32.5555
32.5542
32.5529
32.5516
1.72014
3.39495
7.19137
12.8165
17.9493
21.4137
23.4192
24.4852
25.0083
25.2292
25.2842
25.2494
25.1675
25.0625
24.9487
24.8344
24.7249
24.6237
24.5323
24.4494
24.3694
24.2821
24.1725
24.0234
23.8185
23.5472
23.2084
22.8166
22.3975
21.9862
21.6204
21.3316
21.138
21.0423
21.0341
21.0964
21.2123
21.3686
21.5573
21.7743
22.0177
22.2854
22.5742
22.8795
23.1945
23.5106
23.8184
24.1079
24.3703
24.5983
24.7879
24.9384
25.0518
25.1333
25.1892
25.2259
25.2492
25.2633
25.2713
25.2755
25.2772
25.2775
25.2769
25.2758
25.2744
25.2729
25.2715
25.2701
25.2687
25.2675
25.2664
25.2653
25.2641
25.2629
25.2616
1.27853
2.13151
3.97936
7.32524
11.3239
14.7132
17.0625
18.5327
19.4051
19.9031
20.1732
20.3058
20.3558
20.3563
20.3281
20.2843
20.2336
20.182
20.1325
20.0846
20.0325
19.9649
19.8653
19.7152
19.498
19.2034
18.8328
18.4017
17.9369
17.4739
17.0504
16.6988
16.4397
16.2789
16.2098
16.2186
16.2897
16.4102
16.5713
16.7671
16.9937
17.2473
17.5234
17.8158
18.1173
18.4193
18.7126
18.988
19.2375
19.4548
19.6366
19.7822
19.8937
19.9754
20.0329
20.0718
20.0972
20.113
20.1223
20.1274
20.1296
20.1302
20.1297
20.1285
20.127
20.1253
20.1235
20.1219
20.1204
20.119
20.1178
20.1167
20.1155
20.1143
20.113
1.01869
1.48311
2.38188
4.15478
6.8016
9.62717
11.9836
13.6873
14.8322
15.5744
16.0458
16.3399
16.5189
16.6232
16.6791
16.7042
16.7106
16.7065
16.6965
16.681
16.6543
16.6047
16.5158
16.3689
16.1482
15.8451
15.4628
15.018
14.5374
14.0557
13.6093
13.2303
12.9401
12.747
12.6473
12.6298
12.6803
12.786
12.9367
13.1253
13.346
13.5936
13.8626
14.1464
14.4375
14.7279
15.0089
15.2724
15.5111
15.7197
15.8952
16.0371
16.1473
16.2294
16.2883
16.3288
16.3558
16.3729
16.3832
16.3889
16.3916
16.3924
16.3919
16.3906
16.3889
16.387
16.3851
16.3832
16.3815
16.38
16.3787
16.3775
16.3764
16.3752
16.3738
0.856486
1.12027
1.57153
2.45563
3.97547
5.97825
8.01089
9.72611
11.0249
11.954
12.6008
13.0453
13.349
13.5556
13.6954
13.7896
13.8531
13.8963
13.9254
13.9416
13.9402
13.9099
13.8347
13.6974
13.4834
13.1862
12.8105
12.3734
11.9008
11.4256
10.9821
10.6007
10.3027
10.0983
9.98643
9.95794
10.0001
10.1002
10.2472
10.4327
10.6498
10.8924
11.1542
11.4288
11.709
11.9874
12.2562
12.5081
12.7368
12.9376
13.1077
13.2466
13.3557
13.4382
13.4983
13.5403
13.5685
13.5868
13.5979
13.6042
13.6072
13.6082
13.6078
13.6065
13.6048
13.6027
13.6006
13.5986
13.5968
13.5952
13.5938
13.5926
13.5914
13.5902
13.5888
0.751138
0.901882
1.1357
1.57101
2.36209
3.58036
5.07589
6.57156
7.86573
8.89151
9.66657
10.2385
10.6564
10.961
11.1833
11.3466
11.4677
11.5589
11.6278
11.6767
11.7019
11.6933
11.6365
11.5158
11.3188
11.0404
10.6868
10.2745
9.82823
9.3781
8.95549
8.58858
8.29821
8.09546
7.98145
7.94934
7.98789
8.08467
8.22848
8.40999
8.6216
8.85667
9.10898
9.37222
9.63983
9.90502
10.161
10.4013
10.6203
10.8137
10.9789
11.1152
11.2235
11.3066
11.3678
11.4112
11.4408
11.4602
11.4721
11.479
11.4825
11.4837
11.4835
11.4823
11.4805
11.4784
11.4763
11.4742
11.4723
11.4706
11.4692
11.468
11.4668
11.4656
11.4641
0.681084
0.763094
0.884561
1.10001
1.49244
2.15026
3.09086
4.2063
5.32813
6.32978
7.15924
7.81701
8.32695
8.71837
9.01818
9.24859
9.42708
9.56678
9.67637
9.75934
9.81323
9.82969
9.79608
9.69891
9.52784
9.27938
8.96011
8.58573
8.17896
7.76681
7.37736
7.03613
6.76285
6.56917
6.45806
6.42492
6.46023
6.5525
6.69063
6.86505
7.06783
7.29219
7.53206
7.78154
8.0347
8.28553
8.52803
8.75651
8.96593
9.15232
9.31307
9.44716
9.55513
9.63893
9.70155
9.74655
9.77763
9.79818
9.81112
9.81875
9.82275
9.82435
9.82433
9.8233
9.82161
9.81958
9.81742
9.81531
9.81338
9.81171
9.81028
9.80904
9.80785
9.80664
9.80524
0.63403
0.671598
0.730768
0.835749
1.02644
1.3569
1.87632
2.58645
3.41896
4.27086
5.05819
5.73809
6.30137
6.75733
7.12227
7.41344
7.64632
7.83355
7.98409
8.10227
8.18696
8.2316
8.22576
8.15818
8.02053
7.81059
7.53481
7.20757
6.84923
6.48357
6.13515
5.82662
5.57622
5.39577
5.28979
5.25588
5.28655
5.37167
5.50081
5.6646
5.85511
6.06569
6.29052
6.52421
6.76145
6.99695
7.22548
7.44199
7.64195
7.82156
7.97819
8.11044
8.21835
8.30325
8.36757
8.41443
8.44725
8.4693
8.48342
8.49196
8.49664
8.49872
8.49906
8.49826
8.49675
8.49484
8.49275
8.49069
8.48877
8.48711
8.48568
8.48444
8.48326
8.48208
8.48072
0.602484
0.610007
0.63217
0.67868
0.768007
0.927183
1.19007
1.58499
2.11208
2.73181
3.38151
4.0041
4.56407
5.04737
5.45427
5.7923
6.07161
6.30214
6.49182
6.64506
6.76171
6.8369
6.86235
6.82899
6.73027
6.56489
6.33878
6.06463
5.76025
5.44615
5.14347
4.87194
4.64804
4.48337
4.38366
4.3486
4.37293
4.44831
4.56541
4.71545
4.89083
5.08514
5.29295
5.50931
5.72955
5.94904
6.1632
6.36759
6.55807
6.73105
6.88376
7.01445
7.12261
7.20896
7.27536
7.32446
7.35939
7.38325
7.39885
7.40853
7.41407
7.41679
7.4176
7.41715
7.41589
7.41417
7.41222
7.41024
7.40838
7.40675
7.40533
7.40411
7.40295
7.4018
7.40049
0.581598
0.568258
0.567053
0.580682
0.61734
0.689625
0.815044
1.01459
1.30566
1.69024
2.14768
2.64103
3.13179
3.59132
4.00395
4.36455
4.67462
4.93874
5.16188
5.3473
5.49504
5.60144
5.66002
5.66362
5.6071
5.48978
5.31678
5.09882
4.85115
4.59114
4.33669
4.10471
3.90975
3.76286
3.67057
3.63442
3.65141
3.71524
3.8181
3.95213
4.1103
4.28661
4.476
4.67401
4.87651
5.07949
5.27896
5.47103
5.65192
5.81821
5.96704
6.0963
6.20494
6.29307
6.36193
6.4137
6.45116
6.47723
6.49464
6.50576
6.51239
6.51593
6.51735
6.51735
6.51644
6.51497
6.51321
6.51137
6.5096
6.50801
6.50663
6.50542
6.5043
6.50319
6.50193
0.568079
0.540126
0.523431
0.51743
0.525304
0.552668
0.607669
0.701329
0.846657
1.055
1.32993
1.66241
2.0321
2.41418
2.78674
3.13474
3.45021
3.73041
3.9754
4.18563
4.36011
4.49553
4.58656
4.62737
4.61383
4.54543
4.4264
4.26531
4.07484
3.86946
3.66412
3.47305
3.30889
3.18177
3.0986
3.06236
3.07216
3.12385
3.21141
3.32819
3.46796
3.62525
3.79543
3.97451
4.15884
4.34496
4.52945
4.7089
4.87993
5.03929
5.18406
5.31184
5.42106
5.51121
5.5829
5.63778
5.67823
5.70696
5.7266
5.73948
5.74748
5.75206
5.75425
5.75484
5.75437
5.75323
5.75171
5.75005
5.7484
5.74689
5.74555
5.74438
5.74329
5.74222
5.74102
0.559602
0.521507
0.494215
0.475854
0.467123
0.470264
0.488837
0.527918
0.594281
0.695972
0.840597
1.03225
1.26845
1.5394
1.83044
2.12614
2.41364
2.68398
2.93163
3.15299
3.34476
3.50278
3.62194
3.69701
3.72423
3.70284
3.63599
3.53017
3.3954
3.24352
3.08681
2.9371
2.8051
2.69985
2.62814
2.59391
2.59801
2.63836
2.71082
2.81021
2.93129
3.06926
3.22001
3.37996
3.54596
3.71503
3.88427
4.05075
4.21148
4.36345
4.50376
4.62979
4.73952
4.8318
4.90662
4.96504
5.00899
5.04089
5.06322
5.07828
5.08798
5.09386
5.09703
5.09835
5.09842
5.0977
5.09649
5.09505
5.09356
5.09215
5.09087
5.08974
5.08868
5.08766
5.08653
0.5545
0.509542
0.474918
0.448452
0.429644
0.419073
0.418104
0.428877
0.454437
0.498844
0.567016
0.66401
0.79358
0.956411
1.14896
1.3638
1.59128
1.82165
2.04636
2.2584
2.45167
2.62034
2.75849
2.86063
2.92271
2.9432
2.92385
2.86929
2.78675
2.68559
2.57569
2.46672
2.36761
2.28615
2.22862
2.19937
2.20049
2.23164
2.29051
2.37351
2.47654
2.59565
2.72729
2.86836
3.01615
3.16815
3.32194
3.47505
3.62494
3.76888
3.90411
4.02787
4.1378
4.23218
4.31034
4.37271
4.42069
4.45632
4.48188
4.49961
4.51141
4.51891
4.5233
4.52554
4.52629
4.52607
4.52524
4.52407
4.52278
4.52149
4.5203
4.51921
4.5182
4.51723
4.51616
0.551578
0.502159
0.462517
0.430613
0.405436
0.386738
0.374813
0.370408
0.374735
0.389544
0.417192
0.460615
0.523061
0.60749
0.715669
0.847291
0.999539
1.16737
1.34434
1.52337
1.69728
1.85896
2.00146
2.11847
2.20503
2.2584
2.2786
2.26836
2.23224
2.1771
2.1106
2.04043
1.97385
1.91738
1.87655
1.85562
1.85728
1.88248
1.93047
1.99917
2.08577
2.18725
2.30072
2.42363
2.55368
2.68883
2.82709
2.9665
3.10494
3.24008
3.36939
3.49015
3.59975
3.69601
3.77761
3.84428
3.89683
3.93683
3.96625
3.98721
4.0016
4.0111
4.01701
4.02039
4.02199
4.02239
4.02202
4.02119
4.02013
4.019
4.01791
4.01689
4.01593
4.015
4.01399
0.549997
0.497833
0.454862
0.419311
0.390008
0.366314
0.347991
0.335115
0.328033
0.327378
0.334101
0.349515
0.375308
0.413464
0.466052
0.534834
0.620752
0.723444
0.840944
0.969655
1.10454
1.2395
1.36782
1.48287
1.57889
1.65179
1.69976
1.72345
1.7251
1.7089
1.6803
1.64513
1.60909
1.57745
1.55484
1.54505
1.55088
1.57396
1.61463
1.67211
1.7448
1.83067
1.92759
2.03356
2.14678
2.26563
2.38856
2.51407
2.64051
2.76603
2.88845
3.00526
3.11377
3.21149
3.29648
3.36778
3.42546
3.47051
3.50452
3.52937
3.54692
3.55888
3.56668
3.57146
3.5741
3.57527
3.57546
3.57504
3.57426
3.57334
3.57237
3.57143
3.57053
3.56965
3.5687
0.549196
0.49545
0.450382
0.412443
0.380459
0.353629
0.331457
0.313683
0.300245
0.291252
0.28699
0.287933
0.294772
0.308425
0.330037
0.36091
0.402371
0.455525
0.520933
0.598235
0.685821
0.780666
0.878444
0.973962
1.0619
1.13764
1.19801
1.24168
1.2691
1.28181
1.28303
1.27669
1.26695
1.25786
1.25311
1.25584
1.26856
1.29303
1.33015
1.38002
1.44201
1.51499
1.59761
1.68847
1.78626
1.88977
1.99791
2.10959
2.22368
2.33883
2.45335
2.56512
2.67162
2.77017
2.85838
2.93455
2.99794
3.04881
3.08821
3.11772
3.13909
3.15407
3.16417
3.17068
3.1746
3.1767
3.17757
3.17764
3.17721
3.17652
3.17571
3.17487
3.17404
3.17322
3.17232
0.54882
0.494229
0.447927
0.408498
0.374812
0.346017
0.321496
0.300829
0.283748
0.270116
0.259909
0.253214
0.250232
0.251294
0.256866
0.26756
0.284121
0.307389
0.338195
0.377183
0.424552
0.479763
0.541296
0.606619
0.672427
0.735161
0.791626
0.839551
0.877967
0.906721
0.926858
0.940463
0.950141
0.958697
0.968861
0.983081
1.00338
1.0313
1.06782
1.11341
1.16802
1.23121
1.30225
1.38031
1.46454
1.55417
1.64847
1.74679
1.84848
1.95272
2.05843
2.16406
2.26749
2.36613
2.45726
2.5385
2.6082
2.66571
2.71141
2.74643
2.77238
2.79098
2.80388
2.81249
2.81795
2.82119
2.82287
2.82352
2.8235
2.8231
2.82247
2.82176
2.82101
2.82025
2.81941
0.548657
0.493654
0.446683
0.406388
0.371673
0.341678
0.31574
0.293358
0.274166
0.257902
0.244398
0.233559
0.225367
0.219876
0.217214
0.217591
0.221305
0.228741
0.240357
0.256643
0.278032
0.304763
0.336707
0.373213
0.413048
0.454495
0.495601
0.534529
0.569919
0.601086
0.627684
0.650313
0.670188
0.688926
0.708319
0.730118
0.755854
0.786722
0.823537
0.866748
0.916477
0.972578
1.03472
1.10246
1.17532
1.25286
1.33471
1.42058
1.51023
1.6034
1.69967
1.7982
1.89753
1.99547
2.08919
2.17568
2.25229
2.31732
2.37027
2.41173
2.44305
2.46596
2.48217
2.49327
2.50058
2.50516
2.50781
2.50915
2.50962
2.50954
2.50915
2.50858
2.50793
2.50724
2.50646
0.548592
0.493406
0.446107
0.405351
0.370059
0.339371
0.312608
0.289233
0.268829
0.251075
0.235728
0.222608
0.211595
0.202617
0.19565
0.190718
0.187892
0.187294
0.189097
0.193514
0.200779
0.211105
0.224622
0.241299
0.260878
0.282844
0.306454
0.330843
0.35518
0.378867
0.401486
0.422887
0.443419
0.46381
0.485067
0.508335
0.534726
0.565173
0.600324
0.640516
0.685813
0.736076
0.791048
0.850417
0.913881
0.98119
1.05218
1.12683
1.20525
1.28764
1.37425
1.46507
1.55953
1.65612
1.75217
1.84412
1.92827
2.00168
2.06282
2.11162
2.14912
2.17697
2.19703
2.21103
2.22048
2.22661
2.23038
2.23251
2.23354
2.23385
2.23371
2.23332
2.23278
2.23217
2.23145
0.548569
0.49331
0.445866
0.40489
0.369304
0.338249
0.311036
0.287114
0.266042
0.247465
0.231105
0.216739
0.204196
0.193345
0.184094
0.176383
0.170182
0.165492
0.162344
0.160794
0.160918
0.162801
0.166517
0.172103
0.179534
0.188699
0.199397
0.211353
0.224254
0.237828
0.251914
0.266359
0.28123
0.296825
0.313671
0.332483
0.354072
0.379231
0.408601
0.442576
0.481264
0.524526
0.572059
0.623491
0.678475
0.736748
0.798185
0.862856
0.931069
1.00341
1.08068
1.16374
1.25306
1.34802
1.44634
1.54404
1.6363
1.71885
1.78897
1.84587
1.8902
1.92357
1.94791
1.96515
1.977
1.98488
1.9899
1.99292
1.99456
1.9953
1.99546
1.99526
1.99485
1.99432
1.99367
0.548561
0.493276
0.445775
0.404707
0.368989
0.337759
0.310324
0.286125
0.264707
0.245702
0.22881
0.213787
0.200435
0.188595
0.17814
0.168972
0.161017
0.15422
0.148551
0.143993
0.140547
0.138221
0.137028
0.136974
0.138051
0.140229
0.14345
0.147634
0.152683
0.158506
0.165053
0.172315
0.180314
0.189196
0.199244
0.210889
0.224698
0.241326
0.261442
0.28562
0.314244
0.347441
0.385091
0.42689
0.472448
0.521409
0.573551
0.628888
0.687765
0.75096
0.819723
0.895657
0.980235
1.07385
1.1747
1.27846
1.3792
1.47128
1.5508
1.61618
1.6677
1.70688
1.73576
1.75645
1.77086
1.7806
1.78695
1.79092
1.79323
1.79442
1.79489
1.7949
1.79462
1.79418
1.79359
0.548559
0.493266
0.445745
0.404642
0.368873
0.337571
0.31004
0.285716
0.264139
0.24493
0.227779
0.212432
0.198676
0.186338
0.175272
0.165362
0.156511
0.148643
0.141695
0.135622
0.130388
0.125969
0.122344
0.119498
0.11741
0.11606
0.115418
0.115447
0.11611
0.117368
0.119199
0.121609
0.124618
0.128289
0.132758
0.138247
0.145081
0.153691
0.1646
0.178381
0.195598
0.216719
0.242047
0.271681
0.305536
0.343421
0.385164
0.43076
0.480541
0.53535
0.596684
0.666664
0.747547
0.840546
0.944294
1.05413
1.16314
1.26443
1.35304
1.42663
1.48515
1.53001
1.56335
1.58743
1.60437
1.61595
1.62364
1.62854
1.63151
1.63316
1.63394
1.63415
1.63401
1.63366
1.63313
0.548558
0.493263
0.445735
0.404622
0.368836
0.337509
0.309944
0.285572
0.26393
0.244636
0.227375
0.211885
0.197946
0.185378
0.174026
0.163764
0.154485
0.146099
0.138532
0.131725
0.125625
0.120193
0.115395
0.111201
0.107586
0.104526
0.101997
0.0999729
0.09843
0.0973438
0.0966954
0.0964769
0.0966934
0.097363
0.0985348
0.1003
0.102805
0.106265
0.110975
0.117311
0.125726
0.136723
0.150817
0.168485
0.190125
0.216047
0.246511
0.281827
0.32252
0.369554
0.42455
0.489872
0.568186
0.661164
0.767656
0.882725
0.998705
1.10774
1.204
1.28455
1.34903
1.39878
1.43597
1.463
1.48215
1.49535
1.5042
1.50993
1.51348
1.51553
1.51658
1.51698
1.51696
1.51669
1.51621
0.548558
0.493263
0.445733
0.404617
0.368827
0.337493
0.309918
0.285532
0.26387
0.244548
0.227249
0.211707
0.197701
0.185045
0.173583
0.163183
0.153733
0.145139
0.137321
0.130214
0.123759
0.117909
0.112626
0.107875
0.103626
0.0998546
0.0965364
0.0936494
0.0911727
0.0890858
0.0873708
0.0860142
0.0850082
0.0843535
0.0840635
0.084172
0.0847419
0.0858758
0.0877274
0.0905143
0.0945302
0.100154
0.107855
0.118183
0.131757
0.149245
0.171347
0.198819
0.232554
0.273759
0.324196
0.386325
0.462942
0.555868
0.664006
0.782238
0.902468
1.01628
1.11731
1.20225
1.27054
1.32342
1.3631
1.39206
1.41265
1.42692
1.43654
1.44283
1.44676
1.44908
1.45032
1.45083
1.45089
1.45067
1.45022
0.548558
0.493263
0.445733
0.404617
0.368827
0.337493
0.309918
0.285532
0.26387
0.244548
0.227249
0.211707
0.197701
0.185045
0.173583
0.163183
0.153733
0.145139
0.137321
0.130213
0.123759
0.11791
0.112627
0.107876
0.103628
0.0998568
0.0965389
0.0936517
0.0911736
0.0890836
0.0873631
0.0859991
0.0849825
0.0843116
0.083998
0.0840734
0.0845976
0.0856692
0.0874371
0.0901131
0.0939844
0.099424
0.106895
0.116947
0.130204
0.147343
0.169083
0.196201
0.229613
0.270543
0.320767
0.382758
0.459316
0.552263
0.660495
0.778875
0.89929
1.0133
1.11454
1.19968
1.26814
1.32117
1.36098
1.39003
1.41071
1.42504
1.43471
1.44104
1.445
1.44735
1.4486
1.44912
1.44919
1.44896
1.4485
0.548558
0.493263
0.445735
0.404622
0.368836
0.337509
0.309944
0.285572
0.26393
0.244636
0.227375
0.211884
0.197946
0.185377
0.174026
0.163764
0.154484
0.146098
0.138532
0.131724
0.125624
0.120193
0.115395
0.111203
0.107589
0.104531
0.102002
0.0999769
0.0984284
0.0973299
0.0966605
0.0964122
0.0965817
0.0971823
0.0982556
0.0998835
0.102201
0.105409
0.109787
0.115693
0.123566
0.1339
0.147214
0.164003
0.184701
0.209661
0.239196
0.273659
0.313612
0.360038
0.414577
0.479606
0.557808
0.650863
0.757613
0.873083
0.989567
1.09916
1.19598
1.27707
1.34204
1.3922
1.42974
1.45705
1.47642
1.4898
1.49879
1.50463
1.50826
1.51038
1.51147
1.51189
1.51187
1.51158
1.51107
0.548559
0.493266
0.445745
0.404642
0.368873
0.337571
0.31004
0.285716
0.264138
0.244929
0.227779
0.212431
0.198675
0.186336
0.175271
0.16536
0.156509
0.14864
0.141691
0.135618
0.130384
0.125966
0.122343
0.119499
0.117415
0.116068
0.115427
0.115451
0.116099
0.117326
0.119105
0.121434
0.124316
0.127803
0.132011
0.137142
0.143496
0.15148
0.161595
0.174406
0.190481
0.210321
0.23428
0.262527
0.295046
0.331702
0.372362
0.417034
0.46605
0.520244
0.581113
0.650788
0.73156
0.824671
0.928767
1.03915
1.14888
1.25096
1.34039
1.41476
1.47398
1.51945
1.55329
1.57777
1.59503
1.60687
1.61476
1.61982
1.62292
1.62466
1.6255
1.62574
1.62559
1.62521
1.62462
0.548561
0.493276
0.445775
0.404707
0.368988
0.337758
0.310324
0.286124
0.264706
0.245701
0.228808
0.213785
0.200432
0.188591
0.178136
0.168967
0.16101
0.154212
0.148541
0.143983
0.140536
0.138211
0.137021
0.136973
0.138057
0.140242
0.143465
0.147638
0.152651
0.158403
0.164832
0.171896
0.179596
0.188048
0.197503
0.20836
0.221158
0.23654
0.255186
0.277711
0.304574
0.335997
0.371957
0.412223
0.456456
0.504307
0.555544
0.610144
0.668425
0.731132
0.799512
0.875182
0.959663
1.05339
1.15462
1.25898
1.36053
1.45352
1.534
1.60029
1.65265
1.69254
1.72201
1.74317
1.75796
1.768
1.77461
1.77877
1.78124
1.78255
1.78309
1.78311
1.78281
1.7823
1.78162
0.548569
0.49331
0.445866
0.404889
0.369303
0.338248
0.311035
0.287112
0.266039
0.247462
0.2311
0.216733
0.204189
0.193336
0.184083
0.176369
0.170165
0.165472
0.16232
0.160767
0.160889
0.162775
0.166498
0.172097
0.179545
0.188727
0.199431
0.211364
0.224191
0.237611
0.251431
0.265452
0.279697
0.294422
0.31012
0.327484
0.347335
0.370506
0.397726
0.429506
0.466085
0.507431
0.553313
0.603386
0.65729
0.714716
0.775494
0.839638
0.907421
0.979395
1.05638
1.13925
1.22852
1.32362
1.42233
1.52066
1.61376
1.69726
1.76839
1.82625
1.87146
1.90558
1.93054
1.94828
1.96053
1.96874
1.97404
1.97728
1.97911
1.97998
1.9802
1.98
1.97952
1.97888
1.97809
0.548592
0.493406
0.446106
0.40535
0.370057
0.339369
0.312604
0.289228
0.268823
0.251067
0.235717
0.222595
0.211579
0.202597
0.195625
0.190687
0.187854
0.187248
0.189042
0.193452
0.200713
0.211043
0.224576
0.241284
0.260907
0.282917
0.306548
0.330899
0.355091
0.37848
0.400574
0.421172
0.440568
0.459456
0.478837
0.499883
0.523787
0.551605
0.584144
0.621893
0.665038
0.713505
0.767047
0.825316
0.887952
0.954632
1.02514
1.0994
1.17749
1.25961
1.34602
1.43675
1.53127
1.62808
1.72457
1.81718
1.90218
1.97654
2.03868
2.08843
2.1268
2.15539
2.17605
2.19054
2.2004
2.20687
2.21094
2.21331
2.21454
2.21498
2.2149
2.21446
2.21381
2.21303
2.21212
0.548657
0.493653
0.446681
0.406385
0.371669
0.341672
0.315732
0.293348
0.274153
0.257886
0.244376
0.233532
0.225333
0.219833
0.21716
0.217524
0.221223
0.22864
0.240236
0.256505
0.277886
0.304628
0.336613
0.373196
0.413139
0.454695
0.495862
0.534734
0.569868
0.600499
0.626199
0.647503
0.66559
0.682078
0.69881
0.717645
0.740272
0.768072
0.802045
0.842774
0.890458
0.944949
1.00587
1.0727
1.1449
1.22193
1.30338
1.38892
1.47831
1.5713
1.66748
1.76604
1.86557
1.96387
2.05814
2.14534
2.22281
2.28878
2.34269
2.38505
2.41719
2.44077
2.45756
2.46912
2.47683
2.48175
2.48471
2.48631
2.48699
2.48703
2.48666
2.48601
2.48518
2.48425
2.48322
0.54882
0.494228
0.447924
0.408492
0.374804
0.346005
0.321481
0.300809
0.283722
0.270083
0.259867
0.25316
0.250164
0.251207
0.256755
0.26742
0.283946
0.307173
0.337937
0.376891
0.424251
0.4795
0.541141
0.606648
0.672695
0.735663
0.792264
0.840108
0.878107
0.906014
0.924774
0.936427
0.943584
0.949112
0.955866
0.966476
0.983186
1.00774
1.04131
1.08444
1.1371
1.19881
1.26875
1.34599
1.42962
1.51877
1.61271
1.71074
1.81223
1.91638
2.02215
2.12798
2.23179
2.33095
2.42276
2.50478
2.57537
2.6338
2.68041
2.71627
2.74296
2.76218
2.77559
2.78462
2.79047
2.79405
2.79606
2.79698
2.79718
2.79688
2.79625
2.79538
2.79438
2.79331
2.79215
0.549195
0.495446
0.450375
0.412431
0.380442
0.353607
0.331427
0.313645
0.300196
0.291189
0.286908
0.287828
0.294635
0.308249
0.32981
0.360621
0.402008
0.455081
0.520414
0.597668
0.685269
0.780234
0.878264
0.974166
1.06256
1.13873
1.19934
1.24289
1.26971
1.28118
1.28047
1.27149
1.25847
1.24559
1.23673
1.23528
1.244
1.26485
1.29889
1.34627
1.40633
1.47787
1.55941
1.64947
1.74666
1.8497
1.95749
2.06893
2.18291
2.2981
2.41285
2.52503
2.63211
2.73137
2.82039
2.89743
2.96174
3.01351
3.05378
3.08404
3.10608
3.1216
3.13216
3.13907
3.14335
3.14581
3.14702
3.14737
3.14716
3.14655
3.14568
3.14461
3.14344
3.14222
3.14095
0.549994
0.497825
0.454848
0.419289
0.389977
0.366273
0.347938
0.335046
0.327943
0.32726
0.333945
0.34931
0.375037
0.41311
0.465594
0.534254
0.620038
0.7226
0.840001
0.968686
1.10368
1.23892
1.36774
1.48348
1.58027
1.65385
1.70219
1.72571
1.72654
1.70868
1.67756
1.63903
1.59894
1.56276
1.53536
1.52081
1.52221
1.54135
1.57875
1.63362
1.70432
1.78869
1.8845
1.98965
2.10225
2.22063
2.34325
2.46859
2.59506
2.7208
2.84366
2.96111
3.07044
3.16905
3.25499
3.32723
3.38586
3.43179
3.46662
3.49215
3.51029
3.52273
3.53094
3.53608
3.53908
3.54061
3.54116
3.54104
3.54048
3.53961
3.53851
3.53725
3.53591
3.53456
3.53317
0.551572
0.502144
0.462491
0.430575
0.405384
0.386669
0.374721
0.370286
0.374571
0.389323
0.416894
0.460213
0.522526
0.60679
0.714781
0.846205
0.998264
1.16595
1.34284
1.52193
1.69612
1.85834
2.00169
2.11977
2.20749
2.26185
2.28258
2.27219
2.235
2.17776
2.10811
2.03386
1.96245
1.90066
1.85431
1.82798
1.82466
1.84554
1.88996
1.95586
2.04033
2.14022
2.25252
2.37455
2.50398
2.63869
2.77672
2.91608
3.05471
3.19029
3.3203
3.44195
3.55258
3.64992
3.73259
3.8003
3.85382
3.89467
3.92487
3.94645
3.96136
3.97127
3.97755
3.98126
3.98323
3.98401
3.98402
3.98351
3.98266
3.98155
3.98025
3.97881
3.97731
3.97581
3.97432
0.55449
0.509515
0.474874
0.448389
0.429558
0.418956
0.417945
0.428659
0.454136
0.498426
0.566439
0.663227
0.792549
0.955107
1.14739
1.36198
1.58928
1.81954
2.04428
2.25654
2.45031
2.61984
2.75925
2.86294
2.92664
2.9485
2.9299
2.87522
2.79139
2.6877
2.57405
2.46027
2.3555
2.26786
2.20396
2.16856
2.16406
2.19038
2.24532
2.32526
2.42599
2.5434
2.67379
2.81396
2.96114
3.11276
3.26641
3.41964
3.56993
3.71456
3.85075
3.97567
4.08686
4.1825
4.26186
4.32532
4.37429
4.41077
4.43706
4.45535
4.46762
4.47547
4.4802
4.48276
4.48389
4.48407
4.48365
4.48282
4.48172
4.4804
4.47891
4.4773
4.47565
4.47402
4.47243
0.559583
0.521462
0.494144
0.475753
0.466982
0.470068
0.48856
0.527523
0.593716
0.69517
0.839488
1.03078
1.26661
1.53721
1.82797
2.12347
2.41086
2.6812
2.929
3.15077
3.3433
3.50257
3.62345
3.7006
3.72998
3.71042
3.64463
3.53879
3.40259
3.24779
3.08674
2.93144
2.79289
2.68049
2.60145
2.56017
2.5579
2.59285
2.66097
2.75701
2.87559
3.01172
3.16115
3.32018
3.48559
3.65437
3.82362
3.99041
4.15179
4.30473
4.44629
4.57373
4.68494
4.77865
4.85478
4.91435
4.95932
4.99206
5.01509
5.03067
5.04078
5.04696
5.05045
5.05209
5.05256
5.05226
5.05149
5.0504
5.04908
5.04757
5.04592
5.04415
5.04235
5.04061
5.03892
0.568046
0.540055
0.523319
0.517269
0.525073
0.552333
0.607175
0.700596
0.845582
1.05349
1.3279
1.65989
2.02916
2.41093
2.7833
3.13121
3.44667
3.72699
3.97228
4.1831
4.35863
4.49568
4.58895
4.63245
4.62169
4.55569
4.43817
4.27724
4.08528
3.87668
3.66642
3.46897
3.29727
3.16192
3.07032
3.02604
3.02866
3.07433
3.15709
3.27021
3.40725
3.56255
3.73133
3.90946
4.09325
4.27918
4.46385
4.64383
4.81578
4.9764
5.12271
5.25217
5.36309
5.45482
5.52793
5.58402
5.62552
5.65508
5.67539
5.68875
5.69712
5.70197
5.70446
5.70538
5.70532
5.70464
5.70359
5.70228
5.70079
5.69912
5.6973
5.69538
5.69346
5.69161
5.68984
0.581544
0.568148
0.56688
0.580426
0.616956
0.689037
0.814135
1.0132
1.30366
1.68754
2.14434
2.63719
3.12763
3.58699
3.99957
4.36022
4.67039
4.93473
5.15829
5.34449
5.49354
5.60198
5.66334
5.67027
5.61725
5.50301
5.33208
5.11463
4.86556
4.60212
4.34224
4.10304
3.8995
3.74319
3.6413
3.59608
3.60505
3.66221
3.75981
3.88982
4.045
4.21914
4.40701
4.60404
4.80605
5.00894
5.20877
5.4016
5.58368
5.75154
5.9022
6.0334
6.14395
6.23381
6.30419
6.35724
6.39577
6.42267
6.44074
6.4523
6.45927
6.46306
6.46476
6.46511
6.46464
6.46366
6.4624
6.46091
6.45927
6.45745
6.4555
6.45345
6.45141
6.44947
6.44764
0.6024
0.609839
0.631903
0.678265
0.767347
0.926113
1.18836
1.58242
2.10857
2.72747
3.37659
3.99886
4.55871
5.04204
5.44903
5.78721
6.06672
6.29754
6.48773
6.64191
6.76013
6.83776
6.86652
6.83718
6.74272
6.58124
6.3579
6.08478
5.77927
5.46166
5.1531
4.87356
4.64
4.46471
4.35425
4.30911
4.3246
4.39268
4.50402
4.64965
4.82172
5.01362
5.21975
5.43506
5.65481
5.87432
6.089
6.29439
6.48635
6.66119
6.81603
6.94891
7.05918
7.14741
7.21543
7.26587
7.3019
7.3266
7.34285
7.35295
7.3588
7.36175
7.36285
7.36276
7.36197
7.36076
7.35933
7.35771
7.35594
7.35401
7.35194
7.34978
7.34765
7.34565
7.34377
0.633903
0.671346
0.73035
0.835057
1.02526
1.35491
1.87316
2.582
3.41343
4.26466
5.05168
5.73153
6.29492
6.75106
7.1162
7.40759
7.64071
7.82828
7.97941
8.09865
8.18515
8.23258
8.23056
8.16767
8.03511
7.82997
7.55781
7.23233
6.87333
6.50425
6.14962
5.83237
5.57131
5.37914
5.26135
5.21645
5.23756
5.31478
5.43766
5.59658
5.78341
5.99126
6.2142
6.4467
6.68343
6.91901
7.1482
7.36593
7.56763
7.7494
7.90844
8.04312
8.15333
8.24025
8.3063
8.35456
8.38853
8.41143
8.4262
8.43514
8.44012
8.44242
8.44306
8.44262
8.44161
8.44023
8.43868
8.43695
8.4351
8.43308
8.43093
8.42869
8.4265
8.42445
8.42256
0.680892
0.762711
0.883889
1.0988
1.49025
2.14654
3.08538
4.19938
5.32037
6.32173
7.15125
7.80923
8.31945
8.71115
9.01123
9.24189
9.42065
9.56072
9.67094
9.75507
9.81093
9.83045
9.80111
9.70925
9.54409
9.3014
8.98673
8.61502
8.20824
7.79297
7.39717
7.04667
6.76192
6.55563
6.43191
6.38712
6.41231
6.49619
6.62758
6.79666
6.9953
7.21654
7.45421
7.7023
7.95486
8.20576
8.44903
8.6789
8.89032
9.07912
9.24255
9.37928
9.48974
9.57571
9.64017
9.68664
9.71892
9.74034
9.75393
9.76196
9.76626
9.76807
9.76836
9.76769
9.76651
9.76502
9.7634
9.76161
9.75971
9.75763
9.75544
9.75317
9.75096
9.74891
9.74702
0.750852
0.901293
1.13457
1.56879
2.35797
3.57383
5.06735
6.56193
7.85581
8.88176
9.65718
10.2295
10.6478
10.9527
11.1754
11.3389
11.4603
11.5519
11.6214
11.6715
11.6987
11.6934
11.6412
11.5263
11.3359
11.0642
10.7163
10.3077
9.86229
9.40954
8.98066
8.60418
8.30185
8.08597
7.95893
7.91489
7.94308
8.03119
8.16789
8.34362
8.55062
8.78211
9.03183
9.29339
9.56022
9.82541
10.0822
10.324
10.5452
10.7412
10.9093
11.0485
11.1595
11.2448
11.308
11.353
11.3839
11.4041
11.4167
11.424
11.4278
11.4293
11.4293
11.4285
11.4272
11.4257
11.424
11.4222
11.4203
11.4182
11.416
11.4138
11.4116
11.4096
11.4078
0.856059
1.11933
1.56953
2.45144
3.96804
5.96788
7.99896
9.71385
11.0129
11.9426
12.5899
13.035
13.3391
13.5461
13.6862
13.7806
13.8444
13.8879
13.9177
13.9351
13.9357
13.9087
13.8382
13.707
13.5003
13.2105
12.8415
12.4092
11.9385
11.4614
11.0119
10.6209
10.3109
10.0934
9.96856
9.92838
9.96047
10.0519
10.1918
10.3712
10.5833
10.8218
11.0806
11.3532
11.6324
11.9106
12.1802
12.4337
12.6648
12.8684
13.0416
13.1834
13.2954
13.3803
13.4424
13.4861
13.5157
13.5348
13.5466
13.5533
13.5567
13.5579
13.5578
13.5569
13.5556
13.5541
13.5525
13.5507
13.5488
13.5468
13.5447
13.5425
13.5405
13.5386
13.5368
1.01804
1.48153
2.37812
4.14692
6.78934
9.61242
11.9684
13.6726
14.8183
15.5612
16.0333
16.328
16.5074
16.6121
16.6683
16.6937
16.7003
16.6965
16.6872
16.6727
16.6479
16.6015
16.5171
16.3764
16.1631
15.8681
15.4933
15.0542
14.5764
14.0935
13.6417
13.2535
12.9516
12.7459
12.6341
12.6059
12.6472
12.745
12.8889
13.0715
13.2871
13.5304
13.796
14.0775
14.3673
14.6573
14.9391
15.2041
15.4453
15.6569
15.8356
15.9806
16.0937
16.1784
16.2395
16.2818
16.3101
16.3282
16.3392
16.3453
16.3484
16.3493
16.3492
16.3483
16.347
16.3455
16.344
16.3423
16.3405
16.3386
16.3367
16.3347
16.3328
16.3311
16.3295
1.2775
2.12867
3.97206
7.31146
11.3058
14.6941
17.044
18.5154
19.3889
19.8878
20.1586
20.2918
20.3422
20.3431
20.3152
20.2716
20.2212
20.1698
20.1209
20.0739
20.0235
19.9586
19.8632
19.7189
19.5088
19.2225
18.8597
18.4351
17.9738
17.5101
17.0817
16.7215
16.4515
16.2792
16.1996
16.1994
16.263
16.3772
16.5326
16.7232
16.9451
17.1946
17.4672
17.7571
18.0572
18.3588
18.6527
18.9298
19.1817
19.4021
19.5872
19.736
19.8505
19.9349
19.9948
20.0355
20.0623
20.0791
20.0892
20.0947
20.0974
20.0981
20.0979
20.097
20.0958
20.0944
20.093
20.0914
20.0898
20.0881
20.0864
20.0847
20.0831
20.0817
20.0803
1.71843
3.38948
7.17749
12.7947
17.925
21.3902
23.3973
24.4649
24.9893
25.2111
25.2669
25.2326
25.151
25.0465
24.9329
24.8189
24.7096
24.6086
24.5176
24.4354
24.3568
24.2716
24.1654
24.0212
23.8227
23.559
23.2278
22.8424
22.4269
22.0153
21.645
21.3481
21.1446
21.039
21.0223
21.0782
21.1892
21.3416
21.5268
21.7404
21.9803
22.2446
22.5307
22.8339
23.1476
23.4635
23.772
24.0633
24.3282
24.5595
24.7525
24.9062
25.0228
25.1071
25.1654
25.2041
25.2289
25.244
25.2528
25.2575
25.2596
25.2601
25.2598
25.2589
25.2577
25.2564
25.2551
25.2536
25.2522
25.2508
25.2494
25.248
25.2467
25.2456
25.2445
2.53282
6.05652
13.4025
21.5101
27.0759
30.0608
31.4496
31.9963
32.1233
32.0469
31.8766
31.6676
31.4482
31.2327
31.0283
30.8387
30.6656
30.5098
30.3712
30.2477
30.1343
30.023
29.9019
29.7571
29.5751
29.3459
29.0662
28.7476
28.4132
28.0951
27.8288
27.6437
27.556
27.5657
27.6593
27.8164
28.0172
28.2471
28.4978
28.7658
29.0509
29.3529
29.6712
30.0027
30.3422
30.6821
31.0132
31.3255
31.6091
31.856
32.061
32.2224
32.3429
32.4278
32.4847
32.5208
32.5429
32.5557
32.5627
32.5661
32.5673
32.5673
32.5667
32.5656
32.5644
32.563
32.5617
32.5603
32.559
32.5578
32.5567
32.5557
32.5548
32.554
32.5531
4.21283
11.9667
24.6711
34.5284
39.537
41.5361
42.1007
42.0429
41.7327
41.334
40.9191
40.5194
40.1475
39.8077
39.5001
39.2233
38.9754
38.7543
38.5572
38.3809
38.2207
38.0706
37.9232
37.77
37.6025
37.4147
37.2044
36.9819
36.7698
36.5972
36.4954
36.4884
36.5863
36.7824
37.0569
37.385
37.7436
38.1163
38.4941
38.8741
39.2565
39.6428
40.0338
40.4282
40.8225
41.2105
41.5842
41.9338
42.2496
42.5233
42.749
42.925
43.054
43.1424
43.1989
43.2328
43.2517
43.2615
43.266
43.2675
43.2673
43.2663
43.2648
43.2632
43.2616
43.26
43.2583
43.2568
43.2554
43.2543
43.2532
43.2524
43.2518
43.2512
43.2505
8.17425
24.9787
43.8377
53.7006
57.0861
57.671
57.2378
56.4872
55.6808
54.9123
54.2118
53.5847
53.0274
52.5335
52.0959
51.7079
51.3632
51.0559
50.78
50.5299
50.3003
50.0876
49.8901
49.7073
49.54
49.3905
49.2619
49.1648
49.1234
49.163
49.3081
49.5738
49.9597
50.4491
51.0137
51.6221
52.2468
52.8689
53.4775
54.0685
54.6416
55.1986
55.7407
56.2676
56.7771
57.2649
57.7244
58.1473
58.525
58.8496
59.1154
59.3214
59.4702
59.5698
59.6307
59.6647
59.6812
59.688
59.6894
59.6883
59.6858
59.6831
59.6801
59.6773
59.6746
59.6721
59.6696
59.6674
59.6654
59.6638
59.6624
59.6614
59.6606
59.6599
59.659
18.9118
52.7356
76.0314
83.3759
84.0608
82.7956
81.134
79.5302
78.0983
76.8498
75.7676
74.8289
74.0121
73.2986
72.6731
72.1222
71.6344
71.1984
70.803
70.438
70.0958
69.7744
69.4788
69.2203
69.0147
68.8802
68.8333
68.8896
69.079
69.4242
69.9399
70.6266
71.4668
72.4274
73.4662
74.5418
75.6197
76.6766
77.6979
78.6771
79.611
80.4996
81.3423
82.1383
82.885
83.5795
84.2165
84.7901
85.2935
85.7216
86.0702
86.3401
86.5351
86.6654
86.7439
86.7865
86.8052
86.8113
86.8103
86.8065
86.8009
86.7956
86.7898
86.7848
86.7798
86.7754
86.7706
86.7668
86.7631
86.7602
86.7574
86.7553
86.7534
86.7517
86.7498
52.3972
112.336
134.34
135.818
132.427
128.579
125.178
122.317
119.924
117.912
116.205
114.744
113.484
112.391
111.438
110.6
109.859
109.195
108.586
108.014
107.464
106.933
106.434
105.994
105.656
105.469
105.476
105.714
106.226
107.037
108.15
109.541
111.163
112.951
114.838
116.763
118.678
120.55
122.359
124.092
125.74
127.297
128.758
130.118
131.37
132.511
133.534
134.438
135.217
135.873
136.405
136.821
137.126
137.337
137.47
137.546
137.583
137.598
137.6
137.596
137.587
137.579
137.568
137.559
137.549
137.541
137.532
137.524
137.516
137.51
137.504
137.499
137.494
137.489
137.485
180.26
258.366
265.604
255.244
244.636
236.075
229.309
223.889
219.464
215.789
212.695
210.06
207.795
205.833
204.123
202.622
201.294
200.101
199.001
197.952
196.92
195.895
194.896
193.981
193.245
192.8
192.764
193.227
194.279
195.964
198.268
201.121
204.411
208.006
211.775
215.609
219.426
223.171
226.804
230.3
233.634
236.792
239.75
242.494
245.003
247.268
249.277
251.029
252.523
253.773
254.787
255.592
256.2
256.643
256.942
257.136
257.246
257.308
257.334
257.341
257.333
257.322
257.304
257.287
257.267
257.249
257.229
257.212
257.194
257.179
257.164
257.151
257.138
257.127
257.116
788.972
724.173
674.557
640.975
615.89
596.568
581.313
568.989
558.833
550.33
543.12
536.944
531.611
526.975
522.923
519.362
516.207
513.367
510.737
508.203
505.658
503.038
500.355
497.729
495.383
493.624
492.799
493.255
495.277
499.023
504.487
511.489
519.731
528.859
538.528
548.456
558.43
568.307
577.984
587.385
596.443
605.1
613.283
620.931
627.974
634.361
640.042
644.996
649.217
652.737
655.599
657.883
659.654
660.997
661.973
662.664
663.12
663.415
663.582
663.67
663.696
663.692
663.662
663.624
663.575
663.525
663.47
663.42
663.369
663.322
663.275
663.232
663.191
663.153
663.121
)
;

boundaryField
{
    lowerWall
    {
        type            epsilonWallFunction;
        value           nonuniform List<scalar> 
75
(
789.607
724.717
675.056
641.444
616.337
596.999
581.733
569.399
559.236
550.727
543.512
537.331
531.994
527.355
523.3
519.737
516.58
513.737
511.106
508.571
506.029
503.419
500.758
498.17
495.889
494.226
493.53
494.149
496.361
500.309
505.964
513.129
521.488
530.683
540.376
550.291
560.229
570.056
579.673
589.009
597.998
606.582
614.693
622.264
629.229
635.533
641.135
646.007
650.153
653.6
656.398
658.623
660.351
661.655
662.607
663.275
663.716
663.996
664.161
664.239
664.268
664.257
664.23
664.189
664.143
664.091
664.042
663.992
663.946
663.9
663.856
663.81
663.768
663.724
663.685
)
;
    }
    upperWall
    {
        type            epsilonWallFunction;
        value           nonuniform List<scalar> 
75
(
788.972
724.173
674.557
640.975
615.89
596.568
581.313
568.989
558.833
550.33
543.12
536.944
531.611
526.975
522.923
519.362
516.207
513.367
510.737
508.203
505.658
503.038
500.355
497.729
495.383
493.624
492.799
493.255
495.277
499.023
504.487
511.489
519.731
528.859
538.528
548.456
558.43
568.307
577.984
587.385
596.443
605.1
613.283
620.931
627.974
634.361
640.042
644.996
649.217
652.737
655.599
657.883
659.654
660.997
661.973
662.664
663.12
663.415
663.582
663.67
663.696
663.692
663.662
663.624
663.575
663.525
663.47
663.42
663.369
663.322
663.275
663.232
663.191
663.153
663.121
)
;
    }
    inlet
    {
        type            turbulentMixingLengthDissipationRateInlet;
        mixingLength    0.07;
        phi             phi;
        k               k;
        value           uniform 0.613384;
    }
    outlet
    {
        type            zeroGradient;
    }
    frontAndBack
    {
        type            empty;
    }
}


// ************************************************************************* //
