/*--------------------------------*- C++ -*----------------------------------*\
  =========                 |
  \\      /  F ield         | OpenFOAM: The Open Source CFD Toolbox
   \\    /   O peration     | Website:  https://openfoam.org
    \\  /    A nd           | Version:  7
     \\/     M anipulation  |
\*---------------------------------------------------------------------------*/
FoamFile
{
    version     2.0;
    format      ascii;
    class       volScalarField;
    location    "350";
    object      nut;
}
// * * * * * * * * * * * * * * * * * * * * * * * * * * * * * * * * * * * * * //

dimensions      [0 2 -1 0 0 0 0];

internalField   nonuniform List<scalar> 
4500
(
0.000506064
0.000491803
0.000480303
0.000472195
0.000465952
0.000461027
0.000457063
0.00045381
0.000451094
0.000448794
0.000446826
0.000445125
0.000443647
0.000442353
0.000441217
0.000440215
0.000439327
0.00043853
0.000437802
0.000437111
0.000436427
0.000435723
0.000434984
0.000434223
0.000433479
0.000432817
0.000432325
0.000432095
0.000432226
0.000432793
0.000433836
0.000435343
0.000437256
0.000439483
0.000441921
0.000444474
0.000447066
0.000449644
0.00045217
0.000454623
0.000456984
0.000459241
0.000461382
0.000463393
0.000465261
0.000466975
0.000468522
0.000469894
0.000471087
0.000472103
0.000472947
0.000473636
0.000474185
0.000474613
0.000474938
0.000475177
0.000475345
0.000475458
0.000475531
0.000475573
0.000475595
0.000475602
0.000475602
0.000475596
0.000475587
0.000475576
0.000475565
0.000475553
0.000475542
0.000475531
0.00047552
0.000475509
0.000475499
0.000475489
0.000475479
0.000607327
0.000974335
0.00114372
0.00120841
0.00123497
0.00124672
0.00125197
0.00125409
0.00125464
0.00125437
0.00125368
0.00125278
0.00125181
0.00125083
0.00124989
0.00124901
0.00124818
0.00124741
0.00124663
0.00124577
0.00124472
0.00124337
0.00124163
0.00123948
0.00123696
0.00123423
0.00123148
0.001229
0.00122723
0.00122664
0.00122751
0.00122993
0.0012338
0.00123882
0.00124469
0.00125107
0.00125775
0.00126458
0.00127146
0.00127837
0.00128528
0.00129214
0.00129893
0.00130556
0.00131198
0.00131806
0.00132371
0.00132882
0.00133327
0.001337
0.00133997
0.00134219
0.00134371
0.00134466
0.00134517
0.0013454
0.00134545
0.00134542
0.00134535
0.00134527
0.00134519
0.00134511
0.00134504
0.00134498
0.00134492
0.00134487
0.00134482
0.00134477
0.00134473
0.0013447
0.00134466
0.00134463
0.0013446
0.00134456
0.00134453
0.000713424
0.00121515
0.00157793
0.00177481
0.00188365
0.00194758
0.00198742
0.00201353
0.0020314
0.00204407
0.00205335
0.00206032
0.00206571
0.00206996
0.00207341
0.00207628
0.00207873
0.00208084
0.00208258
0.00208379
0.00208413
0.00208312
0.00208024
0.00207504
0.00206732
0.00205723
0.00204533
0.00203261
0.0020205
0.00201049
0.00200374
0.00200089
0.00200198
0.00200657
0.00201399
0.00202353
0.00203464
0.00204693
0.00206018
0.00207427
0.0020891
0.00210455
0.00212045
0.00213657
0.00215262
0.00216823
0.00218301
0.00219655
0.0022085
0.00221859
0.00222669
0.00223284
0.00223721
0.00224011
0.0022419
0.00224292
0.00224344
0.00224366
0.00224371
0.00224366
0.00224356
0.00224343
0.00224329
0.00224315
0.00224301
0.00224286
0.00224273
0.0022426
0.00224248
0.00224238
0.00224229
0.00224221
0.00224213
0.00224205
0.00224197
0.00102124
0.00136022
0.0018715
0.00222328
0.00244808
0.00259473
0.00269401
0.00276382
0.00281468
0.00285291
0.00288244
0.00290581
0.0029247
0.00294027
0.00295334
0.00296451
0.00297424
0.00298278
0.00299017
0.00299606
0.00299966
0.0029998
0.00299516
0.00298459
0.0029675
0.00294421
0.00291606
0.00288535
0.00285514
0.00282856
0.00280816
0.00279548
0.00279091
0.00279386
0.0028032
0.00281766
0.00283618
0.00285801
0.00288264
0.00290975
0.00293904
0.00297018
0.00300272
0.00303608
0.00306953
0.00310225
0.00313333
0.00316191
0.00318722
0.00320875
0.00322624
0.00323981
0.00324982
0.00325685
0.00326156
0.00326456
0.00326637
0.00326738
0.00326789
0.00326805
0.00326802
0.00326784
0.0032676
0.00326731
0.003267
0.00326667
0.00326636
0.00326606
0.00326579
0.00326556
0.00326535
0.00326517
0.003265
0.00326482
0.00326464
0.00170708
0.00150447
0.00204415
0.00253669
0.00289421
0.00314704
0.00332847
0.0034619
0.00356263
0.0036406
0.00370234
0.00375222
0.00379327
0.00382761
0.00385679
0.00388197
0.003904
0.00392345
0.00394037
0.00395414
0.0039633
0.00396568
0.00395883
0.00394069
0.00391035
0.00386857
0.00381793
0.00376256
0.00370776
0.00365884
0.00362017
0.00359457
0.00358297
0.00358472
0.0035982
0.00362146
0.00365277
0.0036908
0.0037346
0.00378343
0.00383662
0.00389341
0.00395284
0.00401374
0.00407471
0.00413423
0.00419071
0.00424264
0.00428875
0.00432821
0.00436062
0.00438619
0.00440554
0.0044196
0.0044294
0.00443596
0.00444011
0.0044426
0.00444396
0.00444455
0.00444467
0.00444445
0.00444404
0.00444351
0.00444292
0.00444228
0.00444166
0.00444106
0.00444054
0.00444007
0.00443968
0.00443933
0.004439
0.00443867
0.00443832
0.00293021
0.00179432
0.00215557
0.00272719
0.0032116
0.00358299
0.00386409
0.004079
0.0042461
0.00437848
0.00448527
0.00457289
0.0046459
0.00470761
0.00476047
0.00480636
0.00484668
0.00488233
0.00491342
0.00493894
0.00495656
0.00496286
0.00495404
0.0049271
0.00488088
0.00481686
0.0047393
0.00465458
0.00457069
0.00449552
0.0044357
0.00439569
0.00437729
0.00438001
0.00440179
0.00443994
0.00449187
0.00455543
0.00462892
0.00471095
0.00480014
0.00489504
0.00499389
0.0050947
0.00519516
0.00529287
0.0053854
0.00547049
0.00554627
0.00561152
0.00566566
0.00570899
0.00574238
0.00576715
0.00578481
0.00579689
0.00580474
0.00580955
0.00581229
0.00581358
0.00581396
0.0058137
0.00581307
0.00581219
0.00581118
0.00581009
0.00580901
0.00580797
0.00580705
0.00580625
0.00580557
0.00580496
0.0058044
0.00580383
0.00580322
0.00471652
0.00241031
0.00230969
0.00283433
0.00340742
0.00389369
0.00428366
0.0045937
0.00484179
0.00504269
0.00520757
0.00534472
0.00546028
0.00555884
0.00564389
0.00571813
0.00578359
0.00584158
0.00589226
0.00593415
0.00596394
0.00597679
0.00596749
0.00593205
0.00586922
0.00578145
0.00567492
0.00555859
0.0054434
0.00534017
0.00525816
0.0052039
0.00518054
0.00518806
0.00522415
0.00528534
0.00536797
0.00546873
0.0055848
0.00571369
0.00585299
0.00600017
0.00615246
0.00630678
0.00645981
0.00660813
0.00674841
0.00687757
0.0069931
0.00709328
0.00717727
0.00724531
0.00729852
0.00733859
0.0073676
0.00738773
0.007401
0.00740928
0.00741409
0.00741647
0.0074173
0.00741705
0.00741615
0.00741483
0.00741327
0.00741158
0.00740989
0.00740827
0.00740682
0.00740556
0.00740449
0.00740353
0.00740264
0.00740175
0.0074008
0.00695534
0.00349985
0.00265963
0.00293574
0.00351092
0.00408367
0.00457876
0.00499055
0.00533047
0.0056121
0.00584735
0.00604577
0.00621483
0.00636032
0.00648677
0.00659776
0.00669602
0.00678328
0.00685976
0.00692353
0.00697019
0.00699347
0.00698673
0.00694508
0.00686728
0.00675685
0.00662204
0.00647454
0.00632838
0.00619752
0.00609422
0.00602756
0.00600256
0.00602017
0.00607812
0.00617216
0.00629727
0.00644856
0.00662155
0.00681218
0.00701655
0.00723077
0.00745081
0.00767241
0.0078912
0.00810276
0.0083029
0.00848773
0.00865401
0.0087994
0.00892261
0.00902366
0.00910369
0.00916475
0.00920951
0.00924095
0.00926195
0.00927524
0.00928311
0.00928719
0.0092888
0.00928869
0.00928755
0.00928573
0.00928353
0.00928111
0.00927868
0.00927634
0.00927424
0.00927239
0.00927083
0.00926943
0.00926813
0.00926683
0.00926545
0.00946494
0.00509827
0.00338174
0.00315982
0.00358556
0.0041774
0.00475296
0.00526158
0.00569759
0.00606845
0.00638432
0.00665478
0.00688798
0.00709059
0.00726805
0.00742475
0.00756409
0.00768828
0.00779758
0.00788961
0.00795896
0.00799796
0.00799862
0.00795524
0.00786665
0.00773749
0.00757798
0.00740259
0.00722844
0.00707276
0.00695107
0.0068755
0.00685354
0.00688769
0.00697605
0.00711362
0.00729373
0.00750938
0.00775385
0.00802093
0.00830481
0.00860002
0.00890114
0.00920283
0.00949976
0.00978668
0.0100586
0.010311
0.0105397
0.0107416
0.0109147
0.0110585
0.0111739
0.011263
0.0113291
0.0113761
0.0114079
0.0114284
0.0114408
0.0114475
0.0114504
0.0114507
0.0114495
0.0114472
0.0114443
0.0114411
0.0114378
0.0114346
0.0114318
0.0114292
0.0114271
0.0114252
0.0114234
0.0114216
0.0114197
0.0120503
0.00712193
0.0046001
0.00367976
0.00374451
0.00423199
0.00482945
0.00541081
0.00593604
0.00639799
0.00680078
0.00715173
0.00745845
0.00772782
0.00796576
0.0081773
0.00836641
0.00853569
0.00868549
0.00881304
0.008912
0.00897345
0.00898819
0.00894979
0.00885719
0.00871599
0.00853824
0.00834107
0.00814456
0.00796923
0.00783406
0.00775463
0.00774147
0.00779923
0.0079268
0.00811846
0.00836562
0.00865862
0.00898784
0.00934446
0.00972042
0.0101085
0.0105021
0.0108949
0.0112809
0.0116542
0.0120094
0.0123411
0.0126445
0.0129152
0.0131503
0.0133482
0.0135091
0.0136351
0.0137298
0.013798
0.0138449
0.0138756
0.0138945
0.0139051
0.0139102
0.0139115
0.0139104
0.0139078
0.0139043
0.0139002
0.0138961
0.013892
0.0138883
0.013885
0.0138822
0.0138796
0.0138772
0.0138749
0.0138724
0.0145382
0.00942111
0.00631631
0.00465971
0.00415424
0.00435399
0.00486444
0.00546284
0.00605162
0.00659513
0.00708406
0.00751954
0.00790641
0.0082505
0.00855751
0.00883262
0.00908012
0.00930288
0.00950131
0.0096723
0.00980876
0.00990073
0.00993792
0.00991328
0.00982579
0.00968184
0.00949498
0.00928475
0.009074
0.00888641
0.00874449
0.00866755
0.00866964
0.00875809
0.00893301
0.00918811
0.00951263
0.00989375
0.0103185
0.010775
0.0112527
0.0117429
0.0122378
0.0127305
0.0132146
0.0136841
0.0141332
0.0145559
0.0149465
0.0152994
0.01561
0.0158752
0.016094
0.0162679
0.0164005
0.0164974
0.016565
0.0166101
0.0166385
0.0166551
0.0166636
0.0166667
0.0166662
0.0166635
0.0166595
0.0166547
0.0166496
0.0166446
0.01664
0.0166359
0.0166323
0.016629
0.016626
0.0166231
0.01662
0.0167964
0.0118301
0.00841662
0.00616647
0.00499572
0.00470745
0.00496497
0.00547745
0.00607302
0.00666908
0.0072311
0.00774723
0.00821574
0.00863916
0.00902165
0.00936772
0.00968149
0.0099658
0.010221
0.0104437
0.0106263
0.0107578
0.0108272
0.0108269
0.0107556
0.0106204
0.0104358
0.0102235
0.0100087
0.00981807
0.00967758
0.00961036
0.00963431
0.00975991
0.00998889
0.0103146
0.010724
0.0112009
0.0117286
0.0122919
0.012878
0.0134765
0.0140788
0.0146779
0.0152675
0.0158417
0.0163945
0.0169196
0.0174102
0.0178595
0.0182607
0.0186086
0.0189002
0.0191356
0.0193179
0.0194533
0.0195493
0.0196145
0.0196565
0.0196818
0.0196957
0.0197016
0.0197026
0.0197002
0.0196959
0.0196905
0.0196846
0.0196787
0.0196732
0.0196681
0.0196637
0.0196597
0.019656
0.0196524
0.0196487
0.0187409
0.0141959
0.0107323
0.00812806
0.00637517
0.00548226
0.0052985
0.00556839
0.0060679
0.00665555
0.00725658
0.0078357
0.00837817
0.00887937
0.00933956
0.00976116
0.0101472
0.0104999
0.0108194
0.0111019
0.0113393
0.0115201
0.0116324
0.011668
0.0116256
0.0115121
0.011343
0.0111412
0.0109341
0.010751
0.010621
0.0105711
0.0106231
0.0107911
0.0110787
0.0114794
0.011978
0.0125548
0.0131893
0.0138631
0.014561
0.0152713
0.015985
0.0166951
0.0173958
0.0180817
0.0187471
0.0193855
0.0199892
0.0205498
0.0210582
0.0215064
0.0218884
0.0222021
0.0224493
0.0226358
0.0227705
0.0228635
0.0229247
0.0229627
0.0229845
0.0229951
0.0229985
0.0229972
0.022993
0.0229872
0.0229806
0.0229738
0.0229673
0.0229614
0.0229561
0.0229513
0.0229468
0.0229425
0.022938
0.0203353
0.0163925
0.0130921
0.0103772
0.00825299
0.00680513
0.00606205
0.00591225
0.0061626
0.00663481
0.00720686
0.00780792
0.00840071
0.00896718
0.0094997
0.00999607
0.0104566
0.0108821
0.0112716
0.0116208
0.0119212
0.0121607
0.0123268
0.0124106
0.0124104
0.0123329
0.0121933
0.0120157
0.0118291
0.0116646
0.0115545
0.0115292
0.0116146
0.0118283
0.0121768
0.0126538
0.0132424
0.0139199
0.014662
0.0154472
0.0162579
0.0170813
0.0179083
0.0187324
0.0195485
0.020352
0.0211378
0.0218996
0.0226291
0.0233165
0.02395
0.0245182
0.0250115
0.0254239
0.0257548
0.026009
0.0261957
0.0263269
0.026415
0.026471
0.0265044
0.0265221
0.0265294
0.0265301
0.0265266
0.0265207
0.0265135
0.0265059
0.0264986
0.0264917
0.0264854
0.0264798
0.0264745
0.0264694
0.0264642
0.0215825
0.0183294
0.0153493
0.0127226
0.0104644
0.0086521
0.0073891
0.00671235
0.00654767
0.00675168
0.00718034
0.00772557
0.00831839
0.00891872
0.00950483
0.0100657
0.0105962
0.0110936
0.0115553
0.0119756
0.0123453
0.0126518
0.0128818
0.0130258
0.0130811
0.0130538
0.0129584
0.0128192
0.0126659
0.0125315
0.0124503
0.0124561
0.0125787
0.0128396
0.0132484
0.0138
0.0144767
0.0152528
0.0161007
0.0169958
0.0179185
0.0188549
0.0197959
0.0207356
0.0216699
0.0225955
0.0235082
0.0244024
0.0252699
0.0260994
0.0268769
0.0275872
0.0282157
0.0287514
0.0291894
0.0295321
0.0297883
0.0299715
0.0300968
0.0301782
0.0302282
0.0302563
0.0302698
0.0302737
0.0302717
0.0302661
0.0302586
0.0302504
0.0302421
0.0302343
0.030227
0.0302204
0.0302143
0.0302084
0.0302023
0.0225141
0.0199544
0.0173928
0.0149958
0.0127993
0.010854
0.00925304
0.00809649
0.00743
0.00721364
0.00734589
0.00771147
0.00821419
0.00878626
0.00938447
0.0099829
0.0105666
0.0111264
0.0116557
0.0121465
0.0125881
0.0129669
0.013269
0.0134835
0.0136066
0.013643
0.013606
0.0135191
0.0134119
0.0133185
0.0132748
0.0133172
0.0134791
0.0137864
0.0142523
0.0148739
0.0156336
0.0165037
0.0174537
0.0184559
0.0194886
0.0205369
0.0215916
0.0226474
0.0237016
0.0247523
0.025797
0.0268313
0.0278475
0.028834
0.0297749
0.0306508
0.0314416
0.0321295
0.0327034
0.033161
0.0335094
0.0337627
0.0339389
0.0340557
0.0341292
0.0341722
0.0341947
0.0342036
0.0342042
0.0341996
0.0341921
0.0341833
0.0341742
0.0341654
0.0341572
0.0341495
0.0341424
0.0341357
0.0341287
0.0231786
0.0212515
0.0191504
0.0170697
0.0150687
0.0131823
0.011469
0.0100167
0.00891708
0.0082239
0.00792739
0.00796293
0.00824225
0.00868158
0.00921515
0.00979679
0.010396
0.010993
0.0115735
0.012125
0.0126341
0.0130854
0.0134632
0.0137553
0.0139558
0.0140677
0.014102
0.0140802
0.0140314
0.0139892
0.0139907
0.0140742
0.0142763
0.0146269
0.0151438
0.0158278
0.0166626
0.0176198
0.0186663
0.0197715
0.0209115
0.0220699
0.0232372
0.0244089
0.0255836
0.0267611
0.027941
0.0291208
0.0302948
0.0314518
0.0325748
0.0336412
0.0346244
0.0354983
0.0362428
0.0368483
0.0373178
0.037665
0.0379103
0.0380757
0.0381819
0.038246
0.0382814
0.0382979
0.0383025
0.0382996
0.0382927
0.0382835
0.0382736
0.0382638
0.0382545
0.0382457
0.0382376
0.0382299
0.0382219
0.0236309
0.0222362
0.0205882
0.0188628
0.0171328
0.0154307
0.0137891
0.0122607
0.0109209
0.00985089
0.00911003
0.00871324
0.00862896
0.00879612
0.00914594
0.00961705
0.0101615
0.010744
0.011339
0.0119259
0.0124857
0.0129996
0.0134493
0.0138198
0.0141026
0.0142977
0.0144135
0.0144678
0.0144879
0.0145065
0.0145602
0.0146885
0.0149302
0.0153193
0.0158787
0.0166143
0.0175133
0.0185477
0.0196828
0.0208855
0.0221289
0.0233949
0.0246733
0.0259599
0.0272544
0.0285588
0.0298752
0.0312039
0.0325421
0.0338809
0.0352037
0.0364856
0.0376938
0.0387923
0.0397489
0.0405431
0.0411704
0.041642
0.0419803
0.0422118
0.042363
0.0424564
0.0425101
0.0425374
0.0425479
0.0425479
0.0425419
0.0425327
0.0425221
0.0425112
0.0425007
0.0424908
0.0424815
0.0424727
0.0424637
0.0239241
0.0229458
0.0217059
0.0203354
0.0189062
0.0174526
0.0159956
0.0145615
0.0131926
0.0119492
0.0109003
0.0101063
0.00959989
0.00937814
0.00940746
0.00963775
0.0100161
0.0104951
0.0110358
0.0116063
0.0121791
0.012729
0.013233
0.013672
0.0140332
0.0143125
0.0145144
0.0146521
0.0147491
0.0148359
0.0149479
0.0151239
0.0154041
0.015826
0.0164174
0.0171908
0.0181388
0.0192366
0.0204493
0.0217412
0.0230825
0.0244526
0.0258396
0.0272391
0.0286518
0.0300817
0.0315337
0.0330119
0.0345177
0.0360465
0.0375844
0.0391061
0.0405736
0.0419399
0.0431576
0.0441902
0.0450214
0.0456566
0.0461186
0.0464392
0.0466515
0.046785
0.0468639
0.0469063
0.0469251
0.0469294
0.0469251
0.046916
0.0469048
0.0468928
0.046881
0.0468698
0.0468592
0.0468492
0.046839
0.0241048
0.0234303
0.0225301
0.0214842
0.0203512
0.0191647
0.0179427
0.0166986
0.0154511
0.0142309
0.0130828
0.0120624
0.0112256
0.0106148
0.0102489
0.0101206
0.0102014
0.0104521
0.0108301
0.0112952
0.0118104
0.0123421
0.0128603
0.0133391
0.0137599
0.0141123
0.0143953
0.0146162
0.014793
0.014952
0.0151256
0.0153511
0.0156682
0.0161164
0.0167283
0.0175232
0.0185013
0.0196435
0.0209174
0.0222859
0.0237162
0.0251842
0.0266756
0.0281848
0.0297128
0.031265
0.0328495
0.0344751
0.0361484
0.0378714
0.0396361
0.0414199
0.0431817
0.0448633
0.0463987
0.0477299
0.0488221
0.0496702
0.0502955
0.0507345
0.0510286
0.0512161
0.0513292
0.051392
0.0514224
0.0514326
0.0514307
0.0514221
0.0514102
0.0513971
0.0513838
0.051371
0.051359
0.0513477
0.0513361
0.0242104
0.023743
0.0231051
0.0223339
0.0214686
0.0205374
0.0195569
0.0185366
0.0174843
0.0164115
0.0153381
0.0142947
0.0133225
0.0124679
0.011775
0.0112756
0.0109834
0.0108928
0.010982
0.0112194
0.011568
0.0119897
0.0124474
0.0129079
0.0133443
0.0137381
0.0140803
0.0143711
0.0146201
0.0148477
0.0150814
0.0153545
0.015705
0.0161722
0.0167921
0.0175903
0.0185759
0.0197383
0.02105
0.0224757
0.02398
0.0255351
0.0271233
0.0287363
0.0303743
0.0320437
0.0337555
0.035523
0.03736
0.0392772
0.0412758
0.0433405
0.045431
0.0474791
0.0493971
0.0510983
0.0525211
0.0536435
0.0544814
0.0550758
0.0554777
0.0557367
0.0558949
0.0559849
0.0560306
0.0560486
0.05605
0.0560421
0.0560295
0.0560148
0.0559999
0.0559853
0.0559715
0.0559586
0.0559455
0.0242687
0.0239331
0.0234832
0.022928
0.0222874
0.0215809
0.0208224
0.0200202
0.0191788
0.0183021
0.0173958
0.0164709
0.015546
0.0146483
0.0138123
0.0130759
0.0124745
0.0120345
0.0117687
0.0116749
0.0117368
0.0119275
0.0122136
0.0125593
0.0129315
0.013303
0.0136554
0.0139794
0.014275
0.0145531
0.014834
0.0151452
0.0155201
0.0159958
0.0166091
0.0173906
0.0183578
0.01951
0.0208286
0.0222826
0.0238369
0.0254604
0.0271311
0.0288372
0.0305764
0.032355
0.0341857
0.0360867
0.0380795
0.0401858
0.0424203
0.0447804
0.0472322
0.0497007
0.052074
0.0542288
0.056066
0.0575372
0.058648
0.0594428
0.0599841
0.0603355
0.0605519
0.0606767
0.0607419
0.0607696
0.060775
0.0607678
0.0607541
0.0607376
0.0607204
0.0607036
0.0606878
0.0606731
0.0606582
0.0242989
0.0240415
0.0237167
0.023319
0.0228541
0.0223318
0.0217619
0.0211513
0.0205038
0.0198214
0.019105
0.0183565
0.0175807
0.0167867
0.0159901
0.0152128
0.0144825
0.0138295
0.0132833
0.0128671
0.0125943
0.0124657
0.0124693
0.0125831
0.012779
0.013028
0.0133051
0.0135921
0.0138788
0.0141645
0.0144598
0.0147833
0.0151614
0.0156262
0.0162123
0.0169525
0.0178709
0.0189769
0.0202627
0.0217052
0.0232731
0.0249343
0.026663
0.0284428
0.0302677
0.0321421
0.0340794
0.0361017
0.0382384
0.040524
0.0429908
0.0456555
0.0484985
0.0514432
0.0543523
0.0570567
0.0594062
0.0613139
0.0627685
0.0638164
0.0645336
0.0650009
0.06529
0.0654578
0.0655465
0.0655857
0.0655953
0.0655883
0.0655728
0.0655536
0.0655336
0.065514
0.0654956
0.0654787
0.0654617
0.0243137
0.0240994
0.0238516
0.0235602
0.0232227
0.0228417
0.0224217
0.0219673
0.021482
0.0209674
0.020424
0.0198512
0.0192489
0.0186176
0.0179607
0.0172848
0.0166014
0.015927
0.0152825
0.0146923
0.0141806
0.0137684
0.013469
0.0132858
0.0132117
0.0132315
0.0133257
0.0134751
0.0136637
0.0138815
0.0141282
0.0144124
0.014751
0.0151679
0.0156926
0.0163564
0.0171869
0.018202
0.0194048
0.0207833
0.0223132
0.0239653
0.0257119
0.0275324
0.0294164
0.0313647
0.0333896
0.0355158
0.0377802
0.0402309
0.0429216
0.0458954
0.0491565
0.0526345
0.0561668
0.0595277
0.0624997
0.0649425
0.0668197
0.0681782
0.0691102
0.0697179
0.0700938
0.0703118
0.0704272
0.0704784
0.0704916
0.0704836
0.0704649
0.0704417
0.0704176
0.0703943
0.0703727
0.070353
0.0703335
0.0243203
0.0241281
0.0239241
0.023699
0.0234471
0.0231665
0.022858
0.0225234
0.0221648
0.0217837
0.0213807
0.0209556
0.0205075
0.0200352
0.0195375
0.0190142
0.0184669
0.0178995
0.0173196
0.0167385
0.0161716
0.0156375
0.0151559
0.0147445
0.0144161
0.0141764
0.0140238
0.0139512
0.0139489
0.0140066
0.0141184
0.0142855
0.0145157
0.014824
0.0152322
0.0157668
0.0164553
0.0173207
0.0183762
0.0196215
0.0210432
0.0226185
0.0243218
0.0261303
0.0280295
0.0300157
0.0320988
0.0343041
0.0366748
0.0392729
0.042176
0.0454607
0.0491652
0.0532345
0.0574814
0.0616121
0.0653223
0.0684023
0.0707815
0.0725067
0.0736896
0.0744589
0.0749326
0.0752055
0.0753481
0.07541
0.0754245
0.0754129
0.0753886
0.0753594
0.0753296
0.0753014
0.0752755
0.0752523
0.0752298
0.0243232
0.0241413
0.0239602
0.0237729
0.0235739
0.0233596
0.0231282
0.0228796
0.0226142
0.0223328
0.0220359
0.0217237
0.0213958
0.0210513
0.020689
0.0203073
0.0199047
0.0194802
0.019034
0.0185679
0.0180861
0.0175959
0.0171081
0.0166358
0.0161938
0.015796
0.0154537
0.0151742
0.0149608
0.0148132
0.0147292
0.0147105
0.0147615
0.0148916
0.0151157
0.0154544
0.0159324
0.0165748
0.0174023
0.0184266
0.0196472
0.0210526
0.022624
0.0243407
0.0261864
0.0281538
0.0302497
0.0324986
0.0349483
0.0376739
0.0407782
0.0443763
0.0485498
0.0532678
0.0583179
0.0633252
0.0678794
0.0716853
0.0746319
0.0767665
0.078225
0.079168
0.0797433
0.08007
0.0802364
0.0803045
0.0803156
0.0802964
0.080263
0.0802248
0.0801871
0.0801521
0.0801209
0.0800933
0.0800671
0.0243243
0.0241468
0.0239767
0.0238093
0.0236402
0.0234659
0.0232838
0.0230926
0.0228914
0.0226801
0.0224587
0.0222274
0.021986
0.0217344
0.0214717
0.0211971
0.0209094
0.0206069
0.0202883
0.0199521
0.0195979
0.019226
0.0188387
0.0184401
0.0180369
0.0176376
0.0172519
0.0168896
0.0165599
0.01627
0.0160254
0.0158306
0.0156932
0.0156218
0.0156285
0.0157296
0.0159462
0.0163029
0.0168252
0.0175354
0.0184483
0.0195686
0.0208913
0.022405
0.0240975
0.0259619
0.0280035
0.0302462
0.0327409
0.035574
0.0388723
0.0427908
0.0474585
0.052872
0.0587907
0.0647459
0.0702071
0.0747847
0.0783261
0.0808823
0.0826181
0.0837301
0.0843993
0.0847708
0.0849522
0.0850185
0.0850194
0.0849867
0.0849396
0.0848891
0.0848407
0.0847971
0.084759
0.0847261
0.0846957
0.0243246
0.024149
0.0239836
0.0238256
0.0236718
0.0235195
0.0233663
0.0232101
0.0230498
0.0228845
0.0227135
0.0225367
0.0223538
0.0221647
0.0219692
0.0217669
0.0215573
0.0213396
0.0211129
0.020876
0.0206278
0.0203671
0.0200932
0.019806
0.0195064
0.0191965
0.0188799
0.018561
0.0182458
0.0179403
0.0176508
0.0173828
0.0171438
0.0169424
0.0167891
0.0166969
0.0166827
0.0167675
0.0169765
0.0173372
0.0178769
0.0186188
0.0195794
0.0207675
0.0221869
0.0238411
0.0257409
0.0279131
0.0304119
0.033332
0.0368188
0.041061
0.0462285
0.0523396
0.0591192
0.0660018
0.0723375
0.0776476
0.0817438
0.084685
0.0866666
0.0879217
0.0886637
0.0890634
0.0892467
0.089301
0.0892839
0.0892319
0.0891667
0.0891004
0.0890391
0.0889853
0.0889392
0.0889002
0.0888651
0.0243248
0.0241497
0.0239862
0.0238322
0.0236855
0.023544
0.0234057
0.0232688
0.0231318
0.0229936
0.0228531
0.0227097
0.0225629
0.0224126
0.0222584
0.0221002
0.0219379
0.0217713
0.0216001
0.021424
0.0212424
0.0210547
0.0208603
0.0206584
0.0204486
0.0202306
0.0200046
0.0197715
0.019533
0.0192913
0.0190494
0.0188109
0.01858
0.0183626
0.0181661
0.0179998
0.0178757
0.0178089
0.0178191
0.0179302
0.0181709
0.0185731
0.0191705
0.0199957
0.021079
0.0224485
0.024134
0.0261748
0.0286317
0.0316041
0.0352466
0.0397657
0.0453558
0.0520447
0.0595249
0.0671518
0.0741819
0.0800679
0.0845949
0.0878295
0.0899927
0.0913473
0.0921333
0.0925426
0.0927159
0.0927508
0.0927111
0.0926371
0.0925522
0.0924693
0.0923946
0.0923302
0.0922761
0.0922312
0.0921915
0.0243248
0.0241499
0.023987
0.0238344
0.0236903
0.0235531
0.0234211
0.0232926
0.0231662
0.0230406
0.0229147
0.0227876
0.0226587
0.0225274
0.0223935
0.0222568
0.0221174
0.0219751
0.0218302
0.0216826
0.0215323
0.0213792
0.0212232
0.021064
0.0209013
0.0207346
0.0205637
0.0203883
0.0202085
0.0200249
0.0198385
0.0196509
0.0194643
0.0192823
0.0191097
0.0189534
0.0188222
0.0187281
0.0186864
0.0187168
0.0188439
0.0190977
0.019514
0.0201338
0.0210019
0.022166
0.0236763
0.0255887
0.0279745
0.0309381
0.0346371
0.0392844
0.0450847
0.0520712
0.0599213
0.0679497
0.0753613
0.0815683
0.0863373
0.0897366
0.092
0.0934067
0.0942125
0.0946214
0.0947834
0.0948018
0.0947446
0.094654
0.0945545
0.0944596
0.0943752
0.0943033
0.0942434
0.0941942
0.0941513
0.0243248
0.0241499
0.023987
0.0238344
0.0236903
0.0235531
0.0234211
0.0232926
0.0231662
0.0230406
0.0229147
0.0227876
0.0226587
0.0225274
0.0223935
0.0222568
0.0221174
0.0219751
0.0218302
0.0216826
0.0215322
0.0213792
0.0212231
0.0210639
0.0209011
0.0207343
0.0205633
0.0203879
0.0202081
0.0200247
0.0198385
0.019651
0.0194646
0.0192828
0.0191106
0.0189545
0.0188235
0.0187294
0.0186873
0.0187167
0.018842
0.0190929
0.0195047
0.020118
0.0209774
0.022131
0.0236293
0.0255291
0.0279026
0.0308549
0.0345443
0.0391847
0.0449818
0.0519695
0.0598257
0.0678646
0.0752893
0.08151
0.0862918
0.0897017
0.0919732
0.0933859
0.0941955
0.0946068
0.0947701
0.0947891
0.0947321
0.0946413
0.0945417
0.0944464
0.0943618
0.0942896
0.0942295
0.0941801
0.094137
0.0243248
0.0241497
0.0239862
0.0238322
0.0236855
0.023544
0.0234057
0.0232688
0.0231318
0.0229936
0.0228531
0.0227097
0.022563
0.0224127
0.0222585
0.0221003
0.021938
0.0217714
0.0216002
0.0214241
0.0212425
0.0210548
0.0208603
0.0206583
0.0204482
0.02023
0.0200038
0.0197707
0.0195322
0.0192909
0.0190497
0.0188117
0.0185814
0.0183647
0.0181686
0.0180021
0.0178768
0.0178073
0.0178124
0.0179153
0.0181435
0.0185285
0.0191032
0.0199008
0.0209526
0.0222883
0.0239398
0.025948
0.0283754
0.0313223
0.0349446
0.0394509
0.0450381
0.0517366
0.0592397
0.0669006
0.0739708
0.0798977
0.0844618
0.0877272
0.0899138
0.091285
0.0920822
0.0924983
0.0926756
0.0927123
0.0926733
0.0925992
0.0925138
0.0924304
0.092355
0.09229
0.0922352
0.0921898
0.0921496
0.0243246
0.024149
0.0239836
0.0238256
0.0236719
0.0235196
0.0233663
0.0232102
0.0230499
0.0228846
0.0227136
0.0225368
0.022354
0.0221649
0.0219695
0.0217672
0.0215577
0.02134
0.0211133
0.0208765
0.0206282
0.0203675
0.0200934
0.019806
0.0195061
0.0191959
0.0188789
0.01856
0.018245
0.0179401
0.0176512
0.0173836
0.0171447
0.0169427
0.0167873
0.0166908
0.0166689
0.0167417
0.0169333
0.0172702
0.0177795
0.0184849
0.019404
0.0205477
0.0219216
0.0235312
0.0253886
0.0275218
0.0299857
0.0328755
0.0363384
0.0405656
0.0457318
0.0518595
0.0586754
0.0656107
0.0720081
0.0773806
0.0815329
0.0845205
0.0865373
0.0878177
0.0885766
0.088987
0.0891766
0.0892341
0.0892184
0.0891667
0.0891011
0.0890342
0.0889722
0.0889175
0.0888707
0.0888311
0.0887953
0.0243243
0.0241468
0.0239767
0.0238093
0.0236402
0.0234659
0.0232839
0.0230927
0.0228916
0.0226803
0.022459
0.0222278
0.0219865
0.0217349
0.0214723
0.0211979
0.0209102
0.0206078
0.0202893
0.0199532
0.0195989
0.0192269
0.0188393
0.0184404
0.0180367
0.0176369
0.0172508
0.0168885
0.0165589
0.0162693
0.0160243
0.0158285
0.0156884
0.0156121
0.0156103
0.0156982
0.0158958
0.0162269
0.0167166
0.0173876
0.0182562
0.0193288
0.0206027
0.0220684
0.0237149
0.0255364
0.0275385
0.029745
0.032207
0.0350109
0.0382851
0.042188
0.046854
0.0522856
0.058245
0.0642608
0.0697941
0.0744453
0.0780533
0.0806649
0.0824429
0.0835855
0.0842753
0.0846601
0.0848496
0.0849204
0.0849234
0.0848916
0.0848445
0.0847935
0.0847445
0.0847002
0.0846613
0.0846278
0.0845966
0.0243232
0.0241413
0.0239602
0.023773
0.023574
0.0233598
0.0231285
0.02288
0.0226147
0.0223334
0.0220366
0.0217245
0.0213967
0.0210524
0.0206903
0.0203087
0.0199062
0.019482
0.0190359
0.0185698
0.0180879
0.0175975
0.0171093
0.0166364
0.0161938
0.0157954
0.0154527
0.0151729
0.014959
0.0148105
0.0147242
0.0147009
0.0147443
0.0148625
0.0150692
0.015384
0.0158308
0.0164349
0.0172182
0.018194
0.0193645
0.0207202
0.0222441
0.0239168
0.0257223
0.0276534
0.0297165
0.0319356
0.034358
0.0370589
0.0401425
0.0437272
0.0479
0.0526362
0.0577269
0.0627948
0.067422
0.071303
0.0743184
0.0765103
0.078013
0.0789881
0.0795854
0.0799266
0.0801019
0.0801753
0.0801892
0.0801712
0.0801382
0.0801
0.0800618
0.0800263
0.0799943
0.0799661
0.0799391
0.0243204
0.0241281
0.0239242
0.0236991
0.0234473
0.0231669
0.0228585
0.0225241
0.0221657
0.0217847
0.0213819
0.0209571
0.0205092
0.020037
0.0195396
0.0190166
0.0184695
0.0179023
0.0173225
0.0167413
0.0161742
0.0156397
0.0151574
0.0147453
0.0144162
0.014176
0.0140229
0.0139497
0.013946
0.0140008
0.0141072
0.0142654
0.0144819
0.0147706
0.0151523
0.0156528
0.0163
0.0171182
0.0181229
0.0193164
0.0206879
0.0222165
0.0238776
0.0256489
0.0275153
0.0294729
0.0315305
0.0337129
0.0360625
0.0386417
0.0415292
0.0448048
0.0485116
0.0526001
0.0568861
0.0610739
0.0648524
0.068003
0.070447
0.0722265
0.0734514
0.0742516
0.0747466
0.0750337
0.0751853
0.0752526
0.0752701
0.0752602
0.0752366
0.0752076
0.0751775
0.0751488
0.0751224
0.0750985
0.0750751
0.0243137
0.0240994
0.0238518
0.0235606
0.0232232
0.0228424
0.0224226
0.0219685
0.0214835
0.0209692
0.020426
0.0198536
0.0192515
0.0186206
0.0179639
0.0172883
0.0166051
0.0159307
0.0152862
0.0146956
0.0141834
0.0137705
0.0134704
0.0132867
0.0132123
0.0132319
0.0133257
0.0134739
0.0136599
0.0138725
0.0141105
0.0143811
0.0147
0.01509
0.0155801
0.0162016
0.0169835
0.0179459
0.0190953
0.0204226
0.0219057
0.0235165
0.0252277
0.0270184
0.0288772
0.0308039
0.0328101
0.0349195
0.0371687
0.0396062
0.0422868
0.0452566
0.048524
0.0520226
0.0555923
0.0590055
0.0620388
0.0645446
0.0664794
0.0678864
0.0688558
0.0694912
0.0698863
0.0701174
0.070241
0.0702975
0.0703137
0.0703075
0.0702897
0.0702669
0.0702426
0.070219
0.0701967
0.0701762
0.0701557
0.024299
0.0240417
0.0237171
0.0233196
0.022855
0.0223331
0.0217635
0.0211532
0.0205061
0.0198241
0.0191081
0.01836
0.0175845
0.0167908
0.0159944
0.0152172
0.0144868
0.0138336
0.0132869
0.0128701
0.0125966
0.0124673
0.0124706
0.0125844
0.0127805
0.0130298
0.0133065
0.0135919
0.0138746
0.0141529
0.014436
0.0147414
0.0150943
0.0155258
0.0160706
0.0167622
0.0176272
0.0186784
0.0199113
0.0213059
0.0228322
0.0244587
0.0261591
0.027916
0.0297224
0.0315814
0.0335055
0.0355163
0.0376429
0.0399204
0.0423822
0.0450478
0.0479007
0.0508675
0.0538122
0.0565637
0.0589669
0.0609289
0.0624326
0.0635218
0.064271
0.064762
0.0650675
0.0652465
0.0653424
0.0653864
0.0653989
0.0653937
0.0653792
0.0653605
0.0653404
0.0653204
0.0653012
0.0652833
0.0652651
0.0242687
0.0239334
0.0234838
0.022929
0.022289
0.0215829
0.0208248
0.0200231
0.0191822
0.018306
0.0174001
0.0164756
0.015551
0.0146534
0.0138172
0.0130805
0.0124786
0.0120379
0.0117713
0.0116766
0.011738
0.0119286
0.012215
0.0125615
0.0129347
0.0133068
0.0136588
0.0139806
0.0142708
0.0145392
0.0148048
0.0150939
0.0154386
0.0158757
0.0164425
0.0171713
0.0180828
0.0191805
0.0204491
0.02186
0.0233789
0.0249745
0.0266235
0.0283129
0.0300391
0.0318072
0.0336292
0.035523
0.0375099
0.0396123
0.0418463
0.0442114
0.0466761
0.0491675
0.0515741
0.0537708
0.0556541
0.057171
0.0583226
0.0591516
0.0597192
0.0600899
0.0603199
0.060454
0.0605253
0.0605572
0.0605652
0.0605598
0.0605471
0.0605311
0.0605138
0.0604965
0.0604798
0.0604639
0.0604476
0.0242106
0.0237436
0.0231062
0.0223356
0.021471
0.0205404
0.0195605
0.0185407
0.0174889
0.0164166
0.0153436
0.0143003
0.013328
0.012473
0.0117795
0.0112793
0.0109862
0.0108946
0.0109831
0.01122
0.0115685
0.0119907
0.0124495
0.0129116
0.0133495
0.0137443
0.014086
0.0143739
0.0146162
0.014832
0.0150475
0.015295
0.0156113
0.0160358
0.0166055
0.0173489
0.0182789
0.019389
0.0206552
0.0220435
0.0235188
0.0250522
0.0266244
0.0282257
0.0298551
0.0315179
0.0332245
0.034988
0.0368225
0.0387393
0.040741
0.0428139
0.0449194
0.0469905
0.0489391
0.0506769
0.0521386
0.0532988
0.0541699
0.0547918
0.0552147
0.0554892
0.0556582
0.0557557
0.0558065
0.055828
0.0558317
0.0558256
0.0558139
0.0557998
0.0557846
0.0557693
0.0557543
0.0557401
0.0557253
0.0241052
0.0234313
0.0225319
0.0214868
0.0203546
0.0191688
0.0179474
0.0167039
0.0154569
0.014237
0.0130889
0.0120682
0.0112307
0.010619
0.0102521
0.0101226
0.0102025
0.0104524
0.01083
0.0112951
0.0118108
0.0123437
0.0128636
0.0133447
0.0137675
0.0141211
0.0144034
0.0146207
0.0147895
0.0149348
0.0150879
0.0152848
0.0155647
0.0159674
0.0165273
0.0172671
0.0181914
0.0192853
0.0205187
0.0218558
0.0232629
0.0247145
0.0261946
0.027696
0.0292186
0.0307671
0.0323491
0.0339732
0.0356467
0.0373722
0.0391426
0.0409368
0.0427145
0.0444184
0.0459815
0.0473443
0.0484687
0.0493476
0.0499994
0.0504601
0.0507706
0.0509703
0.0510917
0.0511606
0.051195
0.0512082
0.0512085
0.0512015
0.0511906
0.0511778
0.0511642
0.0511505
0.0511369
0.051124
0.0511106
0.0239247
0.0229474
0.0217086
0.020339
0.0189108
0.0174579
0.0160015
0.0145679
0.0131992
0.0119556
0.0109061
0.0101111
0.00960357
0.00938061
0.00940884
0.00963824
0.0100159
0.0104946
0.0110352
0.0116061
0.0121799
0.0127315
0.0132379
0.0136796
0.0140433
0.0143238
0.0145249
0.0146582
0.0147461
0.0148178
0.0149073
0.0150527
0.0152937
0.0156687
0.0162079
0.0169277
0.0178251
0.0188791
0.0200568
0.0213227
0.0226458
0.0240037
0.0253829
0.0267776
0.0281874
0.0296157
0.031067
0.0325459
0.0340539
0.0355871
0.0371326
0.038666
0.0401496
0.0415368
0.042779
0.0438384
0.044696
0.0453559
0.0458388
0.0461762
0.046401
0.0465439
0.0466292
0.0466762
0.0466984
0.0467053
0.0467028
0.0466953
0.046685
0.0466733
0.0466609
0.0466484
0.0466361
0.0466243
0.0466121
0.0236319
0.0222386
0.020592
0.0188676
0.0171386
0.0154372
0.0137959
0.0122677
0.0109275
0.0098566
0.00911452
0.00871637
0.00863082
0.00879694
0.00914599
0.00961658
0.0101607
0.0107432
0.0113385
0.0119262
0.0124874
0.0130034
0.0134559
0.0138295
0.014115
0.0143114
0.0144261
0.0144756
0.0144857
0.014488
0.0145182
0.0146146
0.0148163
0.0151585
0.015667
0.0163517
0.0172041
0.0181996
0.0193049
0.0204862
0.0217153
0.0229725
0.0242457
0.0255295
0.0268228
0.0281271
0.0294442
0.0307751
0.0321168
0.0334615
0.0347931
0.0360871
0.037311
0.0384285
0.0394063
0.0402228
0.0408715
0.0413627
0.041717
0.0419615
0.0421221
0.0422226
0.0422811
0.042312
0.0423251
0.0423275
0.0423232
0.0423155
0.0423057
0.042295
0.0422836
0.0422723
0.042261
0.0422501
0.042239
0.0231803
0.021255
0.0191554
0.0170758
0.0150755
0.0131895
0.0114763
0.0100234
0.00892264
0.00822801
0.00793002
0.00796429
0.00824267
0.00868136
0.00921455
0.00979602
0.0103953
0.0109924
0.0115734
0.0121259
0.0126367
0.0130904
0.0134714
0.0137668
0.0139702
0.0140835
0.0141166
0.0140896
0.0140303
0.0139713
0.0139487
0.0140002
0.0141626
0.0144676
0.014936
0.0155729
0.0163657
0.0172887
0.0183097
0.0193973
0.020526
0.0216779
0.0228418
0.0240121
0.0251867
0.0263651
0.0275468
0.0287297
0.0299082
0.031072
0.0322042
0.0332826
0.0342804
0.0351712
0.0359337
0.0365575
0.0370441
0.0374065
0.0376641
0.0378393
0.0379525
0.0380218
0.0380608
0.0380802
0.0380869
0.0380862
0.0380808
0.038073
0.0380639
0.038054
0.0380437
0.0380333
0.0380229
0.038013
0.0380029
0.0225166
0.019959
0.0173989
0.0150028
0.0128069
0.0108615
0.00925982
0.00810193
0.00743379
0.00721587
0.00734688
0.00771162
0.00821384
0.00878567
0.00938381
0.00998231
0.0105661
0.0111264
0.0116563
0.0121482
0.0125916
0.0129731
0.0132786
0.0134967
0.0136228
0.0136607
0.0136224
0.0135301
0.0134124
0.0133021
0.0132346
0.0132457
0.0133695
0.0136337
0.0140546
0.0146332
0.0153555
0.0161957
0.0171238
0.0181113
0.019135
0.0201783
0.0212306
0.0222859
0.0233407
0.024393
0.0254401
0.026478
0.0274993
0.0284929
0.0294428
0.0303302
0.0311342
0.0318368
0.0324256
0.032898
0.0332598
0.0335249
0.0337104
0.0338345
0.0339131
0.03396
0.0339851
0.0339963
0.0339987
0.033996
0.03399
0.0339825
0.033974
0.033965
0.0339556
0.0339461
0.0339366
0.0339276
0.0339185
0.021586
0.0183353
0.0153564
0.0127304
0.0104721
0.00865899
0.00739448
0.00671592
0.00654961
0.00675242
0.00718034
0.00772519
0.00831788
0.00891825
0.00950448
0.0100655
0.0105963
0.0110942
0.0115565
0.0119781
0.0123497
0.012659
0.0128926
0.0130403
0.0130987
0.013073
0.0129764
0.0128319
0.0126683
0.0125176
0.0124136
0.0123898
0.0124767
0.0126979
0.0130659
0.0135792
0.0142228
0.0149728
0.0158019
0.0166844
0.0175995
0.0185318
0.0194711
0.0204106
0.0213458
0.0222732
0.0231886
0.0240867
0.0249594
0.0257959
0.0265821
0.0273029
0.027943
0.0284911
0.0289413
0.0292958
0.0295624
0.0297546
0.0298867
0.0299736
0.0300273
0.0300582
0.0300736
0.0300793
0.0300788
0.030075
0.0300689
0.0300619
0.0300541
0.0300459
0.0300374
0.0300288
0.0300202
0.030012
0.030004
0.02034
0.0163994
0.0130999
0.0103851
0.00826007
0.00681057
0.00606552
0.005914
0.00616319
0.00663475
0.00720654
0.00780756
0.00840046
0.00896711
0.00949986
0.00999649
0.0104574
0.0108833
0.0112735
0.011624
0.0119263
0.0121687
0.0123384
0.012426
0.012429
0.0123531
0.0122125
0.0120301
0.0118338
0.0116541
0.0115228
0.0114703
0.0115233
0.0117015
0.0120138
0.0124571
0.013017
0.0136719
0.0143976
0.0151717
0.0159756
0.0167953
0.0176207
0.0184447
0.0192616
0.0200669
0.0208554
0.0216211
0.0223557
0.0230496
0.0236911
0.0242687
0.0247719
0.0251946
0.0255353
0.0257987
0.0259933
0.0261313
0.0262245
0.0262845
0.0263204
0.0263401
0.0263489
0.026351
0.0263489
0.0263445
0.0263387
0.0263322
0.0263252
0.0263179
0.0263102
0.0263025
0.0262948
0.0262876
0.0262804
0.0187468
0.0142036
0.0107404
0.00813539
0.00638082
0.00548578
0.00530019
0.00556891
0.00606785
0.0066553
0.00725638
0.00783567
0.00837836
0.00887982
0.00934027
0.00976215
0.0101485
0.0105017
0.0108219
0.0111056
0.011345
0.0115286
0.0116445
0.0116839
0.0116447
0.011533
0.0113631
0.011157
0.0109412
0.0107444
0.0105954
0.0105212
0.0105448
0.0106818
0.0109382
0.01131
0.0117838
0.0123411
0.0129612
0.0136251
0.0143167
0.0150233
0.0157352
0.016445
0.0171464
0.0178339
0.0185018
0.0191437
0.0197521
0.0203187
0.0208341
0.0212903
0.0216807
0.0220028
0.0222576
0.0224513
0.0225919
0.02269
0.0227548
0.0227957
0.0228192
0.0228313
0.0228357
0.0228356
0.0228327
0.0228283
0.0228228
0.0228171
0.0228109
0.0228045
0.0227977
0.0227909
0.0227841
0.0227777
0.0227715
0.0168034
0.0118383
0.00842427
0.00617248
0.00499947
0.0047092
0.00496549
0.00547744
0.00607288
0.00666904
0.00723126
0.00774766
0.00821644
0.00864014
0.0090229
0.00936924
0.00968332
0.00996804
0.0102239
0.0104478
0.0106323
0.0107666
0.0108394
0.0108427
0.0107746
0.0106413
0.0104563
0.0102404
0.0100181
0.0098155
0.00965848
0.00957041
0.0095701
0.00966953
0.00987236
0.0101738
0.0105624
0.0110226
0.0115376
0.012092
0.0126721
0.0132668
0.0138671
0.0144655
0.0150553
0.0156308
0.0161857
0.0167139
0.0172087
0.0176632
0.0180703
0.018425
0.0187233
0.0189653
0.0191536
0.0192944
0.0193948
0.0194637
0.0195083
0.0195357
0.0195507
0.0195578
0.0195594
0.0195581
0.0195548
0.0195507
0.0195459
0.0195409
0.0195355
0.01953
0.0195241
0.0195182
0.0195123
0.0195069
0.0195016
0.014546
0.00942907
0.00632284
0.0046639
0.0041562
0.00435459
0.00486448
0.0054628
0.00605172
0.00659547
0.00708469
0.00752046
0.00790762
0.00825197
0.00855923
0.00883458
0.00908236
0.0093055
0.00950456
0.00967663
0.00981485
0.00990935
0.00994974
0.00992857
0.00984419
0.00970219
0.0095153
0.00930221
0.00908521
0.00888759
0.00873182
0.00863753
0.00861962
0.00868671
0.0088404
0.00907583
0.00938327
0.00975041
0.0101643
0.0106127
0.0110847
0.0115711
0.0120636
0.0125551
0.0130391
0.0135095
0.0139601
0.0143854
0.0147794
0.0151367
0.0154522
0.0157229
0.0159471
0.0161261
0.0162631
0.0163641
0.0164349
0.0164827
0.0165129
0.0165309
0.0165402
0.016544
0.0165441
0.0165423
0.0165391
0.0165354
0.0165313
0.0165271
0.0165226
0.016518
0.016513
0.0165081
0.0165031
0.0164985
0.0164942
0.0120585
0.00712909
0.00460496
0.00368212
0.00374525
0.0042321
0.00482949
0.00541102
0.00593653
0.00639878
0.00680187
0.0071531
0.00746008
0.00772968
0.00796785
0.0081796
0.00836895
0.00853855
0.00868891
0.00881741
0.00891793
0.00898165
0.00899928
0.00896406
0.00887438
0.00873514
0.00855769
0.00835841
0.00815694
0.0079735
0.00782713
0.00773377
0.00770472
0.00774567
0.00785663
0.00803288
0.00826653
0.00854822
0.00886834
0.00921791
0.00958858
0.00997293
0.010364
0.0107553
0.0111407
0.0115144
0.0118707
0.0122044
0.0125104
0.0127846
0.0130236
0.0132258
0.0133908
0.0135207
0.0136187
0.0136899
0.0137391
0.0137717
0.0137918
0.0138035
0.013809
0.0138109
0.0138102
0.0138083
0.0138055
0.0138024
0.013799
0.0137956
0.0137919
0.0137882
0.0137841
0.0137801
0.0137761
0.0137724
0.0137689
0.00947284
0.00510404
0.00338476
0.00316083
0.00358575
0.0041775
0.00475325
0.00526217
0.00569849
0.00606965
0.00638579
0.0066565
0.00688993
0.00709274
0.00727039
0.00742725
0.00756679
0.00769124
0.00780101
0.00789385
0.00796453
0.00800548
0.00800864
0.00796806
0.00788212
0.00775485
0.00759587
0.00741906
0.00724115
0.00707918
0.00694877
0.00686244
0.00682834
0.00684979
0.0069257
0.00705171
0.00722159
0.0074285
0.00766569
0.00792691
0.00820617
0.00849789
0.00879648
0.00909657
0.00939263
0.00967953
0.0099521
0.0102058
0.0104365
0.0106411
0.0108172
0.0109642
0.0110826
0.0111746
0.0112431
0.0112922
0.0113256
0.0113475
0.0113607
0.0113681
0.0113713
0.011372
0.011371
0.0113693
0.011367
0.0113645
0.0113619
0.0113592
0.0113564
0.0113535
0.0113503
0.0113472
0.011344
0.0113412
0.0113385
0.00696228
0.00350386
0.0026611
0.00293606
0.00351106
0.004084
0.0045794
0.00499151
0.00533172
0.00561363
0.00584911
0.00604774
0.00621698
0.00636263
0.00648923
0.00660035
0.00669876
0.00678623
0.00686308
0.0069275
0.00697523
0.0070001
0.00699542
0.00695612
0.0068806
0.0067719
0.00663777
0.00648941
0.00634055
0.00620503
0.00609523
0.0060206
0.00598671
0.00599516
0.00604422
0.00613003
0.00624779
0.00639269
0.00656023
0.0067463
0.0069469
0.00715815
0.0073759
0.00759593
0.00781374
0.00802503
0.00822541
0.00841113
0.0085788
0.0087261
0.00885148
0.00895489
0.0090371
0.0091002
0.0091466
0.00917949
0.00920157
0.00921581
0.00922422
0.00922877
0.00923054
0.00923073
0.00922979
0.00922838
0.00922661
0.00922479
0.00922281
0.00922086
0.00921878
0.00921663
0.0092143
0.00921197
0.00920965
0.00920752
0.00920556
0.00472193
0.00241259
0.00231024
0.0028345
0.00340776
0.00389434
0.00428463
0.00459496
0.00484331
0.00504443
0.00520949
0.0053468
0.0054625
0.00556118
0.00564634
0.00572067
0.00578625
0.00584439
0.00589534
0.00593772
0.00596832
0.00598238
0.00597468
0.0059411
0.00588012
0.00579382
0.005688
0.00557124
0.00545423
0.00534772
0.0052611
0.00520122
0.00517168
0.00517293
0.00520301
0.0052587
0.0053364
0.00543283
0.0055451
0.00567072
0.00580722
0.0059521
0.00610254
0.00625552
0.00640764
0.00655558
0.00669588
0.00682557
0.00694201
0.00704349
0.00712896
0.00719864
0.00725332
0.00729478
0.00732489
0.007346
0.00735998
0.00736889
0.00737403
0.00737673
0.00737765
0.0073776
0.00737684
0.00737581
0.00737455
0.00737329
0.00737191
0.00737057
0.00736913
0.00736765
0.00736603
0.00736442
0.00736281
0.00736135
0.00736
0.00293379
0.00179532
0.00215579
0.0027275
0.00321222
0.00358393
0.00386531
0.00408045
0.00424775
0.0043803
0.00448722
0.00457495
0.00464806
0.00470985
0.00476278
0.00480874
0.00484914
0.0048849
0.00491617
0.00494202
0.00496021
0.00496736
0.00495968
0.00493409
0.00488925
0.00482638
0.00474946
0.0046646
0.00457957
0.00450223
0.00443934
0.0043956
0.00437317
0.00437187
0.00438987
0.00442462
0.00447351
0.00453437
0.00460547
0.00468539
0.00477272
0.00486603
0.00496358
0.00506338
0.00516314
0.0052605
0.00535296
0.00543834
0.00551468
0.00558077
0.00563587
0.00568025
0.00571459
0.00574026
0.00575862
0.00577133
0.00577962
0.00578484
0.00578778
0.00578927
0.0057897
0.00578957
0.00578902
0.00578833
0.00578751
0.00578671
0.00578582
0.00578497
0.00578405
0.00578311
0.00578207
0.00578105
0.00578002
0.0057791
0.00577824
0.00170896
0.00150482
0.0020444
0.00253723
0.00289507
0.00314817
0.00332982
0.00346341
0.00356428
0.00364235
0.00370418
0.00375413
0.00379524
0.00382964
0.00385886
0.00388408
0.00390616
0.00392567
0.00394271
0.00395668
0.00396619
0.00396911
0.00396297
0.00394571
0.00391629
0.00387531
0.00382516
0.0037698
0.00371434
0.0036641
0.00362355
0.00359567
0.00358164
0.00358103
0.00359235
0.00361371
0.00364335
0.00367991
0.00372238
0.00377003
0.00382216
0.00387801
0.00393665
0.00399693
0.00405745
0.00411673
0.00417314
0.00422523
0.00427168
0.00431164
0.00434462
0.00437082
0.00439074
0.00440534
0.00441556
0.0044225
0.00442691
0.00442963
0.00443111
0.00443183
0.00443196
0.00443183
0.00443146
0.00443105
0.00443056
0.00443009
0.00442957
0.00442908
0.00442855
0.00442801
0.00442742
0.00442683
0.00442624
0.00442572
0.00442523
0.00102197
0.00136042
0.00187193
0.00222402
0.00244908
0.00259591
0.00269532
0.00276524
0.00281618
0.00285447
0.00288405
0.00290746
0.00292638
0.00294197
0.00295507
0.00296626
0.00297601
0.00298459
0.00299204
0.00299803
0.00300181
0.00300224
0.00299798
0.00298787
0.00297129
0.00294847
0.00292062
0.00288994
0.00285938
0.00283208
0.00281063
0.00279672
0.00279086
0.0027926
0.00280086
0.00281442
0.00283217
0.00285333
0.00287737
0.00290394
0.00293274
0.00296345
0.00299562
0.00302869
0.00306192
0.00309453
0.00312559
0.00315427
0.00317977
0.00320158
0.00321939
0.00323329
0.00324361
0.00325094
0.00325587
0.00325909
0.00326103
0.00326217
0.00326273
0.00326296
0.00326294
0.00326281
0.00326258
0.00326235
0.00326209
0.00326185
0.00326157
0.00326132
0.00326105
0.00326079
0.00326049
0.0032602
0.00325991
0.00325965
0.0032594
0.00071366
0.00121543
0.00157851
0.00177563
0.00188461
0.00194865
0.00198855
0.00201472
0.00203262
0.00204532
0.00205461
0.0020616
0.002067
0.00207127
0.00207473
0.00207761
0.00208006
0.00208218
0.00208395
0.0020852
0.00208561
0.0020847
0.00208197
0.00207695
0.00206942
0.00205951
0.00204771
0.00203499
0.00202269
0.00201233
0.00200509
0.00200167
0.00200219
0.00200627
0.00201327
0.00202249
0.00203334
0.00204543
0.00205852
0.00207246
0.00208714
0.00210247
0.00211826
0.00213432
0.00215031
0.00216592
0.00218072
0.00219434
0.00220639
0.00221663
0.00222488
0.00223119
0.0022357
0.00223875
0.00224064
0.00224176
0.00224233
0.00224261
0.00224269
0.00224267
0.00224258
0.00224247
0.00224233
0.00224221
0.00224208
0.00224197
0.00224184
0.00224174
0.00224162
0.00224151
0.00224138
0.00224127
0.00224115
0.00224104
0.00224094
0.000607514
0.000974735
0.00114433
0.00120912
0.00123574
0.00124751
0.00125278
0.00125492
0.00125547
0.00125521
0.00125452
0.00125362
0.00125265
0.00125168
0.00125074
0.00124985
0.00124903
0.00124826
0.00124749
0.00124664
0.00124559
0.00124426
0.00124254
0.00124041
0.0012379
0.00123517
0.00123241
0.00122987
0.00122799
0.00122724
0.00122792
0.00123015
0.00123384
0.00123873
0.0012445
0.00125084
0.00125749
0.00126432
0.00127121
0.00127814
0.00128505
0.00129194
0.00129874
0.00130541
0.00131184
0.00131797
0.00132366
0.00132883
0.00133334
0.00133714
0.00134016
0.00134244
0.00134402
0.00134502
0.00134557
0.00134583
0.0013459
0.00134589
0.00134582
0.00134576
0.00134567
0.00134561
0.00134554
0.00134548
0.00134542
0.00134538
0.00134533
0.00134529
0.00134524
0.0013452
0.00134516
0.00134512
0.00134509
0.00134505
0.00134502
0.000506411
0.000492149
0.000480643
0.000472531
0.000466284
0.000461356
0.00045739
0.000454134
0.000451416
0.000449115
0.000447145
0.000445443
0.000443964
0.00044267
0.000441533
0.00044053
0.00043964
0.000438843
0.000438115
0.000437423
0.000436738
0.000436032
0.000435289
0.00043452
0.000433762
0.000433081
0.000432561
0.000432294
0.000432379
0.000432894
0.000433884
0.000435341
0.000437215
0.000439416
0.000441843
0.000444398
0.000447001
0.000449595
0.000452142
0.000454616
0.000457
0.000459281
0.000461445
0.000463479
0.00046537
0.000467107
0.000468677
0.000470072
0.000471287
0.000472324
0.000473187
0.000473894
0.000474457
0.000474898
0.000475232
0.000475479
0.000475652
0.000475771
0.000475846
0.000475891
0.000475913
0.000475922
0.000475921
0.000475916
0.000475907
0.000475896
0.000475883
0.000475872
0.000475859
0.000475848
0.000475836
0.000475826
0.000475816
0.000475806
0.000475799
)
;

boundaryField
{
    lowerWall
    {
        type            nutkWallFunction;
        Cmu             0.09;
        kappa           0.41;
        E               9.8;
        value           nonuniform List<scalar> 
75
(
6.12961e-05
5.95672e-05
5.81686e-05
5.71801e-05
5.64177e-05
5.58154e-05
5.533e-05
5.49314e-05
5.45982e-05
5.4316e-05
5.40742e-05
5.38653e-05
5.36836e-05
5.35245e-05
5.33848e-05
5.32613e-05
5.31515e-05
5.30525e-05
5.29608e-05
5.28726e-05
5.27842e-05
5.2693e-05
5.25992e-05
5.25064e-05
5.24221e-05
5.23569e-05
5.23229e-05
5.23325e-05
5.23962e-05
5.25196e-05
5.27025e-05
5.29381e-05
5.32155e-05
5.35216e-05
5.38438e-05
5.4172e-05
5.44987e-05
5.48192e-05
5.51301e-05
5.54292e-05
5.57148e-05
5.59855e-05
5.62396e-05
5.64756e-05
5.66919e-05
5.68873e-05
5.70608e-05
5.72119e-05
5.73408e-05
5.74483e-05
5.7536e-05
5.76061e-05
5.7661e-05
5.77027e-05
5.77335e-05
5.77555e-05
5.77703e-05
5.77799e-05
5.77857e-05
5.77887e-05
5.779e-05
5.779e-05
5.77894e-05
5.77883e-05
5.7787e-05
5.77856e-05
5.77841e-05
5.77827e-05
5.77813e-05
5.778e-05
5.77787e-05
5.77774e-05
5.77761e-05
5.77748e-05
5.77737e-05
)
;
    }
    upperWall
    {
        type            nutkWallFunction;
        Cmu             0.09;
        kappa           0.41;
        E               9.8;
        value           nonuniform List<scalar> 
75
(
6.13382e-05
5.96092e-05
5.821e-05
5.72211e-05
5.64583e-05
5.58556e-05
5.537e-05
5.49711e-05
5.46377e-05
5.43553e-05
5.41134e-05
5.39044e-05
5.37225e-05
5.35634e-05
5.34235e-05
5.33e-05
5.31901e-05
5.3091e-05
5.29993e-05
5.2911e-05
5.28224e-05
5.27308e-05
5.26362e-05
5.2542e-05
5.24555e-05
5.2387e-05
5.23486e-05
5.23527e-05
5.241e-05
5.25266e-05
5.27031e-05
5.29336e-05
5.32074e-05
5.35116e-05
5.38337e-05
5.41631e-05
5.44918e-05
5.48148e-05
5.51284e-05
5.54304e-05
5.5719e-05
5.59926e-05
5.62496e-05
5.64885e-05
5.67076e-05
5.6906e-05
5.70822e-05
5.72361e-05
5.73675e-05
5.74774e-05
5.75672e-05
5.76393e-05
5.76955e-05
5.77385e-05
5.77702e-05
5.7793e-05
5.78082e-05
5.78184e-05
5.78243e-05
5.78276e-05
5.78288e-05
5.7829e-05
5.78284e-05
5.78274e-05
5.7826e-05
5.78246e-05
5.7823e-05
5.78215e-05
5.782e-05
5.78187e-05
5.78173e-05
5.7816e-05
5.78148e-05
5.78137e-05
5.78127e-05
)
;
    }
    inlet
    {
        type            calculated;
        value           uniform 0.0245118;
    }
    outlet
    {
        type            calculated;
        value           nonuniform List<scalar> 
60
(
0.000475479
0.00134453
0.00224197
0.00326464
0.00443832
0.00580322
0.0074008
0.00926545
0.0114197
0.0138724
0.01662
0.0196487
0.022938
0.0264642
0.0302023
0.0341287
0.0382219
0.0424637
0.046839
0.0513361
0.0559455
0.0606582
0.0654617
0.0703335
0.0752298
0.0800671
0.0846957
0.0888651
0.0921915
0.0941513
0.094137
0.0921496
0.0887953
0.0845966
0.0799391
0.0750751
0.0701557
0.0652651
0.0604476
0.0557253
0.0511106
0.0466121
0.042239
0.0380029
0.0339185
0.030004
0.0262804
0.0227715
0.0195016
0.0164942
0.0137689
0.0113385
0.00920556
0.00736
0.00577824
0.00442523
0.0032594
0.00224094
0.00134502
0.000475799
)
;
    }
    frontAndBack
    {
        type            empty;
    }
}


// ************************************************************************* //
