/*--------------------------------*- C++ -*----------------------------------*\
  =========                 |
  \\      /  F ield         | OpenFOAM: The Open Source CFD Toolbox
   \\    /   O peration     | Website:  https://openfoam.org
    \\  /    A nd           | Version:  7
     \\/     M anipulation  |
\*---------------------------------------------------------------------------*/
FoamFile
{
    version     2.0;
    format      ascii;
    class       volScalarField;
    location    "600";
    object      nut;
}
// * * * * * * * * * * * * * * * * * * * * * * * * * * * * * * * * * * * * * //

dimensions      [0 2 -1 0 0 0 0];

internalField   nonuniform List<scalar> 
4500
(
0.000506064
0.000491803
0.000480303
0.000472195
0.000465952
0.000461027
0.000457063
0.00045381
0.000451094
0.000448794
0.000446826
0.000445126
0.000443647
0.000442353
0.000441217
0.000440216
0.000439331
0.000438548
0.000437854
0.000437239
0.000436695
0.000436214
0.00043579
0.000435417
0.000435091
0.000434806
0.000434561
0.000434351
0.000434173
0.000434025
0.000433905
0.00043381
0.000433739
0.00043369
0.000433661
0.000433651
0.000433659
0.000433683
0.000433722
0.000433775
0.000433842
0.000433921
0.000434012
0.000434113
0.000434225
0.000434346
0.000434476
0.000434614
0.000434759
0.000434911
0.000435069
0.000435233
0.0004354
0.000435572
0.000435746
0.000435923
0.000436101
0.000436279
0.000436456
0.000436633
0.000436808
0.00043698
0.000437149
0.000437315
0.000437477
0.000437634
0.000437786
0.000437934
0.000438077
0.000438214
0.000438346
0.000438473
0.000438594
0.000438709
0.000438816
0.000607327
0.000974335
0.00114372
0.00120841
0.00123497
0.00124672
0.00125197
0.00125409
0.00125464
0.00125437
0.00125368
0.00125278
0.00125181
0.00125083
0.00124989
0.001249
0.00124819
0.00124745
0.0012468
0.00124623
0.00124574
0.00124532
0.00124497
0.0012447
0.00124449
0.00124434
0.00124426
0.00124423
0.00124425
0.00124432
0.00124443
0.0012446
0.0012448
0.00124504
0.00124531
0.00124562
0.00124596
0.00124632
0.00124671
0.00124713
0.00124757
0.00124803
0.00124851
0.00124902
0.00124954
0.00125008
0.00125063
0.0012512
0.00125177
0.00125236
0.00125295
0.00125355
0.00125414
0.00125473
0.0012553
0.00125587
0.00125642
0.00125694
0.00125745
0.00125792
0.00125836
0.00125878
0.00125916
0.00125951
0.00125982
0.00126011
0.00126038
0.00126061
0.00126083
0.00126103
0.00126121
0.00126138
0.00126155
0.0012617
0.00126182
0.000713424
0.00121515
0.00157793
0.00177481
0.00188365
0.00194758
0.00198742
0.00201353
0.0020314
0.00204407
0.00205335
0.00206032
0.00206571
0.00206996
0.0020734
0.00207624
0.00207864
0.00208072
0.00208255
0.0020842
0.00208571
0.00208712
0.00208846
0.00208974
0.00209099
0.00209221
0.00209341
0.00209461
0.0020958
0.002097
0.0020982
0.00209941
0.00210063
0.00210186
0.0021031
0.00210435
0.00210561
0.00210687
0.00210813
0.00210941
0.00211069
0.00211198
0.00211328
0.00211459
0.00211591
0.00211723
0.00211855
0.00211987
0.00212118
0.00212249
0.00212378
0.00212504
0.00212627
0.00212747
0.00212861
0.00212969
0.0021307
0.00213163
0.00213248
0.00213325
0.00213391
0.00213449
0.00213498
0.00213538
0.0021357
0.00213594
0.00213613
0.00213626
0.00213635
0.00213641
0.00213645
0.00213649
0.00213652
0.00213657
0.00213655
0.00102124
0.00136022
0.0018715
0.00222328
0.00244808
0.00259473
0.00269401
0.00276382
0.00281468
0.00285291
0.00288244
0.00290581
0.00292469
0.00294025
0.00295329
0.00296439
0.00297397
0.00298236
0.00298979
0.00299644
0.00300247
0.00300798
0.00301307
0.0030178
0.00302224
0.00302642
0.0030304
0.0030342
0.00303785
0.00304136
0.00304477
0.00304807
0.0030513
0.00305444
0.00305753
0.00306055
0.00306352
0.00306643
0.00306929
0.0030721
0.00307487
0.0030776
0.00308031
0.00308298
0.00308561
0.00308822
0.00309079
0.00309332
0.0030958
0.00309823
0.0031006
0.00310289
0.00310509
0.00310719
0.00310916
0.00311098
0.00311266
0.00311416
0.00311548
0.00311662
0.00311757
0.00311833
0.00311891
0.00311932
0.00311958
0.00311971
0.00311972
0.00311965
0.0031195
0.00311932
0.00311911
0.00311891
0.00311873
0.0031186
0.00311837
0.00170708
0.00150447
0.00204415
0.00253669
0.00289421
0.00314704
0.00332847
0.0034619
0.00356263
0.0036406
0.00370233
0.00375222
0.00379326
0.00382758
0.0038567
0.00388174
0.00390351
0.00392266
0.00393966
0.00395491
0.00396869
0.00398124
0.00399275
0.00400339
0.00401327
0.00402251
0.00403119
0.00403938
0.00404715
0.00405454
0.00406161
0.00406838
0.0040749
0.00408118
0.00408725
0.00409313
0.00409884
0.00410437
0.00410974
0.00411496
0.00412006
0.00412503
0.00412988
0.00413463
0.00413927
0.00414381
0.00414825
0.00415258
0.00415679
0.00416087
0.00416482
0.0041686
0.0041722
0.0041756
0.00417876
0.00418166
0.00418429
0.00418661
0.00418863
0.00419032
0.00419169
0.00419274
0.00419349
0.00419397
0.00419419
0.00419419
0.00419401
0.00419368
0.00419326
0.00419277
0.00419227
0.00419178
0.00419134
0.004191
0.00419052
0.00293021
0.00179432
0.00215557
0.00272719
0.0032116
0.00358299
0.00386409
0.004079
0.0042461
0.00437848
0.00448527
0.00457289
0.00464589
0.00470757
0.00476034
0.00480601
0.00484595
0.0048812
0.0049126
0.00494078
0.00496625
0.00498944
0.00501069
0.00503026
0.00504838
0.00506526
0.00508103
0.00509585
0.00510982
0.00512304
0.00513559
0.00514754
0.00515896
0.00516989
0.00518038
0.00519047
0.0052002
0.00520957
0.00521861
0.00522735
0.00523581
0.00524401
0.00525196
0.00525969
0.00526719
0.00527449
0.00528156
0.00528843
0.00529507
0.00530148
0.00530763
0.00531351
0.00531907
0.00532429
0.00532913
0.00533356
0.00533754
0.00534106
0.00534408
0.00534661
0.00534864
0.00535019
0.00535128
0.00535193
0.0053522
0.00535214
0.0053518
0.00535124
0.00535052
0.00534971
0.00534887
0.00534806
0.00534732
0.00534672
0.00534595
0.00471652
0.00241031
0.00230969
0.00283433
0.00340742
0.00389369
0.00428366
0.0045937
0.00484179
0.00504269
0.00520757
0.00534471
0.00546027
0.00555879
0.00564371
0.00571766
0.00578263
0.00584021
0.00589162
0.00593786
0.00597972
0.00601784
0.00605276
0.0060849
0.00611463
0.00614226
0.00616804
0.00619219
0.00621489
0.00623631
0.00625657
0.00627579
0.00629408
0.00631152
0.00632819
0.00634415
0.00635947
0.00637418
0.00638831
0.00640192
0.00641503
0.00642769
0.00643991
0.00645172
0.00646315
0.0064742
0.00648489
0.00649521
0.00650516
0.00651473
0.00652388
0.0065326
0.00654084
0.00654855
0.0065557
0.00656224
0.00656812
0.00657332
0.0065778
0.00658156
0.00658459
0.00658692
0.00658858
0.00658961
0.00659007
0.00659005
0.00658961
0.00658884
0.00658784
0.00658668
0.00658547
0.00658426
0.00658315
0.00658222
0.00658107
0.00695534
0.00349985
0.00265963
0.00293574
0.00351092
0.00408367
0.00457876
0.00499055
0.00533047
0.0056121
0.00584735
0.00604576
0.00621481
0.00636025
0.00648655
0.00659718
0.00669488
0.0067818
0.00685966
0.00692986
0.00699353
0.00705158
0.00710479
0.00715379
0.0071991
0.00724119
0.00728043
0.00731714
0.0073516
0.00738404
0.00741468
0.00744369
0.00747122
0.00749741
0.00752238
0.00754623
0.00756905
0.00759092
0.00761187
0.00763198
0.00765131
0.00766991
0.00768782
0.00770508
0.00772172
0.00773777
0.00775325
0.00776816
0.0077825
0.00779625
0.0078094
0.0078219
0.0078337
0.00784476
0.00785501
0.00786439
0.00787286
0.00788036
0.00788686
0.00789235
0.00789682
0.00790031
0.00790285
0.00790451
0.00790536
0.00790551
0.00790506
0.00790412
0.00790282
0.00790127
0.0078996
0.0078979
0.0078963
0.00789489
0.0078932
0.00946494
0.00509827
0.00338174
0.00315982
0.00358556
0.0041774
0.00475296
0.00526158
0.00569759
0.00606845
0.00638432
0.00665477
0.00688795
0.00709051
0.00726779
0.00742409
0.00756284
0.00768683
0.0077983
0.00789909
0.00799071
0.00807441
0.00815122
0.00822202
0.00828754
0.0083484
0.00840513
0.00845819
0.00850797
0.00855481
0.00859899
0.00864076
0.00868037
0.00871798
0.00875379
0.00878793
0.00882053
0.00885172
0.00888156
0.00891015
0.00893758
0.00896392
0.00898923
0.00901357
0.00903699
0.00905954
0.00908124
0.00910211
0.00912215
0.00914135
0.00915969
0.00917712
0.00919358
0.00920901
0.00922333
0.00923648
0.00924837
0.00925895
0.00926818
0.00927602
0.00928249
0.00928761
0.00929142
0.00929402
0.0092955
0.00929598
0.00929562
0.00929454
0.00929292
0.0092909
0.00928865
0.00928631
0.00928402
0.00928193
0.00927947
0.0120503
0.00712193
0.0046001
0.00367976
0.00374451
0.00423199
0.00482945
0.00541081
0.00593604
0.00639799
0.00680078
0.00715173
0.00745842
0.00772772
0.00796548
0.00817659
0.00836512
0.00853441
0.00868723
0.00882588
0.00895227
0.00906798
0.00917438
0.00927259
0.00936358
0.00944817
0.00952706
0.00960086
0.00967009
0.00973522
0.00979663
0.00985468
0.00990967
0.00996185
0.0100115
0.0100588
0.0101038
0.0101469
0.0101881
0.0102275
0.0102653
0.0103015
0.0103363
0.0103697
0.0104017
0.0104326
0.0104622
0.0104907
0.010518
0.0105442
0.0105692
0.0105929
0.0106153
0.0106364
0.010656
0.010674
0.0106903
0.010705
0.0107178
0.0107287
0.0107379
0.0107452
0.0107508
0.0107547
0.0107571
0.0107581
0.010758
0.0107568
0.0107548
0.0107522
0.0107492
0.010746
0.0107428
0.0107398
0.0107362
0.0145382
0.00942111
0.00631631
0.00465971
0.00415424
0.00435399
0.00486444
0.00546284
0.00605162
0.00659513
0.00708406
0.00751953
0.00790638
0.0082504
0.0085572
0.00883188
0.00907883
0.00930184
0.0095041
0.00968833
0.00985683
0.0100115
0.0101541
0.010286
0.0104083
0.0105222
0.0106285
0.010728
0.0108215
0.0109094
0.0109923
0.0110706
0.0111449
0.0112153
0.0112822
0.0113459
0.0114067
0.0114647
0.0115201
0.0115731
0.0116239
0.0116725
0.0117191
0.0117638
0.0118068
0.0118481
0.0118877
0.0119257
0.0119622
0.0119972
0.0120305
0.0120622
0.0120922
0.0121204
0.0121467
0.0121709
0.0121929
0.0122127
0.0122301
0.0122452
0.0122578
0.0122681
0.012276
0.0122817
0.0122854
0.0122872
0.0122874
0.0122862
0.0122839
0.0122806
0.0122767
0.0122725
0.012268
0.0122637
0.0122587
0.0167964
0.0118301
0.00841662
0.00616647
0.00499572
0.00470745
0.00496497
0.00547746
0.00607302
0.00666908
0.00723109
0.00774722
0.00821571
0.00863906
0.00902134
0.00936699
0.00968026
0.00996504
0.0102248
0.0104624
0.0106807
0.0108817
0.0110675
0.0112398
0.0113999
0.0115493
0.0116889
0.0118197
0.0119427
0.0120584
0.0121676
0.0122709
0.0123688
0.0124616
0.0125499
0.0126339
0.0127139
0.0127904
0.0128634
0.0129332
0.013
0.013064
0.0131253
0.0131841
0.0132406
0.0132948
0.0133468
0.0133967
0.0134446
0.0134904
0.0135342
0.0135758
0.0136152
0.0136523
0.0136869
0.0137189
0.0137482
0.0137745
0.0137978
0.0138181
0.0138352
0.0138493
0.0138603
0.0138685
0.013874
0.013877
0.0138778
0.0138767
0.0138739
0.0138699
0.013865
0.0138594
0.0138534
0.0138474
0.0138406
0.0187409
0.0141959
0.0107323
0.00812806
0.00637517
0.00548226
0.0052985
0.00556839
0.00606791
0.00665555
0.00725658
0.00783569
0.00837814
0.00887927
0.00933926
0.00976046
0.0101461
0.0104994
0.0108239
0.0111225
0.011398
0.0116528
0.0118892
0.0121089
0.0123137
0.0125051
0.0126843
0.0128526
0.0130109
0.0131602
0.0133011
0.0134345
0.0135609
0.0136809
0.013795
0.0139037
0.0140072
0.0141061
0.0142006
0.0142909
0.0143773
0.0144601
0.0145394
0.0146155
0.0146884
0.0147585
0.0148257
0.0148902
0.014952
0.0150112
0.0150678
0.0151217
0.0151727
0.0152208
0.0152658
0.0153074
0.0153456
0.0153802
0.0154109
0.0154377
0.0154606
0.0154796
0.0154947
0.0155061
0.015514
0.0155187
0.0155205
0.0155197
0.0155168
0.015512
0.0155059
0.0154987
0.015491
0.0154829
0.015474
0.0203353
0.0163925
0.0130921
0.0103772
0.00825299
0.00680513
0.00606205
0.00591225
0.00616261
0.00663481
0.00720686
0.00780792
0.00840069
0.00896709
0.00949942
0.00999542
0.0104556
0.0108818
0.0112765
0.0116424
0.0119818
0.0122974
0.0125913
0.0128656
0.013122
0.0133623
0.0135879
0.0138001
0.0140001
0.0141889
0.0143674
0.0145366
0.014697
0.0148495
0.0149946
0.0151328
0.0152646
0.0153904
0.0155107
0.0156258
0.0157359
0.0158413
0.0159424
0.0160393
0.0161323
0.0162215
0.0163071
0.0163893
0.0164682
0.0165436
0.0166158
0.0166845
0.0167497
0.0168113
0.0168689
0.0169225
0.0169717
0.0170164
0.0170563
0.0170915
0.0171216
0.0171469
0.0171673
0.017183
0.0171942
0.0172013
0.0172047
0.0172046
0.0172017
0.0171963
0.017189
0.0171803
0.0171705
0.0171602
0.0171486
0.0215825
0.0183294
0.0153493
0.0127226
0.0104644
0.0086521
0.0073891
0.00671235
0.00654767
0.00675168
0.00718034
0.00772556
0.00831836
0.00891864
0.00950458
0.0100651
0.0105953
0.0110936
0.0115604
0.0119971
0.0124054
0.0127874
0.0131451
0.0134804
0.0137951
0.014091
0.0143697
0.0146324
0.0148806
0.0151154
0.0153378
0.0155488
0.0157492
0.0159399
0.0161214
0.0162946
0.0164598
0.0166177
0.0167687
0.0169132
0.0170515
0.0171841
0.0173111
0.017433
0.01755
0.0176622
0.01777
0.0178734
0.0179726
0.0180677
0.0181586
0.0182453
0.0183276
0.0184054
0.0184784
0.0185464
0.0186091
0.0186663
0.0187177
0.0187631
0.0188024
0.0188357
0.0188629
0.0188842
0.0189
0.0189105
0.0189162
0.0189176
0.0189152
0.0189096
0.0189013
0.0188909
0.0188791
0.0188663
0.0188519
0.0225141
0.0199544
0.0173928
0.0149958
0.0127993
0.010854
0.00925304
0.00809649
0.00743
0.00721364
0.00734589
0.00771147
0.00821417
0.00878619
0.00938426
0.00998242
0.0105658
0.0111265
0.0116607
0.0121669
0.0126453
0.0130966
0.0135221
0.0139234
0.0143021
0.0146596
0.0149974
0.0153171
0.0156199
0.0159071
0.0161797
0.0164388
0.0166854
0.0169203
0.0171444
0.0173582
0.0175626
0.017758
0.017945
0.0181241
0.0182957
0.0184603
0.0186181
0.0187695
0.0189149
0.0190545
0.0191885
0.0193172
0.0194407
0.0195591
0.0196723
0.0197804
0.0198831
0.0199804
0.0200719
0.0201574
0.0202364
0.0203088
0.0203741
0.0204322
0.020483
0.0205263
0.0205623
0.0205911
0.0206129
0.0206282
0.0206375
0.0206413
0.0206402
0.0206349
0.0206261
0.0206145
0.0206007
0.0205855
0.0205683
0.0231786
0.0212515
0.0191504
0.0170697
0.0150687
0.0131822
0.011469
0.0100167
0.00891707
0.0082239
0.00792738
0.00796293
0.00824224
0.00868153
0.00921499
0.00979641
0.0103955
0.0109932
0.0115781
0.0121436
0.0126863
0.0132046
0.0136982
0.0141674
0.0146131
0.0150364
0.0154384
0.0158204
0.0161835
0.0165289
0.0168579
0.0171713
0.0174702
0.0177555
0.0180281
0.0182887
0.018538
0.0187768
0.0190055
0.0192248
0.0194352
0.0196371
0.0198308
0.0200168
0.0201955
0.0203671
0.0205321
0.0206905
0.0208425
0.0209883
0.021128
0.0212614
0.0213884
0.0215087
0.0216222
0.0217285
0.0218271
0.0219178
0.0220001
0.0220738
0.0221387
0.0221947
0.0222418
0.0222802
0.0223101
0.022332
0.0223465
0.0223541
0.0223555
0.0223516
0.0223431
0.0223309
0.0223157
0.0222984
0.0222786
0.0236309
0.0222362
0.0205882
0.0188628
0.0171328
0.0154307
0.0137891
0.0122607
0.0109209
0.00985089
0.00911003
0.00871324
0.00862895
0.00879609
0.00914584
0.0096168
0.0101611
0.0107443
0.0113431
0.011942
0.0125313
0.0131048
0.0136592
0.0141925
0.014704
0.0151937
0.0156619
0.0161093
0.0165367
0.0169451
0.0173354
0.0177085
0.0180653
0.0184068
0.0187338
0.0190471
0.0193473
0.0196353
0.0199117
0.0201769
0.0204317
0.0206765
0.0209117
0.0211377
0.0213549
0.0215638
0.0217645
0.0219575
0.0221429
0.0223208
0.0224912
0.0226542
0.0228096
0.0229572
0.0230966
0.0232274
0.0233493
0.0234619
0.0235646
0.0236572
0.0237395
0.0238111
0.0238722
0.0239229
0.0239635
0.0239943
0.0240161
0.0240295
0.0240352
0.0240342
0.0240274
0.0240156
0.0239999
0.0239813
0.0239594
0.0239241
0.0229458
0.0217059
0.0203354
0.0189062
0.0174526
0.0159956
0.0145615
0.0131926
0.0119492
0.0109003
0.0101063
0.0095999
0.00937813
0.00940743
0.00963764
0.0100159
0.0104955
0.0110393
0.0116196
0.0122168
0.0128173
0.0134122
0.0139954
0.0145632
0.0151133
0.0156445
0.0161563
0.0166487
0.0171218
0.0175763
0.0180127
0.0184318
0.0188341
0.0192205
0.0195917
0.0199484
0.0202912
0.0206208
0.0209377
0.0212426
0.0215359
0.0218181
0.0220897
0.022351
0.0226025
0.0228444
0.0230771
0.0233008
0.0235156
0.0237217
0.023919
0.0241073
0.0242864
0.024456
0.0246157
0.024765
0.0249034
0.0250305
0.0251458
0.025249
0.0253399
0.0254184
0.0254847
0.0255391
0.0255819
0.0256138
0.0256355
0.0256479
0.0256519
0.0256486
0.0256391
0.0256244
0.0256057
0.0255828
0.0241048
0.0234303
0.0225301
0.0214842
0.0203512
0.0191647
0.0179427
0.0166986
0.0154511
0.0142309
0.0130828
0.0120624
0.0112256
0.0106148
0.010249
0.0101206
0.0102015
0.0104527
0.0108329
0.0113054
0.0118395
0.0124118
0.0130047
0.0136056
0.0142055
0.0147983
0.0153798
0.0159471
0.0164986
0.0170333
0.0175506
0.0180505
0.0185331
0.0189987
0.0194476
0.0198805
0.0202977
0.0206999
0.0210876
0.0214612
0.0218214
0.0221686
0.0225033
0.0228258
0.0231367
0.0234361
0.0237245
0.0240022
0.0242695
0.0245264
0.0247731
0.0250095
0.0252356
0.025451
0.0256554
0.0258484
0.0260295
0.0261982
0.0263538
0.0264961
0.0266244
0.0267387
0.0268387
0.0269246
0.0269965
0.0270549
0.0271004
0.0271337
0.0271559
0.027168
0.027171
0.0271662
0.0271547
0.0271379
0.0271159
0.0242104
0.023743
0.0231051
0.0223339
0.0214686
0.0205374
0.0195569
0.0185366
0.0174843
0.0164115
0.0153381
0.0142947
0.0133225
0.0124679
0.011775
0.0112758
0.0109838
0.0108936
0.0109844
0.0112267
0.0115885
0.0120397
0.0125545
0.0131118
0.0136953
0.0142927
0.0148948
0.015495
0.0160885
0.0166719
0.0172429
0.0177999
0.018342
0.0188686
0.0193795
0.0198746
0.020354
0.0208179
0.0212667
0.0217006
0.0221201
0.0225255
0.0229172
0.0232954
0.0236607
0.0240132
0.0243532
0.024681
0.0249969
0.0253009
0.0255932
0.0258738
0.0261425
0.026399
0.026643
0.0268741
0.0270917
0.0272953
0.0274842
0.027658
0.0278162
0.0279585
0.0280846
0.0281945
0.0282885
0.0283669
0.0284304
0.0284796
0.0285157
0.0285396
0.0285526
0.0285559
0.0285509
0.028539
0.0285206
0.0242687
0.0239331
0.0234832
0.022928
0.0222874
0.0215809
0.0208224
0.0200202
0.0191788
0.0183021
0.0173958
0.0164709
0.015546
0.0146483
0.0138124
0.0130761
0.012475
0.0120354
0.0117707
0.0116797
0.0117493
0.0119586
0.012283
0.0126979
0.013181
0.0137132
0.014279
0.0148659
0.0154643
0.0160671
0.0166686
0.0172647
0.0178524
0.0184297
0.0189948
0.0195468
0.0200849
0.0206087
0.0211181
0.0216128
0.0220929
0.0225586
0.0230099
0.0234471
0.0238703
0.0242797
0.0246755
0.0250578
0.0254268
0.0257826
0.0261252
0.0264546
0.0267706
0.027073
0.0273614
0.0276353
0.0278942
0.0281376
0.0283648
0.0285752
0.0287682
0.0289436
0.029101
0.0292404
0.0293617
0.0294655
0.0295523
0.0296227
0.0296778
0.0297186
0.0297464
0.0297625
0.0297684
0.0297656
0.0297548
0.0242989
0.0240415
0.0237167
0.023319
0.0228541
0.0223318
0.0217619
0.0211513
0.0205038
0.0198214
0.019105
0.0183565
0.0175807
0.0167867
0.0159902
0.015213
0.0144829
0.0138304
0.013285
0.0128702
0.0126008
0.0124808
0.0125047
0.0126592
0.0129266
0.0132877
0.0137233
0.0142163
0.0147516
0.0153169
0.015902
0.0164988
0.0171009
0.0177035
0.0183026
0.0188954
0.0194797
0.0200537
0.0206163
0.0211666
0.0217038
0.0222276
0.0227377
0.0232338
0.0237159
0.0241838
0.0246376
0.0250771
0.0255023
0.0259133
0.0263099
0.026692
0.0270595
0.027412
0.0277492
0.0280706
0.0283756
0.0286637
0.0289342
0.0291864
0.0294199
0.0296341
0.0298287
0.0300035
0.0301586
0.0302941
0.0304106
0.0305087
0.0305893
0.0306535
0.0307025
0.0307377
0.0307605
0.0307726
0.0307749
0.0243137
0.0240994
0.0238516
0.0235602
0.0232227
0.0228417
0.0224217
0.0219673
0.021482
0.0209674
0.020424
0.0198512
0.0192489
0.0186176
0.0179607
0.017285
0.0166018
0.0159277
0.0152838
0.0146943
0.0141835
0.0137732
0.0134797
0.0133118
0.0132708
0.0133509
0.0135415
0.0138287
0.0141972
0.014632
0.0151192
0.0156466
0.0162035
0.0167812
0.0173722
0.0179709
0.0185723
0.0191727
0.0197691
0.0203591
0.0209409
0.0215129
0.0220739
0.0226232
0.0231599
0.0236836
0.0241937
0.0246899
0.0251717
0.025639
0.0260913
0.0265285
0.0269503
0.0273562
0.0277459
0.0281188
0.0284744
0.028812
0.0291311
0.0294308
0.0297106
0.02997
0.0302085
0.0304259
0.030622
0.030797
0.0309511
0.031085
0.0311994
0.0312953
0.0313738
0.0314362
0.031484
0.0315189
0.0315419
0.0243203
0.0241281
0.0239241
0.023699
0.0234471
0.0231665
0.022858
0.0225234
0.0221648
0.0217837
0.0213807
0.0209556
0.0205075
0.0200352
0.0195375
0.0190143
0.0184671
0.0179
0.0173205
0.0167398
0.016173
0.0156382
0.0151549
0.0147427
0.0144182
0.0141938
0.0140765
0.0140677
0.0141634
0.0143559
0.0146348
0.0149883
0.0154045
0.0158718
0.0163798
0.0169191
0.0174816
0.0180606
0.0186502
0.0192456
0.019843
0.0204391
0.0210312
0.0216172
0.0221952
0.0227638
0.0233217
0.023868
0.0244018
0.0249222
0.0254285
0.0259201
0.0263966
0.0268573
0.0273018
0.0277294
0.0281394
0.0285312
0.028904
0.0292573
0.0295902
0.0299021
0.0301924
0.0304609
0.0307071
0.030931
0.0311327
0.0313127
0.0314713
0.0316095
0.0317282
0.0318286
0.0319119
0.0319799
0.0320337
0.0243232
0.0241413
0.0239602
0.0237729
0.0235739
0.0233596
0.0231282
0.0228796
0.0226142
0.0223328
0.0220359
0.0217237
0.0213958
0.0210513
0.020689
0.0203073
0.0199048
0.0194805
0.0190346
0.0185687
0.018087
0.0175959
0.0171052
0.0166273
0.0161768
0.0157695
0.0154209
0.0151448
0.014952
0.0148493
0.0148393
0.0149208
0.015089
0.0153369
0.0156558
0.0160361
0.0164686
0.016944
0.017454
0.017991
0.0185486
0.0191208
0.0197028
0.0202904
0.02088
0.0214686
0.0220536
0.022633
0.0232048
0.0237675
0.0243197
0.02486
0.0253875
0.0259013
0.0264005
0.0268843
0.0273518
0.0278021
0.0282345
0.0286479
0.0290417
0.0294149
0.0297668
0.0300968
0.0304044
0.0306891
0.0309509
0.0311897
0.0314058
0.0315997
0.0317721
0.0319239
0.0320561
0.0321703
0.0322675
0.0243243
0.0241468
0.0239767
0.0238093
0.0236402
0.0234659
0.0232838
0.0230926
0.0228914
0.0226801
0.0224587
0.0222274
0.021986
0.0217344
0.0214717
0.0211972
0.0209094
0.020607
0.0202885
0.0199526
0.0195985
0.0192262
0.0188373
0.0184347
0.0180237
0.0176116
0.0172079
0.016824
0.0164722
0.0161651
0.0159144
0.0157302
0.0156198
0.0155875
0.0156346
0.0157596
0.0159585
0.0162258
0.0165544
0.016937
0.017366
0.0178339
0.0183339
0.0188597
0.0194054
0.0199661
0.0205373
0.0211151
0.0216961
0.0222775
0.0228567
0.0234313
0.0239994
0.0245593
0.0251094
0.0256484
0.0261749
0.0266876
0.0271853
0.0276666
0.0281304
0.0285755
0.0290006
0.0294048
0.0297871
0.0301468
0.0304831
0.0307958
0.0310847
0.0313496
0.0315911
0.0318095
0.0320057
0.0321807
0.0323355
0.0243246
0.024149
0.0239836
0.0238256
0.0236718
0.0235195
0.0233663
0.0232101
0.0230498
0.0228845
0.0227135
0.0225367
0.0223538
0.0221647
0.0219692
0.0217669
0.0215573
0.0213397
0.021113
0.0208762
0.0206281
0.0203674
0.020093
0.0198044
0.0195013
0.0191846
0.0188565
0.0185202
0.018181
0.0178456
0.0175221
0.0172198
0.0169488
0.0167189
0.0165391
0.016417
0.0163585
0.016367
0.0164439
0.0165884
0.0167979
0.0170683
0.0173946
0.017771
0.0181918
0.0186508
0.0191424
0.0196611
0.020202
0.0207604
0.0213321
0.0219135
0.0225009
0.0230912
0.0236817
0.0242698
0.0248529
0.0254289
0.0259955
0.0265505
0.027092
0.0276179
0.0281264
0.0286158
0.0290844
0.0295309
0.029954
0.0303527
0.0307263
0.0310744
0.0313966
0.0316931
0.0319643
0.0322108
0.0324332
0.0243248
0.0241497
0.0239862
0.0238322
0.0236855
0.023544
0.0234057
0.0232688
0.0231318
0.0229936
0.0228531
0.0227097
0.0225629
0.0224126
0.0222584
0.0221002
0.0219379
0.0217713
0.0216001
0.021424
0.0212425
0.0210549
0.0208606
0.0206585
0.0204481
0.0202285
0.0199992
0.0197601
0.0195117
0.0192553
0.018993
0.0187282
0.0184655
0.0182106
0.01797
0.0177515
0.0175626
0.0174112
0.0173045
0.0172486
0.0172484
0.0173073
0.0174269
0.0176075
0.0178476
0.0181449
0.0184957
0.0188959
0.0193408
0.0198254
0.0203447
0.0208935
0.0214667
0.0220594
0.022667
0.0232851
0.0239095
0.0245361
0.0251612
0.0257812
0.0263928
0.0269928
0.0275783
0.0281468
0.0286957
0.029223
0.0297267
0.0302052
0.0306572
0.0310818
0.0314784
0.0318465
0.0321863
0.0324981
0.032782
0.0243248
0.0241499
0.023987
0.0238344
0.0236903
0.0235531
0.0234211
0.0232926
0.0231662
0.0230406
0.0229147
0.0227876
0.0226587
0.0225274
0.0223935
0.0222568
0.0221174
0.0219751
0.0218302
0.0216826
0.0215323
0.0213794
0.0212236
0.0210647
0.0209024
0.0207364
0.0205661
0.0203912
0.0202114
0.0200265
0.0198369
0.0196433
0.019447
0.0192503
0.0190561
0.0188685
0.0186921
0.0185325
0.0183958
0.0182885
0.0182169
0.0181872
0.0182048
0.0182742
0.0183987
0.0185805
0.0188202
0.019117
0.0194693
0.0198737
0.0203265
0.0208229
0.0213576
0.021925
0.0225193
0.0231348
0.023766
0.0244074
0.025054
0.025701
0.026344
0.0269789
0.027602
0.0282099
0.0287996
0.0293683
0.0299138
0.0304339
0.0309271
0.0313921
0.0318279
0.032234
0.0326101
0.0329565
0.033273
0.0243248
0.0241499
0.023987
0.0238344
0.0236903
0.0235531
0.0234211
0.0232926
0.0231662
0.0230406
0.0229147
0.0227876
0.0226587
0.0225274
0.0223935
0.0222568
0.0221174
0.0219751
0.0218302
0.0216826
0.0215323
0.0213794
0.0212236
0.0210647
0.0209025
0.0207364
0.0205662
0.0203913
0.0202114
0.0200266
0.019837
0.0196433
0.0194471
0.0192504
0.0190562
0.0188686
0.0186922
0.0185326
0.0183959
0.0182886
0.018217
0.0181873
0.0182049
0.0182743
0.0183989
0.0185806
0.0188203
0.0191172
0.0194694
0.0198739
0.0203267
0.0208231
0.0213578
0.0219252
0.0225196
0.0231351
0.0237663
0.0244078
0.0250544
0.0257013
0.0263442
0.026979
0.0276018
0.0282094
0.0287986
0.0293667
0.0299114
0.0304307
0.0309229
0.0313867
0.0318213
0.0322261
0.0326008
0.0329457
0.0332607
0.0243248
0.0241497
0.0239862
0.0238322
0.0236855
0.023544
0.0234057
0.0232688
0.0231318
0.0229936
0.0228531
0.0227097
0.022563
0.0224127
0.0222585
0.0221003
0.021938
0.0217714
0.0216003
0.0214242
0.0212427
0.0210552
0.0208608
0.0206588
0.0204484
0.0202289
0.0199996
0.0197606
0.0195122
0.0192558
0.0189936
0.0187289
0.0184662
0.0182112
0.0179708
0.0177522
0.0175633
0.0174119
0.0173051
0.0172491
0.0172488
0.0173076
0.0174272
0.0176077
0.0178478
0.0181449
0.0184957
0.0188959
0.0193407
0.0198254
0.0203446
0.0208934
0.0214667
0.0220595
0.0226673
0.0232855
0.0239099
0.0245366
0.0251617
0.0257816
0.0263929
0.0269925
0.0275775
0.028145
0.0286928
0.0292185
0.0297204
0.0301968
0.0306464
0.0310683
0.0314619
0.0318269
0.0321633
0.0324716
0.032752
0.0243246
0.024149
0.0239836
0.0238256
0.0236719
0.0235196
0.0233663
0.0232102
0.0230499
0.0228846
0.0227136
0.0225368
0.022354
0.0221649
0.0219695
0.0217672
0.0215577
0.0213401
0.0211135
0.0208768
0.0206287
0.0203681
0.0200938
0.0198052
0.0195022
0.0191857
0.0188576
0.0185214
0.0181822
0.0178468
0.0175233
0.0172211
0.0169501
0.01672
0.0165401
0.0164179
0.0163592
0.0163675
0.0164442
0.0165885
0.0167978
0.017068
0.0173942
0.0177705
0.0181911
0.01865
0.0191415
0.0196602
0.020201
0.0207594
0.0213313
0.0219127
0.0225002
0.0230906
0.0236813
0.0242695
0.0248527
0.0254288
0.0259953
0.0265502
0.0270913
0.0276166
0.0281243
0.0286125
0.0290796
0.0295243
0.0299452
0.0303414
0.0307121
0.0310569
0.0313756
0.0316684
0.0319356
0.0321781
0.0323964
0.0243243
0.0241468
0.0239767
0.0238093
0.0236402
0.0234659
0.0232839
0.0230927
0.0228916
0.0226803
0.022459
0.0222278
0.0219865
0.0217349
0.0214724
0.0211979
0.0209102
0.020608
0.0202896
0.0199538
0.0195998
0.0192277
0.0188389
0.0184364
0.0180255
0.0176135
0.0172098
0.0168258
0.016474
0.0161667
0.0159159
0.0157315
0.0156208
0.0155882
0.015635
0.0157597
0.0159584
0.0162254
0.0165537
0.0169361
0.0173649
0.0178327
0.0183326
0.0188582
0.0194039
0.0199645
0.0205356
0.0211134
0.0216945
0.022276
0.0228552
0.02343
0.0239982
0.0245582
0.0251085
0.0256476
0.0261742
0.0266869
0.0271845
0.0276656
0.0281289
0.0285733
0.0289975
0.0294005
0.0297813
0.030139
0.0304732
0.0307834
0.0310694
0.0313313
0.0315695
0.0317844
0.0319769
0.0321482
0.0322992
0.0243232
0.0241413
0.0239602
0.023773
0.023574
0.0233598
0.0231285
0.02288
0.0226147
0.0223334
0.0220366
0.0217245
0.0213967
0.0210524
0.0206903
0.0203087
0.0199064
0.0194823
0.0190365
0.0185709
0.0180893
0.0175983
0.0171077
0.0166298
0.0161793
0.0157719
0.0154231
0.0151467
0.0149536
0.0148505
0.0148401
0.0149212
0.0150891
0.0153366
0.0156551
0.0160352
0.0164674
0.0169426
0.0174524
0.0179894
0.0185468
0.0191189
0.0197009
0.0202884
0.020878
0.0214666
0.0220517
0.0226311
0.023203
0.0237658
0.0243181
0.0248586
0.0253862
0.0259002
0.0263995
0.0268834
0.0273509
0.0278012
0.0282334
0.0286466
0.0290399
0.0294124
0.0297634
0.0300922
0.0303983
0.0306814
0.0309411
0.0311777
0.0313914
0.0315827
0.0317523
0.0319011
0.0320303
0.0321413
0.0322354
0.0243204
0.0241281
0.0239242
0.0236991
0.0234473
0.0231669
0.0228585
0.0225241
0.0221657
0.0217847
0.0213819
0.0209571
0.0205092
0.020037
0.0195396
0.0190166
0.0184697
0.0179029
0.0173235
0.016743
0.0161762
0.0156413
0.0151579
0.0147454
0.0144205
0.0141957
0.014078
0.0140686
0.0141639
0.0143559
0.0146344
0.0149875
0.0154034
0.0158705
0.0163783
0.0169174
0.0174798
0.0180586
0.0186482
0.0192436
0.019841
0.020437
0.0210292
0.0216152
0.0221932
0.0227619
0.02332
0.0238664
0.0244002
0.0249207
0.0254272
0.025919
0.0263956
0.0268565
0.0273011
0.0277287
0.0281388
0.0285305
0.0289032
0.0292561
0.0295885
0.0298998
0.0301893
0.0304567
0.0307017
0.0309241
0.0311243
0.0313024
0.0314591
0.0315952
0.0317116
0.0318097
0.0318906
0.0319561
0.0320074
0.0243137
0.0240994
0.0238518
0.0235606
0.0232232
0.0228424
0.0224226
0.0219685
0.0214835
0.0209692
0.020426
0.0198536
0.0192515
0.0186206
0.017964
0.0172885
0.0166055
0.0159315
0.0152876
0.0146979
0.0141868
0.0137762
0.0134821
0.0133136
0.013272
0.0133516
0.0135417
0.0138283
0.0141964
0.0146309
0.0151179
0.015645
0.0162018
0.0167793
0.0173703
0.0179689
0.0185703
0.0191707
0.0197672
0.0203572
0.020939
0.0215111
0.0220722
0.0226216
0.0231584
0.0236822
0.0241924
0.0246887
0.0251707
0.0256381
0.0260906
0.026528
0.0269499
0.027356
0.0277457
0.0281187
0.0284743
0.0288119
0.0291307
0.0294302
0.0297096
0.0299685
0.0302063
0.0304228
0.030618
0.0307918
0.0309447
0.0310772
0.0311901
0.0312844
0.0313612
0.0314219
0.0314678
0.0315008
0.031522
0.024299
0.0240417
0.0237171
0.0233196
0.022855
0.0223331
0.0217635
0.0211532
0.0205061
0.0198241
0.0191081
0.01836
0.0175845
0.0167909
0.0159945
0.0152174
0.0144873
0.0138346
0.0132887
0.0128734
0.0126033
0.0124826
0.0125058
0.0126596
0.0129265
0.0132871
0.0137223
0.014215
0.0147501
0.0153152
0.0159002
0.0164969
0.0170991
0.0177016
0.0183008
0.0188936
0.019478
0.0200521
0.0206148
0.0211651
0.0217025
0.0222264
0.0227366
0.0232328
0.023715
0.0241831
0.024637
0.0250766
0.025502
0.0259131
0.0263099
0.0266922
0.0270598
0.0274124
0.0277497
0.0280712
0.0283762
0.0286643
0.0289346
0.0291867
0.0294198
0.0296337
0.0298278
0.030002
0.0301563
0.030291
0.0304066
0.0305038
0.0305833
0.0306464
0.0306942
0.0307281
0.0307495
0.0307603
0.0307612
0.0242687
0.0239334
0.0234838
0.022929
0.0222889
0.0215829
0.0208248
0.0200231
0.0191822
0.018306
0.0174001
0.0164756
0.015551
0.0146534
0.0138173
0.0130808
0.0124791
0.0120388
0.0117733
0.0116814
0.0117503
0.0119589
0.0122827
0.0126972
0.0131799
0.0137118
0.0142774
0.0148642
0.0154626
0.0160653
0.0166668
0.017263
0.0178509
0.0184282
0.0189934
0.0195455
0.0200837
0.0206077
0.0211172
0.021612
0.0220923
0.0225581
0.0230095
0.0234469
0.0238702
0.0242798
0.0246757
0.0250582
0.0254273
0.0257832
0.026126
0.0264555
0.0267717
0.0270742
0.0273627
0.0276367
0.0278957
0.028139
0.0283661
0.0285764
0.0287693
0.0289445
0.0291016
0.0292406
0.0293615
0.0294648
0.029551
0.0296208
0.0296752
0.0297153
0.0297423
0.0297575
0.0297624
0.0297586
0.0297467
0.0242106
0.0237436
0.0231062
0.0223356
0.021471
0.0205404
0.0195605
0.0185407
0.0174889
0.0164166
0.0153436
0.0143003
0.013328
0.0124731
0.0117796
0.0112795
0.0109865
0.0108954
0.0109853
0.0112269
0.0115882
0.0120389
0.0125533
0.0131104
0.0136938
0.0142911
0.0148932
0.0154935
0.016087
0.0166705
0.0172416
0.0177988
0.018341
0.0188678
0.0193788
0.019874
0.0203536
0.0208176
0.0212666
0.0217007
0.0221203
0.0225258
0.0229176
0.023296
0.0236614
0.0240141
0.0243542
0.0246822
0.0249982
0.0253024
0.0255949
0.0258756
0.0261444
0.026401
0.0266451
0.0268763
0.027094
0.0272976
0.0274865
0.0276604
0.0278185
0.0279607
0.0280867
0.0281965
0.0282904
0.0283686
0.0284318
0.0284807
0.0285164
0.0285399
0.0285523
0.028555
0.0285493
0.0285366
0.0285173
0.0241052
0.0234313
0.0225319
0.0214868
0.0203546
0.0191688
0.0179474
0.0167039
0.0154569
0.014237
0.0130889
0.0120682
0.0112307
0.010619
0.0102521
0.0101227
0.0102026
0.010453
0.0108326
0.0113046
0.0118384
0.0124105
0.0130033
0.0136042
0.0142042
0.0147971
0.0153786
0.0159461
0.0164977
0.0170325
0.01755
0.0180501
0.0185328
0.0189985
0.0194477
0.0198807
0.0202981
0.0207004
0.0210882
0.0214621
0.0218224
0.0221698
0.0225046
0.0228273
0.0231383
0.0234378
0.0237264
0.0240042
0.0242716
0.0245287
0.0247755
0.0250121
0.0252382
0.0254538
0.0256583
0.0258514
0.0260326
0.0262014
0.0263572
0.0264995
0.026628
0.0267423
0.0268424
0.0269283
0.0270003
0.0270587
0.0271042
0.0271375
0.0271595
0.0271713
0.027174
0.0271688
0.0271567
0.0271393
0.0271165
0.0239247
0.0229474
0.0217086
0.020339
0.0189108
0.0174579
0.0160015
0.0145679
0.0131992
0.0119556
0.0109061
0.0101111
0.00960357
0.0093806
0.0094088
0.00963812
0.0100157
0.0104949
0.0110383
0.0116184
0.0122156
0.0128162
0.0134111
0.0139944
0.0145623
0.0151126
0.015644
0.0161559
0.0166484
0.0171218
0.0175765
0.0180131
0.0184323
0.0188348
0.0192214
0.0195928
0.0199496
0.0202925
0.0206223
0.0209394
0.0212444
0.0215379
0.0218202
0.022092
0.0223534
0.022605
0.022847
0.0230798
0.0233037
0.0235186
0.0237248
0.0239222
0.0241107
0.0242899
0.0244596
0.0246195
0.0247689
0.0249075
0.0250347
0.0251502
0.0252536
0.0253448
0.0254235
0.0254901
0.0255446
0.0255876
0.0256196
0.0256414
0.0256538
0.0256577
0.0256543
0.0256445
0.0256293
0.02561
0.0255865
0.0236319
0.0222386
0.020592
0.0188676
0.0171386
0.0154372
0.0137959
0.0122677
0.0109275
0.0098566
0.00911452
0.00871637
0.00863081
0.00879691
0.00914588
0.00961631
0.0101603
0.0107434
0.0113421
0.0119411
0.0125304
0.0131041
0.0136586
0.0141921
0.0147038
0.0151937
0.015662
0.0161096
0.0165373
0.0169458
0.0173363
0.0177096
0.0180666
0.0184083
0.0187354
0.0190489
0.0193493
0.0196374
0.0199139
0.0201793
0.0204343
0.0206792
0.0209145
0.0211406
0.021358
0.0215669
0.0217678
0.0219609
0.0221464
0.0223244
0.022495
0.0226581
0.0228136
0.0229613
0.0231008
0.0232318
0.0233539
0.0234667
0.0235697
0.0236626
0.0237451
0.0238171
0.0238785
0.0239295
0.0239704
0.0240015
0.0240235
0.0240371
0.0240429
0.0240419
0.024035
0.024023
0.0240069
0.0239878
0.0239652
0.0231803
0.021255
0.0191554
0.0170758
0.0150755
0.0131895
0.0114763
0.0100234
0.00892264
0.00822801
0.00793002
0.00796429
0.00824265
0.0086813
0.00921438
0.00979562
0.0103946
0.0109924
0.0115774
0.0121431
0.012686
0.0132045
0.0136983
0.0141677
0.0146136
0.0150371
0.0154393
0.0158215
0.0161848
0.0165304
0.0168595
0.0171731
0.0174722
0.0177577
0.0180304
0.0182912
0.0185407
0.0187795
0.0190084
0.0192279
0.0194384
0.0196404
0.0198342
0.0200203
0.0201991
0.0203709
0.0205359
0.0206944
0.0208466
0.0209925
0.0211322
0.0212657
0.0213929
0.0215134
0.021627
0.0217335
0.0218323
0.0219232
0.0220058
0.0220799
0.0221451
0.0222015
0.022249
0.0222877
0.022318
0.0223403
0.022355
0.0223628
0.0223644
0.0223605
0.022352
0.0223396
0.022324
0.0223063
0.0222858
0.0225166
0.019959
0.0173989
0.0150028
0.0128069
0.0108615
0.00925981
0.00810193
0.00743379
0.00721587
0.00734688
0.00771161
0.00821381
0.00878559
0.00938359
0.0099818
0.0105653
0.0111262
0.0116606
0.012167
0.0126456
0.0130971
0.0135229
0.0139244
0.0143032
0.014661
0.014999
0.0153189
0.0156219
0.0159092
0.016182
0.0164413
0.0166881
0.0169231
0.0171473
0.0173613
0.0175658
0.0177613
0.0179485
0.0181277
0.0182995
0.0184641
0.018622
0.0187736
0.018919
0.0190587
0.0191928
0.0193216
0.0194452
0.0195636
0.019677
0.0197851
0.019888
0.0199854
0.0200771
0.0201627
0.020242
0.0203146
0.0203803
0.0204388
0.0204899
0.0205337
0.0205701
0.0205992
0.0206215
0.0206371
0.0206467
0.0206507
0.0206498
0.0206445
0.0206357
0.0206239
0.0206098
0.0205941
0.0205763
0.021586
0.0183353
0.0153564
0.0127304
0.0104721
0.00865899
0.00739448
0.00671592
0.0065496
0.00675241
0.00718033
0.00772518
0.00831785
0.00891816
0.00950422
0.0100649
0.0105953
0.0110939
0.0115609
0.0119978
0.0124064
0.0127886
0.0131465
0.013482
0.013797
0.0140931
0.0143719
0.0146348
0.0148832
0.0151181
0.0153407
0.0155518
0.0157524
0.0159432
0.0161249
0.0162981
0.0164635
0.0166215
0.0167726
0.0169172
0.0170557
0.0171883
0.0173154
0.0174374
0.0175545
0.0176668
0.0177746
0.0178782
0.0179774
0.0180726
0.0181636
0.0182503
0.0183327
0.0184107
0.0184839
0.0185521
0.018615
0.0186725
0.0187242
0.0187699
0.0188096
0.0188433
0.0188709
0.0188927
0.0189088
0.0189197
0.0189257
0.0189273
0.018925
0.0189194
0.018911
0.0189005
0.0188883
0.0188751
0.0188602
0.02034
0.0163994
0.0130999
0.0103851
0.00826007
0.00681057
0.00606552
0.005914
0.00616319
0.00663475
0.00720653
0.00780755
0.00840042
0.00896701
0.00949957
0.00999581
0.0104562
0.0108827
0.0112777
0.0116437
0.0119834
0.0122992
0.0125933
0.0128678
0.0131244
0.0133649
0.0135907
0.013803
0.0140031
0.0141921
0.0143708
0.01454
0.0147006
0.0148532
0.0149984
0.0151367
0.0152686
0.0153946
0.0155149
0.0156301
0.0157403
0.0158458
0.0159469
0.0160439
0.016137
0.0162263
0.016312
0.0163943
0.0164731
0.0165487
0.0166209
0.0166897
0.016755
0.0168167
0.0168745
0.0169283
0.0169777
0.0170227
0.017063
0.0170984
0.0171289
0.0171546
0.0171754
0.0171914
0.017203
0.0172105
0.017214
0.0172142
0.0172114
0.017206
0.0171986
0.0171896
0.0171795
0.0171688
0.0171567
0.0187468
0.0142036
0.0107404
0.00813539
0.00638082
0.00548578
0.00530019
0.00556891
0.00606785
0.0066553
0.00725637
0.00783565
0.00837832
0.00887971
0.00933996
0.00976142
0.0101473
0.0105009
0.0108256
0.0111245
0.0114002
0.0116552
0.0118917
0.0121116
0.0123165
0.0125081
0.0126875
0.0128559
0.0130143
0.0131637
0.0133048
0.0134382
0.0135648
0.0136849
0.0137991
0.0139078
0.0140115
0.0141105
0.014205
0.0142954
0.0143819
0.0144647
0.0145441
0.0146202
0.0146933
0.0147633
0.0148306
0.0148952
0.0149571
0.0150163
0.015073
0.0151269
0.0151781
0.0152263
0.0152714
0.0153132
0.0153516
0.0153864
0.0154174
0.0154446
0.0154678
0.0154871
0.0155026
0.0155143
0.0155225
0.0155275
0.0155295
0.0155289
0.015526
0.0155212
0.015515
0.0155076
0.0154995
0.0154911
0.0154816
0.0168034
0.0118383
0.00842427
0.00617248
0.00499947
0.0047092
0.00496549
0.00547744
0.00607288
0.00666903
0.00723126
0.00774764
0.00821641
0.00864003
0.00902258
0.00936849
0.009682
0.009967
0.0102269
0.0104648
0.0106832
0.0108844
0.0110704
0.0112428
0.0114031
0.0115526
0.0116923
0.0118233
0.0119463
0.0120622
0.0121715
0.0122749
0.0123728
0.0124657
0.0125541
0.0126381
0.0127183
0.0127948
0.0128679
0.0129378
0.0130046
0.0130686
0.01313
0.0131889
0.0132454
0.0132996
0.0133517
0.0134017
0.0134496
0.0134955
0.0135393
0.013581
0.0136205
0.0136577
0.0136925
0.0137246
0.0137541
0.0137806
0.0138042
0.0138247
0.0138421
0.0138565
0.0138678
0.0138763
0.013882
0.0138852
0.0138862
0.0138852
0.0138825
0.0138784
0.0138734
0.0138675
0.0138613
0.0138549
0.0138477
0.014546
0.00942907
0.00632284
0.0046639
0.0041562
0.00435459
0.00486448
0.00546279
0.00605172
0.00659547
0.00708469
0.00752045
0.00790758
0.00825186
0.00855892
0.00883382
0.00908099
0.0093042
0.00950664
0.00969104
0.00985969
0.0100145
0.0101572
0.0102892
0.0104117
0.0105257
0.0106321
0.0107317
0.0108253
0.0109132
0.0109962
0.0110747
0.011149
0.0112194
0.0112864
0.0113502
0.011411
0.0114691
0.0115246
0.0115776
0.0116284
0.0116771
0.0117237
0.0117685
0.0118115
0.0118528
0.0118925
0.0119306
0.0119671
0.0120021
0.0120355
0.0120673
0.0120973
0.0121256
0.012152
0.0121763
0.0121985
0.0122185
0.0122362
0.0122514
0.0122643
0.0122748
0.012283
0.0122889
0.0122928
0.0122948
0.0122951
0.012294
0.0122916
0.0122883
0.0122843
0.0122798
0.0122751
0.0122704
0.012265
0.0120585
0.00712909
0.00460496
0.00368212
0.00374525
0.0042321
0.00482949
0.00541102
0.00593653
0.00639878
0.00680186
0.00715309
0.00746005
0.00772958
0.00796756
0.00817887
0.00836758
0.00853703
0.00869001
0.00882879
0.00895531
0.00907115
0.00917765
0.00927596
0.00936704
0.00945172
0.00953069
0.00960457
0.00967387
0.00973907
0.00980055
0.00985866
0.0099137
0.00996594
0.0100156
0.0100629
0.0101081
0.0101512
0.0101924
0.0102319
0.0102697
0.0103059
0.0103407
0.0103742
0.0104063
0.0104371
0.0104668
0.0104953
0.0105227
0.0105489
0.0105739
0.0105977
0.0106202
0.0106413
0.010661
0.0106791
0.0106956
0.0107104
0.0107234
0.0107345
0.0107438
0.0107514
0.0107571
0.0107612
0.0107638
0.0107649
0.0107648
0.0107637
0.0107617
0.010759
0.0107559
0.0107525
0.0107491
0.0107457
0.0107418
0.00947284
0.00510404
0.00338476
0.00316083
0.00358575
0.0041775
0.00475325
0.00526217
0.00569849
0.00606964
0.00638579
0.00665649
0.0068899
0.00709265
0.00727012
0.00742658
0.00756548
0.0076896
0.00780119
0.00790209
0.00799381
0.0080776
0.00815449
0.00822537
0.00829096
0.00835189
0.00840869
0.00846181
0.00851164
0.00855853
0.00860276
0.00864458
0.00868423
0.00872189
0.00875773
0.00879191
0.00882455
0.00885577
0.00888564
0.00891426
0.00894172
0.00896808
0.00899342
0.00901778
0.00904123
0.0090638
0.00908552
0.00910641
0.00912648
0.00914571
0.00916408
0.00918155
0.00919807
0.00921357
0.00922797
0.00924121
0.00925321
0.00926391
0.00927327
0.00928126
0.00928787
0.00929313
0.00929708
0.0092998
0.00930138
0.00930194
0.00930162
0.00930055
0.00929889
0.0092968
0.00929443
0.00929192
0.00928941
0.00928706
0.00928431
0.00696228
0.00350386
0.0026611
0.00293606
0.00351106
0.004084
0.0045794
0.0049915
0.00533172
0.00561362
0.00584911
0.00604773
0.00621695
0.00636255
0.006489
0.00659976
0.00669757
0.00678459
0.00686254
0.00693283
0.00699656
0.00705469
0.00710796
0.00715701
0.00720239
0.00724452
0.00728381
0.00732056
0.00735506
0.00738754
0.00741822
0.00744726
0.00747482
0.00750105
0.00752605
0.00754992
0.00757277
0.00759466
0.00761563
0.00763577
0.00765512
0.00767374
0.00769166
0.00770894
0.0077256
0.00774166
0.00775716
0.00777208
0.00778644
0.00780022
0.0078134
0.00782593
0.00783777
0.00784888
0.00785919
0.00786865
0.00787719
0.00788479
0.00789139
0.00789698
0.00790156
0.00790515
0.00790778
0.00790952
0.00791044
0.00791063
0.0079102
0.00790925
0.00790791
0.00790629
0.0079045
0.00790266
0.00790087
0.00789925
0.00789731
0.00472193
0.00241259
0.00231024
0.0028345
0.00340776
0.00389434
0.00428463
0.00459496
0.00484331
0.00504442
0.00520949
0.00534679
0.00546248
0.00556112
0.00564615
0.00572019
0.00578525
0.0058429
0.00589438
0.00594068
0.00598259
0.00602076
0.00605572
0.0060879
0.00611767
0.00614534
0.00617115
0.00619533
0.00621806
0.0062395
0.00625978
0.00627903
0.00629734
0.0063148
0.00633149
0.00634748
0.00636281
0.00637754
0.00639169
0.00640531
0.00641844
0.00643111
0.00644334
0.00645517
0.00646661
0.00647767
0.00648837
0.0064987
0.00650867
0.00651825
0.00652743
0.00653617
0.00654444
0.00655219
0.00655939
0.00656597
0.00657192
0.00657717
0.00658173
0.00658555
0.00658866
0.00659105
0.00659277
0.00659385
0.00659436
0.00659435
0.00659391
0.00659313
0.00659208
0.00659085
0.00658954
0.00658822
0.00658696
0.00658586
0.00658451
0.00293379
0.00179532
0.00215579
0.0027275
0.00321222
0.00358393
0.00386531
0.00408045
0.00424775
0.00438029
0.00448722
0.00457495
0.00464805
0.0047098
0.00476265
0.00480838
0.00484838
0.00488368
0.00491512
0.00494334
0.00496885
0.00499207
0.00501335
0.00503294
0.00505109
0.00506799
0.00508379
0.00509863
0.00511261
0.00512585
0.00513842
0.00515039
0.00516182
0.00517276
0.00518327
0.00519337
0.00520311
0.00521249
0.00522154
0.00523029
0.00523876
0.00524697
0.00525494
0.00526267
0.00527018
0.00527748
0.00528457
0.00529144
0.0052981
0.00530452
0.00531068
0.00531657
0.00532215
0.0053274
0.00533227
0.00533673
0.00534075
0.00534431
0.00534738
0.00534995
0.00535203
0.00535362
0.00535474
0.00535542
0.00535571
0.00535565
0.0053553
0.00535471
0.00535395
0.00535309
0.00535217
0.00535126
0.00535041
0.00534968
0.00534877
0.00170896
0.00150482
0.0020444
0.00253723
0.00289507
0.00314817
0.00332982
0.00346341
0.00356428
0.00364235
0.00370417
0.00375413
0.00379524
0.00382961
0.00385877
0.00388384
0.00390565
0.00392483
0.00394186
0.00395713
0.00397093
0.0039835
0.00399503
0.00400568
0.00401558
0.00402484
0.00403353
0.00404173
0.00404951
0.00405692
0.00406399
0.00407078
0.0040773
0.00408359
0.00408967
0.00409556
0.00410127
0.00410681
0.00411218
0.00411742
0.00412252
0.00412749
0.00413235
0.00413711
0.00414175
0.0041463
0.00415074
0.00415507
0.00415929
0.00416338
0.00416734
0.00417113
0.00417474
0.00417815
0.00418133
0.00418425
0.0041869
0.00418925
0.00419129
0.004193
0.0041944
0.00419547
0.00419624
0.00419672
0.00419695
0.00419695
0.00419675
0.0041964
0.00419594
0.00419541
0.00419484
0.00419429
0.00419377
0.00419334
0.00419276
0.00102197
0.00136042
0.00187193
0.00222402
0.00244908
0.00259591
0.00269532
0.00276524
0.00281618
0.00285447
0.00288405
0.00290745
0.00292637
0.00294196
0.00295502
0.00296614
0.00297574
0.00298414
0.00299158
0.00299825
0.00300429
0.00300981
0.00301491
0.00301965
0.00302409
0.00302829
0.00303227
0.00303608
0.00303973
0.00304325
0.00304666
0.00304997
0.0030532
0.00305635
0.00305944
0.00306247
0.00306544
0.00306835
0.00307121
0.00307403
0.0030768
0.00307954
0.00308225
0.00308492
0.00308756
0.00309016
0.00309274
0.00309527
0.00309776
0.00310019
0.00310257
0.00310486
0.00310707
0.00310917
0.00311115
0.00311299
0.00311467
0.00311618
0.00311752
0.00311867
0.00311962
0.00312039
0.00312098
0.00312139
0.00312165
0.00312176
0.00312176
0.00312166
0.00312149
0.00312127
0.00312103
0.00312078
0.00312055
0.00312036
0.00312007
0.00071366
0.00121543
0.00157851
0.00177563
0.00188461
0.00194865
0.00198855
0.00201472
0.00203262
0.00204532
0.00205461
0.0020616
0.002067
0.00207126
0.00207471
0.00207756
0.00207997
0.00208205
0.00208389
0.00208554
0.00208706
0.00208847
0.00208981
0.0020911
0.00209235
0.00209357
0.00209478
0.00209598
0.00209717
0.00209837
0.00209958
0.00210079
0.00210201
0.00210324
0.00210448
0.00210573
0.00210699
0.00210826
0.00210952
0.0021108
0.00211208
0.00211338
0.00211468
0.00211599
0.00211731
0.00211863
0.00211995
0.00212127
0.00212259
0.00212389
0.00212518
0.00212645
0.00212769
0.00212888
0.00213003
0.00213111
0.00213213
0.00213306
0.00213392
0.00213468
0.00213535
0.00213592
0.00213641
0.0021368
0.00213711
0.00213735
0.00213752
0.00213764
0.00213771
0.00213775
0.00213777
0.00213778
0.00213778
0.0021378
0.00213774
0.000607514
0.000974735
0.00114433
0.00120912
0.00123574
0.00124751
0.00125278
0.00125492
0.00125547
0.00125521
0.00125452
0.00125362
0.00125265
0.00125168
0.00125073
0.00124985
0.00124904
0.0012483
0.00124765
0.00124708
0.00124659
0.00124617
0.00124583
0.00124555
0.00124534
0.0012452
0.00124511
0.00124508
0.0012451
0.00124517
0.00124529
0.00124545
0.00124565
0.00124589
0.00124617
0.00124648
0.00124682
0.00124718
0.00124757
0.00124799
0.00124843
0.00124889
0.00124937
0.00124988
0.0012504
0.00125094
0.00125149
0.00125206
0.00125264
0.00125322
0.00125382
0.00125441
0.00125501
0.00125559
0.00125617
0.00125674
0.00125729
0.00125781
0.00125831
0.00125878
0.00125923
0.00125964
0.00126001
0.00126036
0.00126067
0.00126096
0.00126121
0.00126144
0.00126165
0.00126184
0.00126201
0.00126217
0.00126232
0.00126247
0.00126257
0.000506411
0.000492149
0.000480643
0.000472531
0.000466284
0.000461356
0.00045739
0.000454134
0.000451416
0.000449115
0.000447145
0.000445444
0.000443964
0.00044267
0.000441533
0.00044053
0.000439645
0.000438861
0.000438167
0.000437552
0.000437007
0.000436526
0.000436101
0.000435728
0.000435401
0.000435117
0.000434871
0.000434661
0.000434483
0.000434335
0.000434215
0.00043412
0.000434049
0.000434
0.000433971
0.000433961
0.000433968
0.000433992
0.000434031
0.000434085
0.000434152
0.000434231
0.000434322
0.000434423
0.000434535
0.000434657
0.000434787
0.000434925
0.00043507
0.000435222
0.00043538
0.000435544
0.000435711
0.000435883
0.000436057
0.000436234
0.000436411
0.000436589
0.000436767
0.000436943
0.000437117
0.000437289
0.000437457
0.000437622
0.000437782
0.000437938
0.00043809
0.000438236
0.000438377
0.000438513
0.000438643
0.000438768
0.000438888
0.000439001
0.000439107
)
;

boundaryField
{
    lowerWall
    {
        type            nutkWallFunction;
        Cmu             0.09;
        kappa           0.41;
        E               9.8;
        value           nonuniform List<scalar> 
75
(
6.12961e-05
5.95672e-05
5.81686e-05
5.71801e-05
5.64177e-05
5.58154e-05
5.53301e-05
5.49314e-05
5.45982e-05
5.4316e-05
5.40742e-05
5.38653e-05
5.36836e-05
5.35245e-05
5.33848e-05
5.32616e-05
5.31527e-05
5.30563e-05
5.29708e-05
5.28952e-05
5.28282e-05
5.27689e-05
5.27166e-05
5.26707e-05
5.26304e-05
5.25954e-05
5.25652e-05
5.25392e-05
5.25173e-05
5.24991e-05
5.24843e-05
5.24726e-05
5.24639e-05
5.24578e-05
5.24542e-05
5.2453e-05
5.2454e-05
5.24569e-05
5.24617e-05
5.24683e-05
5.24765e-05
5.24863e-05
5.24975e-05
5.251e-05
5.25238e-05
5.25387e-05
5.25547e-05
5.25717e-05
5.25896e-05
5.26083e-05
5.26277e-05
5.26478e-05
5.26685e-05
5.26896e-05
5.27111e-05
5.27329e-05
5.27548e-05
5.27769e-05
5.2799e-05
5.2821e-05
5.28428e-05
5.28644e-05
5.28857e-05
5.29066e-05
5.2927e-05
5.2947e-05
5.29665e-05
5.29854e-05
5.30038e-05
5.30215e-05
5.30385e-05
5.30549e-05
5.30706e-05
5.30855e-05
5.30994e-05
)
;
    }
    upperWall
    {
        type            nutkWallFunction;
        Cmu             0.09;
        kappa           0.41;
        E               9.8;
        value           nonuniform List<scalar> 
75
(
6.13382e-05
5.96092e-05
5.821e-05
5.72211e-05
5.64583e-05
5.58556e-05
5.537e-05
5.49711e-05
5.46377e-05
5.43553e-05
5.41134e-05
5.39044e-05
5.37225e-05
5.35634e-05
5.34236e-05
5.33003e-05
5.31913e-05
5.30948e-05
5.30094e-05
5.29336e-05
5.28666e-05
5.28073e-05
5.2755e-05
5.2709e-05
5.26688e-05
5.26337e-05
5.26034e-05
5.25775e-05
5.25556e-05
5.25373e-05
5.25225e-05
5.25108e-05
5.25021e-05
5.2496e-05
5.24924e-05
5.24912e-05
5.24922e-05
5.24951e-05
5.24999e-05
5.25065e-05
5.25147e-05
5.25245e-05
5.25357e-05
5.25482e-05
5.2562e-05
5.25769e-05
5.25929e-05
5.26099e-05
5.26278e-05
5.26466e-05
5.2666e-05
5.26861e-05
5.27068e-05
5.27279e-05
5.27494e-05
5.27712e-05
5.27931e-05
5.28151e-05
5.28372e-05
5.28591e-05
5.28808e-05
5.29023e-05
5.29235e-05
5.29443e-05
5.29646e-05
5.29845e-05
5.30038e-05
5.30225e-05
5.30407e-05
5.30582e-05
5.3075e-05
5.30912e-05
5.31067e-05
5.31215e-05
5.31352e-05
)
;
    }
    inlet
    {
        type            calculated;
        value           uniform 0.0245118;
    }
    outlet
    {
        type            calculated;
        value           nonuniform List<scalar> 
60
(
0.000438816
0.00126182
0.00213655
0.00311837
0.00419052
0.00534595
0.00658107
0.0078932
0.00927947
0.0107362
0.0122587
0.0138406
0.015474
0.0171486
0.0188519
0.0205683
0.0222786
0.0239594
0.0255828
0.0271159
0.0285206
0.0297548
0.0307749
0.0315419
0.0320337
0.0322675
0.0323355
0.0324332
0.032782
0.033273
0.0332607
0.032752
0.0323964
0.0322992
0.0322354
0.0320074
0.031522
0.0307612
0.0297467
0.0285173
0.0271165
0.0255865
0.0239652
0.0222858
0.0205763
0.0188602
0.0171567
0.0154816
0.0138477
0.012265
0.0107418
0.00928431
0.00789731
0.00658451
0.00534877
0.00419276
0.00312007
0.00213774
0.00126257
0.000439107
)
;
    }
    frontAndBack
    {
        type            empty;
    }
}


// ************************************************************************* //
