/*--------------------------------*- C++ -*----------------------------------*\
  =========                 |
  \\      /  F ield         | OpenFOAM: The Open Source CFD Toolbox
   \\    /   O peration     | Website:  https://openfoam.org
    \\  /    A nd           | Version:  7
     \\/     M anipulation  |
\*---------------------------------------------------------------------------*/
FoamFile
{
    version     2.0;
    format      ascii;
    class       volScalarField;
    location    "800";
    object      epsilon;
}
// * * * * * * * * * * * * * * * * * * * * * * * * * * * * * * * * * * * * * //

dimensions      [0 2 -3 0 0 0 0];

internalField   nonuniform List<scalar> 
4500
(
789.607
724.717
675.056
641.444
616.337
596.999
581.733
569.399
559.236
550.727
543.512
537.331
531.994
527.355
523.302
519.746
516.618
513.86
511.426
509.275
507.376
505.702
504.228
502.934
501.803
500.821
499.973
499.247
498.635
498.126
497.712
497.386
497.141
496.972
496.873
496.839
496.865
496.947
497.082
497.265
497.495
497.767
498.079
498.428
498.812
499.229
499.675
500.148
500.647
501.168
501.711
502.272
502.849
503.44
504.043
504.656
505.277
505.903
506.532
507.161
507.785
508.4
509
509.578
510.127
510.639
511.107
511.526
511.894
512.213
512.489
512.738
512.978
513.235
513.528
180.467
258.6
265.807
255.427
244.809
236.24
229.47
224.046
219.618
215.941
212.845
210.208
207.941
205.978
204.268
202.77
201.455
200.297
199.274
198.371
197.573
196.869
196.248
195.702
195.223
194.804
194.442
194.129
193.863
193.64
193.455
193.306
193.19
193.105
193.048
193.018
193.012
193.028
193.065
193.123
193.199
193.292
193.402
193.527
193.665
193.817
193.981
194.157
194.342
194.537
194.74
194.951
195.169
195.393
195.622
195.855
196.091
196.329
196.569
196.809
197.048
197.283
197.513
197.737
197.95
198.152
198.341
198.515
198.674
198.819
198.953
199.081
199.208
199.342
199.487
52.4732
112.464
134.457
135.922
132.522
128.669
125.265
122.401
120.007
117.993
116.284
114.823
113.562
112.469
111.515
110.679
109.944
109.296
108.724
108.219
107.772
107.376
107.028
106.72
106.451
106.215
106.01
105.833
105.682
105.554
105.448
105.361
105.293
105.242
105.207
105.187
105.18
105.185
105.202
105.229
105.268
105.315
105.372
105.438
105.51
105.591
105.678
105.771
105.869
105.973
106.082
106.194
106.311
106.43
106.553
106.677
106.804
106.932
107.061
107.191
107.32
107.448
107.573
107.696
107.813
107.924
108.026
108.119
108.202
108.274
108.337
108.391
108.439
108.487
108.539
18.9423
52.8112
76.111
83.4465
84.1244
82.8547
81.1903
79.5846
78.1513
76.9017
75.8187
74.8793
74.0618
73.3479
72.7222
72.1719
71.6868
71.2581
70.8788
70.5429
70.2455
69.9822
69.7494
69.544
69.3633
69.205
69.067
68.9476
68.8451
68.7581
68.6854
68.6259
68.5785
68.5424
68.5167
68.5007
68.4936
68.4945
68.503
68.5188
68.5415
68.5705
68.6054
68.6458
68.6914
68.7417
68.7965
68.8552
68.9177
68.9835
69.0524
69.1241
69.1981
69.2742
69.3522
69.4317
69.5125
69.5943
69.6768
69.7597
69.8426
69.9246
70.0052
70.0833
70.1576
70.227
70.2899
70.3452
70.392
70.4299
70.4593
70.4815
70.4991
70.5158
70.5359
8.1872
25.0217
43.8942
53.7537
57.1337
57.7145
57.2786
56.5262
55.7185
54.9491
54.2478
53.6201
53.0624
52.5681
52.1302
51.742
51.3976
51.0917
50.82
50.5786
50.3641
50.1737
50.005
49.8557
49.7242
49.6086
49.5076
49.4199
49.3443
49.28
49.226
49.1814
49.1457
49.118
49.0979
49.0847
49.0781
49.0773
49.0818
49.0916
49.1064
49.1257
49.1493
49.1769
49.2081
49.2429
49.2807
49.3215
49.365
49.4108
49.4588
49.5088
49.5605
49.6136
49.6681
49.7237
49.7802
49.8374
49.8951
49.9531
50.0108
50.0678
50.1234
50.1766
50.2265
50.2719
50.3117
50.3449
50.3709
50.3897
50.402
50.4092
50.4139
50.4199
50.4319
4.2188
11.9892
24.7098
34.5695
39.5749
41.5705
42.1325
42.0729
41.7614
41.3618
40.9462
40.5459
40.1736
39.8334
39.5253
39.2478
38.9985
38.7751
38.575
38.3962
38.2364
38.094
37.9673
37.8548
37.7554
37.6677
37.5909
37.524
37.4662
37.4168
37.3752
37.3407
37.3128
37.2911
37.275
37.2642
37.2584
37.257
37.2597
37.2663
37.2766
37.2903
37.3074
37.3274
37.3503
37.3757
37.4036
37.4336
37.4656
37.4995
37.5349
37.5719
37.61
37.6493
37.6896
37.7306
37.7724
37.8146
37.8571
37.8996
37.9417
37.9829
38.0226
38.06
38.0941
38.124
38.1489
38.1681
38.1813
38.189
38.192
38.1922
38.1924
38.1964
38.2086
2.53586
6.06763
13.4269
21.5411
27.1065
30.0891
31.4755
32.0206
32.1462
32.069
31.8979
31.6884
31.4685
31.2526
31.0476
30.8568
30.6813
30.521
30.3754
30.2438
30.1251
30.0186
29.9231
29.838
29.7624
29.6955
29.6366
29.5852
29.5407
29.5025
29.4703
29.4435
29.4217
29.4047
29.3921
29.3836
29.3789
29.3777
29.3797
29.3846
29.3924
29.4029
29.4159
29.4313
29.4488
29.4684
29.4898
29.5129
29.5375
29.5636
29.5908
29.6192
29.6485
29.6787
29.7096
29.741
29.773
29.8052
29.8375
29.8696
29.9011
29.9316
29.9605
29.987
30.0103
30.0298
30.0447
30.0548
30.0601
30.0613
30.0595
30.0569
30.0563
30.0612
30.0761
1.72014
3.39495
7.19137
12.8165
17.9493
21.4137
23.4192
24.4852
25.0083
25.2292
25.2842
25.2494
25.1674
25.0624
24.9482
24.8326
24.7203
24.6137
24.514
24.4218
24.3374
24.2604
24.1908
24.1281
24.072
24.0221
23.9779
23.9393
23.9057
23.8769
23.8525
23.8323
23.8159
23.8032
23.7938
23.7877
23.7844
23.7839
23.786
23.7902
23.7967
23.8053
23.8159
23.8282
23.8423
23.858
23.8751
23.8936
23.9132
23.934
23.9556
23.9781
24.0014
24.0252
24.0495
24.0743
24.0993
24.1244
24.1495
24.1742
24.1983
24.2211
24.2423
24.2611
24.2769
24.2892
24.2975
24.3017
24.3021
24.2996
24.2955
24.292
24.2919
24.2985
24.3159
1.27853
2.13151
3.97937
7.32524
11.3239
14.7132
17.0625
18.5327
19.4051
19.9031
20.1732
20.3058
20.3557
20.3562
20.3275
20.2824
20.2286
20.1713
20.1134
20.057
20.0032
19.9528
19.9061
19.8633
19.8246
19.7897
19.7587
19.7314
19.7076
19.6872
19.67
19.6558
19.6445
19.6359
19.6298
19.6261
19.6247
19.6254
19.6281
19.6324
19.6384
19.6461
19.6552
19.6658
19.6777
19.6909
19.7051
19.7204
19.7366
19.7536
19.7713
19.7896
19.8085
19.8278
19.8474
19.8673
19.8873
19.9073
19.9271
19.9464
19.9649
19.9822
19.9977
20.011
20.0216
20.0289
20.0327
20.0332
20.0307
20.0261
20.021
20.0175
20.018
20.0258
20.0444
1.01869
1.48311
2.38188
4.15478
6.80161
9.62717
11.9836
13.6873
14.8322
15.5744
16.0458
16.3399
16.5189
16.623
16.6785
16.7023
16.7057
16.6961
16.6786
16.6564
16.632
16.6068
16.5819
16.558
16.5356
16.5151
16.4964
16.4799
16.4654
16.4531
16.4428
16.4345
16.4282
16.4238
16.4212
16.4203
16.421
16.4233
16.427
16.4321
16.4383
16.4457
16.4543
16.4639
16.4745
16.486
16.4984
16.5115
16.5253
16.5397
16.5547
16.57
16.5858
16.6018
16.6179
16.6342
16.6505
16.6666
16.6825
16.6977
16.7121
16.7252
16.7367
16.746
16.7528
16.7567
16.7576
16.7557
16.7514
16.7458
16.7403
16.7369
16.7378
16.746
16.7645
0.856486
1.12027
1.57153
2.45563
3.97547
5.97825
8.01089
9.72611
11.0249
11.954
12.6007
13.0453
13.349
13.5554
13.6948
13.7877
13.8485
13.8869
13.9097
13.9219
13.9266
13.9265
13.9233
13.9181
13.912
13.9055
13.8991
13.8933
13.8881
13.8839
13.8806
13.8784
13.8773
13.8773
13.8784
13.8806
13.8838
13.8881
13.8934
13.8996
13.9066
13.9144
13.923
13.9323
13.9423
13.9529
13.9642
13.976
13.9882
14.0009
14.0139
14.0271
14.0406
14.0542
14.0678
14.0814
14.0949
14.1082
14.121
14.1332
14.1445
14.1545
14.163
14.1694
14.1735
14.1751
14.1741
14.1707
14.1654
14.1593
14.1536
14.1501
14.151
14.1588
14.176
0.751138
0.901882
1.1357
1.57101
2.36209
3.58036
5.07589
6.57156
7.86573
8.89151
9.66657
10.2385
10.6564
10.9608
11.1828
11.345
11.4638
11.551
11.6151
11.6622
11.6969
11.7225
11.7413
11.7553
11.7658
11.7738
11.7801
11.7852
11.7897
11.7938
11.7979
11.802
11.8064
11.8112
11.8164
11.8221
11.8283
11.835
11.8423
11.8501
11.8583
11.867
11.8761
11.8857
11.8957
11.9061
11.9168
11.9279
11.9392
11.9507
11.9624
11.9743
11.9861
11.998
12.0098
12.0215
12.0329
12.044
12.0546
12.0645
12.0734
12.0812
12.0874
12.0918
12.094
12.094
12.0917
12.0874
12.0816
12.0752
12.0693
12.0657
12.0661
12.0728
12.088
0.681084
0.763094
0.884561
1.10001
1.49244
2.15026
3.09086
4.2063
5.32813
6.32978
7.15924
7.81699
8.32691
8.71822
9.01769
9.24721
9.42379
9.56035
9.6666
9.74982
9.81548
9.86769
9.90958
9.94353
9.97136
9.99448
10.014
10.0307
10.0453
10.0584
10.0702
10.0812
10.0916
10.1016
10.1114
10.121
10.1306
10.1402
10.1499
10.1598
10.1698
10.1798
10.19
10.2003
10.2108
10.2214
10.2321
10.243
10.2539
10.2649
10.2759
10.2868
10.2977
10.3084
10.3189
10.3292
10.3391
10.3486
10.3576
10.3657
10.373
10.379
10.3836
10.3865
10.3875
10.3864
10.3833
10.3785
10.3724
10.3658
10.3598
10.3558
10.3554
10.3605
10.3732
0.63403
0.671598
0.730768
0.83575
1.02644
1.35691
1.87632
2.58645
3.41896
4.27087
5.05819
5.73808
6.30134
6.75721
7.12188
7.41233
7.64372
7.8286
7.97704
8.09693
8.19441
8.27426
8.34018
8.39508
8.44121
8.48035
8.5139
8.54298
8.56847
8.59108
8.61137
8.62981
8.64676
8.66253
8.67735
8.69142
8.70489
8.7179
8.73054
8.7429
8.75503
8.76694
8.77864
8.79017
8.80159
8.8129
8.82412
8.83524
8.84624
8.85711
8.86783
8.87835
8.88865
8.89869
8.90841
8.91777
8.92669
8.93509
8.94284
8.94981
8.95582
8.96066
8.96411
8.96596
8.96605
8.96429
8.96073
8.9556
8.94934
8.94265
8.93648
8.93202
8.93067
8.93402
8.94391
0.602484
0.610007
0.63217
0.67868
0.768007
0.927183
1.19007
1.58499
2.11209
2.73181
3.38151
4.0041
4.56404
5.04728
5.45396
5.79146
6.06965
6.29853
6.48706
6.64286
6.7722
6.88017
6.97088
7.04758
7.11291
7.16898
7.21746
7.25973
7.29688
7.32982
7.35927
7.38582
7.40997
7.43212
7.45259
7.47166
7.48956
7.50647
7.52254
7.53789
7.55264
7.56686
7.58054
7.59376
7.60658
7.61904
7.63117
7.64298
7.65449
7.66568
7.67656
7.68708
7.69725
7.70701
7.71634
7.72519
7.73351
7.74121
7.74819
7.75435
7.75951
7.76353
7.76621
7.76739
7.76693
7.76477
7.76096
7.75572
7.74943
7.74269
7.73633
7.73134
7.72894
7.73048
7.73758
0.581598
0.568258
0.567053
0.580682
0.61734
0.689625
0.815044
1.01459
1.30566
1.69024
2.14768
2.64103
3.13178
3.59126
4.00373
4.36394
4.67321
4.93622
5.15888
5.34716
5.50658
5.64194
5.75733
5.85616
5.94124
6.01492
6.07909
6.13533
6.18494
6.22897
6.26832
6.3037
6.33573
6.36492
6.39167
6.41634
6.43923
6.46059
6.48061
6.49947
6.51733
6.53429
6.55043
6.56579
6.58045
6.59449
6.60796
6.62089
6.6333
6.64522
6.65664
6.66756
6.67796
6.68783
6.69714
6.70585
6.71392
6.72128
6.72785
6.73354
6.73821
6.74174
6.74396
6.74475
6.744
6.74166
6.73779
6.73258
6.72634
6.71961
6.71306
6.70757
6.70414
6.70394
6.7084
0.568079
0.540126
0.523431
0.51743
0.525304
0.552668
0.607669
0.701329
0.846657
1.05501
1.32993
1.66241
2.03209
2.41414
2.7866
3.13432
3.44925
3.72875
3.97363
4.1866
4.37111
4.53081
4.66914
4.78922
4.89377
4.98516
5.06536
5.13607
5.19872
5.25449
5.30439
5.34928
5.38985
5.42671
5.46037
5.49125
5.51971
5.54608
5.57059
5.59349
5.61495
5.63513
5.65416
5.67213
5.68909
5.70514
5.72036
5.73481
5.74853
5.76156
5.77391
5.78558
5.79659
5.80691
5.81654
5.82545
5.8336
5.84095
5.84743
5.85296
5.85743
5.86075
5.86279
5.86343
5.86261
5.86028
5.8565
5.85142
5.84533
5.83866
5.83199
5.82606
5.8217
5.81992
5.82197
0.559602
0.521507
0.494215
0.475854
0.467123
0.470264
0.488837
0.527918
0.594281
0.695973
0.840597
1.03225
1.26844
1.53938
1.83035
2.12588
2.41303
2.68294
2.93066
3.15433
3.35412
3.53139
3.68811
3.82648
3.94865
4.05666
4.15237
4.23741
4.31321
4.38101
4.44188
4.49674
4.54637
4.59146
4.63258
4.67023
4.70483
4.73674
4.76628
4.79372
4.81928
4.84316
4.86553
4.88654
4.90624
4.92474
4.94213
4.95851
4.97393
4.98844
5.00208
5.01486
5.02681
5.03793
5.04821
5.05763
5.06618
5.07381
5.08049
5.08614
5.0907
5.09406
5.09614
5.09686
5.09615
5.094
5.09044
5.08561
5.07975
5.07323
5.06652
5.06024
5.0551
5.05196
5.05192
0.5545
0.509542
0.474918
0.448452
0.429644
0.419073
0.418104
0.428877
0.454437
0.498844
0.567017
0.66401
0.793577
0.956396
1.14891
1.36364
1.59092
1.82102
2.04586
2.25963
2.45884
2.64182
2.80825
2.95863
3.09399
3.21558
3.32473
3.42275
3.5109
3.59032
3.66202
3.72691
3.78582
3.83944
3.8884
3.93322
3.97439
4.01231
4.04734
4.07978
4.10991
4.13795
4.1641
4.18854
4.21141
4.23277
4.25275
4.27144
4.28894
4.30531
4.32059
4.33484
4.34807
4.36029
4.37153
4.38177
4.39101
4.39922
4.40636
4.4124
4.41728
4.42092
4.42327
4.42426
4.42384
4.42201
4.4188
4.41433
4.4088
4.40251
4.39587
4.38938
4.38365
4.37939
4.3776
0.551578
0.502159
0.462517
0.430613
0.405436
0.386738
0.374813
0.370408
0.374735
0.389544
0.417193
0.460615
0.52306
0.607482
0.715642
0.847209
0.999339
1.16703
1.34408
1.52425
1.70217
1.87373
2.03619
2.18798
2.32843
2.4575
2.57558
2.68332
2.78147
2.87084
2.95226
3.02649
3.09425
3.15622
3.21299
3.26511
3.31305
3.35724
3.39807
3.43586
3.4709
3.50347
3.53378
3.56204
3.58841
3.61303
3.63596
3.65735
3.67729
3.69586
3.71313
3.72916
3.74399
3.75764
3.77013
3.78148
3.79167
3.80072
3.80859
3.81526
3.82069
3.82483
3.82765
3.82909
3.82913
3.82776
3.82503
3.82103
3.81593
3.80999
3.80353
3.79699
3.79087
3.78577
3.78258
0.549997
0.497833
0.454862
0.419311
0.390008
0.366314
0.347991
0.335115
0.328033
0.327378
0.334101
0.349515
0.375307
0.413461
0.46604
0.534794
0.620652
0.723263
0.840805
0.970169
1.10746
1.24861
1.38992
1.52835
1.66166
1.78835
1.90755
2.01888
2.12232
2.21806
2.30649
2.38803
2.46319
2.53246
2.59634
2.65528
2.70972
2.76008
2.8067
2.84993
2.89006
2.92736
2.96207
2.99441
3.02456
3.05268
3.07889
3.10328
3.12597
3.14706
3.16663
3.18474
3.20145
3.2168
3.23082
3.24353
3.25494
3.26507
3.2739
3.28142
3.28762
3.29246
3.29593
3.298
3.29865
3.29789
3.29576
3.29235
3.2878
3.28233
3.27621
3.26979
3.2635
3.25785
3.25363
0.549196
0.49545
0.450382
0.412443
0.380459
0.353629
0.331457
0.313683
0.300245
0.291252
0.28699
0.287933
0.294771
0.308424
0.330031
0.360892
0.402324
0.455437
0.520857
0.598475
0.687317
0.785601
0.890966
1.00079
1.11252
1.22388
1.33303
1.43859
1.5396
1.63547
1.72589
1.81079
1.89022
1.96437
2.03347
2.09782
2.15771
2.21344
2.26531
2.3136
2.35859
2.40051
2.4396
2.47606
2.51008
2.54183
2.57145
2.59905
2.6247
2.64853
2.67062
2.69104
2.70987
2.72716
2.74293
2.75723
2.77008
2.7815
2.79149
2.80006
2.80722
2.81295
2.81724
2.82009
2.8215
2.82149
2.8201
2.81741
2.81355
2.80869
2.80306
2.79697
2.79076
2.78486
2.77998
0.54882
0.494229
0.447927
0.408498
0.374812
0.346017
0.321496
0.300829
0.283749
0.270116
0.259909
0.253214
0.250232
0.251294
0.256863
0.267551
0.2841
0.307348
0.338153
0.377272
0.42521
0.482078
0.54749
0.620553
0.699939
0.784044
0.871158
0.959635
1.04801
1.13506
1.21984
1.30164
1.38
1.45464
1.5254
1.59226
1.65527
1.71453
1.77019
1.82241
1.87136
1.91724
1.9602
2.00043
2.03807
2.07329
2.10621
2.13697
2.16562
2.19225
2.21696
2.23982
2.26089
2.28025
2.29792
2.31397
2.32841
2.34127
2.35259
2.36237
2.37064
2.37741
2.38268
2.38646
2.38878
2.38967
2.38916
2.38735
2.38432
2.38025
2.37532
2.36977
2.36391
2.3581
2.35295
0.548657
0.493654
0.446683
0.406388
0.371673
0.341678
0.31574
0.293358
0.274166
0.257902
0.244398
0.233559
0.225367
0.219876
0.217213
0.217587
0.221296
0.228722
0.240335
0.25667
0.278288
0.305721
0.339393
0.379536
0.426116
0.478796
0.536941
0.599667
0.665925
0.734602
0.804607
0.87494
0.944741
1.0133
1.08007
1.14463
1.20671
1.26611
1.32274
1.37656
1.42758
1.47584
1.52141
1.56438
1.60483
1.64287
1.67858
1.71206
1.74339
1.77261
1.79978
1.82497
1.84824
1.86964
1.88923
1.90705
1.92314
1.93753
1.95025
1.96135
1.97085
1.97877
1.98515
1.99001
1.99339
1.99533
1.99587
1.9951
1.99311
1.99004
1.98604
1.98132
1.97613
1.97077
1.96577
0.548592
0.493406
0.446107
0.405351
0.370059
0.339371
0.312608
0.289233
0.268829
0.251075
0.235728
0.222608
0.211595
0.202617
0.19565
0.190716
0.187888
0.187286
0.189086
0.193519
0.200869
0.211469
0.225679
0.243868
0.26637
0.293444
0.325224
0.361686
0.402619
0.447634
0.496183
0.547606
0.601178
0.656168
0.711876
0.767668
0.822995
0.877399
0.930512
0.98205
1.0318
1.07961
1.12539
1.16906
1.21061
1.25003
1.28733
1.32253
1.35567
1.38678
1.41586
1.44293
1.46803
1.49121
1.51249
1.53193
1.54955
1.5654
1.57952
1.59194
1.60271
1.61188
1.61947
1.62554
1.63014
1.63331
1.6351
1.63561
1.6349
1.6331
1.63035
1.62681
1.62268
1.61821
1.61385
0.548569
0.49331
0.445866
0.40489
0.369304
0.338249
0.311036
0.287114
0.266042
0.247465
0.231105
0.216739
0.204196
0.193345
0.184094
0.176382
0.17018
0.165488
0.162338
0.160793
0.160948
0.162932
0.16691
0.173077
0.181656
0.192888
0.207014
0.224254
0.244789
0.268724
0.296075
0.326749
0.360542
0.397143
0.436158
0.47713
0.519575
0.563004
0.606948
0.650977
0.694708
0.737809
0.780004
0.821063
0.860803
0.89908
0.935783
0.970828
1.00416
1.03573
1.06552
1.09347
1.11957
1.14383
1.16625
1.18685
1.20567
1.22273
1.23806
1.25172
1.26374
1.27418
1.28308
1.2905
1.2965
1.30112
1.30444
1.30651
1.30742
1.30727
1.30616
1.30423
1.30164
1.29859
1.29543
0.548561
0.493276
0.445775
0.404707
0.368989
0.337759
0.310324
0.286125
0.264707
0.245702
0.22881
0.213787
0.200435
0.188595
0.17814
0.168972
0.161016
0.154218
0.148548
0.143992
0.140556
0.138266
0.137167
0.137327
0.138831
0.141788
0.146325
0.152588
0.160732
0.170915
0.183288
0.197983
0.215094
0.234666
0.256683
0.281062
0.307653
0.336239
0.366552
0.398287
0.431113
0.464695
0.4987
0.532817
0.566756
0.600258
0.633092
0.665062
0.695999
0.725764
0.754246
0.781358
0.806992
0.831093
0.853624
0.874568
0.893917
0.911682
0.927881
0.942543
0.955705
0.967409
0.977703
0.986634
0.994255
1.00062
1.00578
1.00979
1.01273
1.01466
1.01567
1.01587
1.01536
1.0143
1.01295
0.548559
0.493266
0.445745
0.404642
0.368873
0.337571
0.31004
0.285716
0.264139
0.24493
0.227779
0.212432
0.198676
0.186338
0.175272
0.165362
0.156511
0.148642
0.141694
0.13562
0.13039
0.125983
0.122391
0.11962
0.117686
0.116617
0.116455
0.117254
0.11908
0.122013
0.126141
0.131563
0.138379
0.14669
0.156589
0.168154
0.181436
0.196459
0.213205
0.231616
0.251591
0.272988
0.295629
0.319307
0.343797
0.368862
0.394263
0.419769
0.44516
0.470232
0.494805
0.518724
0.541853
0.564054
0.585231
0.605308
0.62423
0.641962
0.658483
0.673786
0.687876
0.700768
0.712483
0.723047
0.73249
0.740846
0.748149
0.754439
0.759759
0.764156
0.767688
0.770421
0.772433
0.773828
0.774772
0.548558
0.493263
0.445735
0.404622
0.368836
0.337509
0.309944
0.285572
0.26393
0.244636
0.227375
0.211885
0.197946
0.185378
0.174026
0.163764
0.154484
0.146098
0.138532
0.131724
0.125625
0.120197
0.11541
0.111242
0.10768
0.10472
0.102362
0.100617
0.0995
0.0990368
0.0992589
0.100206
0.101924
0.104467
0.107894
0.112267
0.11765
0.124106
0.13169
0.140449
0.150413
0.161594
0.173981
0.187535
0.202194
0.217867
0.234441
0.251783
0.269746
0.288172
0.306901
0.325774
0.344647
0.363369
0.381801
0.399819
0.417314
0.434194
0.450383
0.465817
0.48045
0.494244
0.507174
0.519225
0.530387
0.54066
0.550047
0.558557
0.566207
0.573016
0.579014
0.584236
0.588728
0.592552
0.595798
0.548558
0.493263
0.445733
0.404617
0.368827
0.337493
0.309918
0.285532
0.26387
0.244548
0.227249
0.211707
0.197701
0.185045
0.173583
0.163183
0.153733
0.145139
0.137321
0.130213
0.123758
0.11791
0.112631
0.10789
0.103663
0.099932
0.0966848
0.0939146
0.0916196
0.0898032
0.0884736
0.0876441
0.0873327
0.0875625
0.0883618
0.0897634
0.0918048
0.0945275
0.0979764
0.102198
0.107239
0.113145
0.119956
0.127704
0.136411
0.146084
0.156716
0.168278
0.180723
0.193984
0.207974
0.222593
0.237725
0.253251
0.269038
0.28495
0.300853
0.316622
0.332138
0.347294
0.361996
0.376163
0.389726
0.402631
0.414834
0.4263
0.437006
0.446938
0.456087
0.464455
0.47205
0.478889
0.484997
0.490412
0.495183
0.548558
0.493263
0.445733
0.404617
0.368827
0.337493
0.309918
0.285532
0.26387
0.244548
0.227249
0.211707
0.197701
0.185045
0.173583
0.163183
0.153733
0.145138
0.137321
0.130212
0.123758
0.11791
0.112631
0.10789
0.103663
0.0999317
0.0966844
0.0939141
0.0916191
0.0898026
0.0884729
0.0876433
0.0873318
0.0875615
0.0883607
0.0897621
0.0918033
0.0945259
0.0979745
0.102196
0.107237
0.113143
0.119953
0.127701
0.136407
0.146081
0.156713
0.168275
0.18072
0.19398
0.20797
0.222589
0.237721
0.253247
0.269034
0.284946
0.300849
0.316618
0.332134
0.34729
0.361992
0.376159
0.389723
0.402628
0.41483
0.426295
0.437
0.44693
0.456077
0.464442
0.472035
0.478872
0.48498
0.490396
0.49517
0.548558
0.493263
0.445735
0.404622
0.368836
0.337509
0.309944
0.285572
0.26393
0.244636
0.227375
0.211884
0.197946
0.185377
0.174026
0.163763
0.154484
0.146097
0.138531
0.131722
0.125623
0.120195
0.115407
0.111239
0.107677
0.104716
0.102357
0.100611
0.0994937
0.0990294
0.0992503
0.100196
0.101912
0.104454
0.107878
0.112249
0.11763
0.124083
0.131665
0.14042
0.150381
0.161559
0.173942
0.187492
0.202147
0.217817
0.234387
0.251726
0.269686
0.288109
0.306836
0.325707
0.344578
0.363299
0.38173
0.399747
0.417241
0.434121
0.450309
0.465744
0.480377
0.494171
0.507102
0.519152
0.530313
0.540583
0.549966
0.558472
0.566116
0.57292
0.578913
0.584132
0.588626
0.592459
0.595722
0.548559
0.493266
0.445745
0.404642
0.368873
0.337571
0.31004
0.285716
0.264138
0.244929
0.227779
0.212431
0.198675
0.186336
0.175271
0.16536
0.156509
0.148639
0.14169
0.135616
0.130384
0.125976
0.122383
0.119611
0.117674
0.116603
0.116439
0.117235
0.119058
0.121987
0.126111
0.131527
0.138338
0.146643
0.156536
0.168092
0.181367
0.196381
0.213119
0.231521
0.251487
0.272876
0.295508
0.319178
0.343661
0.368718
0.394114
0.419614
0.445
0.470068
0.494637
0.518552
0.541678
0.563878
0.585053
0.605128
0.62405
0.641782
0.658303
0.673607
0.687698
0.700591
0.712305
0.722868
0.732309
0.74066
0.747958
0.754241
0.759553
0.763944
0.767472
0.770206
0.772228
0.773644
0.774624
0.548561
0.493276
0.445775
0.404707
0.368988
0.337758
0.310324
0.286124
0.264706
0.245701
0.228808
0.213785
0.200432
0.188591
0.178136
0.168967
0.161009
0.15421
0.148538
0.143979
0.14054
0.138247
0.137145
0.1373
0.138799
0.14175
0.146281
0.152535
0.16067
0.170842
0.183205
0.197887
0.214983
0.23454
0.256542
0.280906
0.307481
0.336052
0.366351
0.398072
0.430886
0.464455
0.49845
0.532558
0.566489
0.599984
0.632813
0.664778
0.695711
0.725472
0.75395
0.781061
0.806693
0.830793
0.853324
0.874267
0.893617
0.911383
0.927583
0.942246
0.955409
0.967114
0.977407
0.986336
0.993953
1.00031
1.00546
1.00947
1.01239
1.01432
1.01533
1.01553
1.01504
1.01402
1.01272
0.548569
0.49331
0.445866
0.404889
0.369303
0.338248
0.311035
0.287112
0.266039
0.247462
0.2311
0.216733
0.204189
0.193336
0.184083
0.176368
0.170163
0.165467
0.162313
0.160762
0.16091
0.162886
0.166854
0.173011
0.181577
0.192794
0.206902
0.224124
0.244637
0.268549
0.295877
0.326527
0.360295
0.396872
0.435863
0.476815
0.51924
0.562652
0.606581
0.650597
0.694316
0.737408
0.779595
0.820648
0.860384
0.898657
0.935357
0.9704
1.00373
1.0353
1.06509
1.09304
1.11914
1.1434
1.16582
1.18643
1.20524
1.2223
1.23764
1.2513
1.26332
1.27376
1.28266
1.29008
1.29607
1.30069
1.30399
1.30605
1.30695
1.30679
1.30568
1.30376
1.30119
1.29819
1.29511
0.548592
0.493406
0.446106
0.40535
0.370057
0.339369
0.312604
0.289228
0.268823
0.251067
0.235717
0.222595
0.211579
0.202597
0.195624
0.190685
0.187849
0.187238
0.189027
0.193447
0.200782
0.211362
0.225551
0.243714
0.266187
0.293228
0.324974
0.361399
0.402296
0.447274
0.495789
0.547179
0.600722
0.655686
0.711372
0.767145
0.822457
0.876849
0.929952
0.981482
1.03123
1.07904
1.12481
1.16848
1.21003
1.24945
1.28675
1.32196
1.3551
1.38621
1.41529
1.44236
1.46746
1.49064
1.51193
1.53137
1.54899
1.56485
1.57897
1.59139
1.60217
1.61133
1.61892
1.62499
1.62958
1.63274
1.63452
1.63501
1.63429
1.63248
1.62972
1.62618
1.62208
1.61768
1.61341
0.548657
0.493653
0.446681
0.406385
0.371669
0.341672
0.315732
0.293348
0.274153
0.257886
0.244376
0.233532
0.225333
0.219833
0.217159
0.21752
0.221212
0.228618
0.240206
0.256511
0.278094
0.305486
0.339112
0.379205
0.425732
0.478359
0.536452
0.599128
0.665342
0.733979
0.80395
0.874255
0.944033
1.01258
1.07933
1.14388
1.20595
1.26535
1.32198
1.3758
1.42682
1.47508
1.52066
1.56363
1.60409
1.64212
1.67784
1.71132
1.74266
1.77188
1.79906
1.82425
1.84752
1.86893
1.88853
1.90635
1.92244
1.93683
1.94956
1.96066
1.97016
1.97808
1.98446
1.98932
1.99269
1.99461
1.99513
1.99434
1.99233
1.98923
1.98522
1.98051
1.97535
1.97006
1.96517
0.54882
0.494228
0.447924
0.408492
0.374804
0.346005
0.321481
0.300809
0.283722
0.270083
0.259867
0.253159
0.250163
0.251206
0.256753
0.267411
0.283923
0.307126
0.337878
0.376935
0.424804
0.481598
0.546934
0.619922
0.699239
0.783281
0.870341
0.958773
1.04711
1.13413
1.21889
1.30068
1.37903
1.45366
1.52442
1.59128
1.65429
1.71356
1.76922
1.82145
1.87041
1.91629
1.95926
1.9995
2.03715
2.07237
2.1053
2.13606
2.16472
2.19136
2.21607
2.23893
2.26001
2.27937
2.29705
2.3131
2.32755
2.34042
2.35174
2.36153
2.3698
2.37656
2.38183
2.38561
2.38792
2.38878
2.38825
2.3864
2.38335
2.37924
2.37429
2.36875
2.36292
2.35719
2.35217
0.549195
0.495446
0.450375
0.412431
0.380442
0.353607
0.331427
0.313645
0.300196
0.291189
0.286908
0.287827
0.294635
0.308247
0.329804
0.360602
0.401957
0.454981
0.520302
0.597814
0.68655
0.784734
0.890008
0.999757
1.11142
1.22273
1.33185
1.43738
1.53838
1.63424
1.72466
1.80955
1.88899
1.96314
2.03226
2.09661
2.15651
2.21225
2.26414
2.31244
2.35744
2.39937
2.43847
2.47493
2.50896
2.54072
2.57035
2.59795
2.62362
2.64745
2.66954
2.68998
2.70881
2.7261
2.74188
2.75618
2.76904
2.78046
2.79046
2.79904
2.8062
2.81192
2.81621
2.81905
2.82044
2.82041
2.81898
2.81625
2.81234
2.80743
2.80178
2.79568
2.7895
2.7837
2.77898
0.549994
0.497825
0.454848
0.419289
0.389977
0.366273
0.347938
0.335046
0.327943
0.32726
0.333945
0.34931
0.375036
0.413106
0.46558
0.534211
0.61993
0.722395
0.839792
0.969022
1.1062
1.24725
1.38849
1.52687
1.66014
1.78681
1.906
2.01733
2.12077
2.21653
2.30497
2.38653
2.4617
2.53099
2.59488
2.65384
2.7083
2.75866
2.8053
2.84854
2.88868
2.926
2.96072
2.99307
3.02323
3.05136
3.07758
3.10198
3.12467
3.14577
3.16534
3.18346
3.20017
3.21553
3.22955
3.24227
3.25369
3.26382
3.27266
3.28019
3.28639
3.29123
3.2947
3.29675
3.29737
3.29657
3.29439
3.29092
3.28631
3.28078
3.27461
3.26818
3.26193
3.25639
3.25238
0.551572
0.502144
0.462491
0.430575
0.405384
0.386669
0.374721
0.370286
0.374571
0.389323
0.416894
0.460212
0.522523
0.606781
0.714752
0.846117
0.99805
1.16556
1.34246
1.52252
1.70035
1.87185
2.03428
2.18606
2.3265
2.45559
2.57369
2.68144
2.77961
2.86901
2.95045
3.0247
3.09249
3.15448
3.21127
3.26341
3.31137
3.35558
3.39642
3.43422
3.46928
3.50186
3.53219
3.56045
3.58683
3.61146
3.63441
3.6558
3.67574
3.69432
3.7116
3.72764
3.74247
3.75612
3.76862
3.77997
3.79017
3.79923
3.8071
3.81378
3.81921
3.82336
3.82617
3.82759
3.82759
3.82617
3.82337
3.81929
3.81411
3.80808
3.80157
3.79501
3.78892
3.78396
3.78102
0.55449
0.509515
0.474874
0.448389
0.429558
0.418956
0.417945
0.428659
0.454136
0.498425
0.566438
0.663225
0.792544
0.95509
1.14733
1.36182
1.58889
1.81885
2.04358
2.25729
2.45647
2.63945
2.80589
2.95629
3.09168
3.2133
3.32248
3.42054
3.50873
3.58817
3.6599
3.72483
3.78376
3.83741
3.88638
3.93123
3.97242
4.01036
4.0454
4.07786
4.108
4.13605
4.16222
4.18667
4.20954
4.23092
4.2509
4.2696
4.28711
4.30348
4.31877
4.33302
4.34625
4.35849
4.36973
4.37998
4.38922
4.39743
4.40459
4.41064
4.41552
4.41916
4.4215
4.42246
4.422
4.4201
4.4168
4.41222
4.40658
4.40018
4.39345
4.38693
4.38124
4.37714
4.37566
0.559583
0.521462
0.494144
0.475753
0.466982
0.470068
0.48856
0.527523
0.593716
0.69517
0.839487
1.03078
1.2666
1.53718
1.82787
2.12319
2.41021
2.68004
2.92774
3.15142
3.35124
3.52854
3.68531
3.82373
3.94595
4.05401
4.14977
4.23485
4.31069
4.37852
4.43942
4.49431
4.54398
4.58909
4.63024
4.6679
4.70252
4.73445
4.76401
4.79146
4.81703
4.84093
4.86331
4.88433
4.90404
4.92254
4.93994
4.95633
4.97175
4.98627
4.99991
5.0127
5.02466
5.03578
5.04606
5.05549
5.06405
5.07169
5.07838
5.08404
5.08859
5.09196
5.09402
5.09471
5.09394
5.09169
5.08802
5.08306
5.07705
5.07038
5.06356
5.05723
5.05214
5.04918
5.04952
0.568046
0.540055
0.523319
0.517269
0.525073
0.552333
0.607175
0.700596
0.845582
1.05349
1.3279
1.65988
2.02915
2.41088
2.78314
3.13077
3.44567
3.72519
3.97012
4.18314
4.36773
4.52749
4.66589
4.78604
4.89065
4.98209
5.06235
5.13311
5.19579
5.2516
5.30154
5.34646
5.38706
5.42394
5.45762
5.48853
5.51701
5.54339
5.56793
5.59083
5.6123
5.6325
5.65154
5.66951
5.68648
5.70254
5.71777
5.73223
5.74595
5.75898
5.77133
5.78301
5.79402
5.80435
5.81398
5.8229
5.83106
5.83842
5.84491
5.85045
5.85493
5.85824
5.86025
5.86085
5.85995
5.85751
5.85358
5.84833
5.84205
5.8352
5.82838
5.82237
5.81805
5.81649
5.81899
0.581544
0.568148
0.56688
0.580426
0.616956
0.689037
0.814135
1.0132
1.30366
1.68754
2.14433
2.63718
3.1276
3.58692
3.99935
4.35958
4.66893
4.93203
5.15478
5.34317
5.50268
5.63813
5.7536
5.8525
5.93765
6.01139
6.07561
6.1319
6.18155
6.22562
6.265
6.30042
6.33248
6.36168
6.38846
6.41315
6.43606
6.45743
6.47746
6.49634
6.51421
6.53118
6.54733
6.5627
6.57737
6.59141
6.60488
6.61782
6.63024
6.64216
6.65358
6.6645
6.67491
6.68478
6.69409
6.70281
6.71089
6.71826
6.72485
6.73055
6.73522
6.73874
6.74093
6.74166
6.74081
6.73834
6.73429
6.72885
6.72238
6.71541
6.70866
6.70306
6.69966
6.6997
6.70468
0.6024
0.609839
0.631903
0.678265
0.767348
0.926113
1.18836
1.58242
2.10857
2.72746
3.37659
3.99885
4.55868
5.04194
5.44872
5.78634
6.06468
6.2937
6.48236
6.63827
6.76772
6.8758
6.96659
7.04337
7.10877
7.16489
7.21342
7.25574
7.29294
7.32591
7.35539
7.38198
7.40615
7.42832
7.44881
7.4679
7.48582
7.50274
7.51882
7.53419
7.54895
7.56317
7.57687
7.59009
7.60291
7.61538
7.62751
7.63933
7.65084
7.66203
7.67291
7.68344
7.6936
7.70337
7.7127
7.72156
7.72989
7.7376
7.7446
7.75077
7.75594
7.75995
7.76259
7.7637
7.76311
7.76078
7.75675
7.75124
7.74464
7.7376
7.73097
7.72583
7.72344
7.72524
7.73292
0.633903
0.671346
0.73035
0.835057
1.02526
1.35491
1.87316
2.582
3.41343
4.26465
5.05167
5.73151
6.29488
6.75093
7.1158
7.40645
7.63802
7.82307
7.97166
8.09167
8.18926
8.26921
8.33522
8.3902
8.43639
8.47559
8.5092
8.53832
8.56385
8.58649
8.60681
8.62528
8.64226
8.65804
8.67288
8.68697
8.70045
8.71348
8.72613
8.73849
8.75063
8.76256
8.77426
8.7858
8.79722
8.80854
8.81976
8.83087
8.84188
8.85275
8.86347
8.87399
8.88429
8.89433
8.90406
8.91343
8.92236
8.93077
8.93855
8.94553
8.95154
8.95637
8.95977
8.96154
8.96148
8.95951
8.95568
8.95021
8.94357
8.9365
8.92999
8.92531
8.92392
8.92753
8.93806
0.680892
0.762711
0.883889
1.0988
1.49025
2.14654
3.08538
4.19938
5.32037
6.32173
7.15124
7.80921
8.3194
8.711
9.01073
9.24048
9.41726
9.554
9.6604
9.74375
9.80952
9.86183
9.9038
9.93782
9.96572
9.9889
10.0084
10.0252
10.0399
10.053
10.0648
10.0759
10.0863
10.0963
10.1061
10.1157
10.1253
10.135
10.1447
10.1545
10.1645
10.1746
10.1848
10.1951
10.2055
10.2162
10.2269
10.2378
10.2487
10.2597
10.2706
10.2816
10.2924
10.3031
10.3137
10.324
10.3339
10.3434
10.3524
10.3606
10.3678
10.3739
10.3784
10.3812
10.382
10.3807
10.3773
10.372
10.3654
10.3583
10.3519
10.3476
10.3472
10.3525
10.3658
0.750852
0.901293
1.13457
1.56879
2.35797
3.57383
5.06735
6.56192
7.85581
8.88175
9.65717
10.2295
10.6477
10.9525
11.1748
11.3372
11.4562
11.5436
11.6079
11.6551
11.69
11.7156
11.7346
11.7486
11.7591
11.7672
11.7735
11.7787
11.7832
11.7873
11.7914
11.7956
11.8
11.8048
11.81
11.8157
11.822
11.8287
11.836
11.8438
11.852
11.8607
11.8698
11.8794
11.8894
11.8998
11.9105
11.9216
11.9329
11.9444
11.9561
11.968
11.9798
11.9917
12.0035
12.0152
12.0266
12.0377
12.0483
12.0583
12.0672
12.075
12.0811
12.0854
12.0874
12.0871
12.0845
12.0796
12.0733
12.0662
12.0599
12.0558
12.056
12.0628
12.0787
0.856059
1.11933
1.56953
2.45144
3.96804
5.96788
7.99896
9.71385
11.0129
11.9426
12.5899
13.035
13.3391
13.5459
13.6855
13.7787
13.8397
13.8783
13.9013
13.9135
13.9184
13.9184
13.9152
13.9101
13.904
13.8976
13.8913
13.8855
13.8804
13.8761
13.8729
13.8707
13.8696
13.8696
13.8707
13.8729
13.8762
13.8805
13.8858
13.892
13.899
13.9068
13.9154
13.9247
13.9347
13.9453
13.9566
13.9684
13.9806
13.9933
14.0062
14.0195
14.0329
14.0465
14.0602
14.0738
14.0873
14.1006
14.1134
14.1257
14.137
14.147
14.1554
14.1617
14.1656
14.1668
14.1654
14.1614
14.1555
14.1486
14.1422
14.1381
14.1387
14.1465
14.1644
1.01804
1.48153
2.37812
4.14693
6.78934
9.61243
11.9684
13.6726
14.8183
15.5612
16.0333
16.3279
16.5074
16.6119
16.6676
16.6917
16.6953
16.6859
16.6685
16.6464
16.6221
16.597
16.5722
16.5484
16.526
16.5055
16.4869
16.4704
16.456
16.4437
16.4334
16.4252
16.4189
16.4145
16.4119
16.411
16.4117
16.414
16.4177
16.4228
16.429
16.4364
16.445
16.4546
16.4652
16.4767
16.4891
16.5022
16.516
16.5304
16.5454
16.5607
16.5764
16.5924
16.6086
16.6249
16.6412
16.6574
16.6732
16.6885
16.7029
16.716
16.7274
16.7366
16.7432
16.7467
16.7471
16.7445
16.7395
16.733
16.7266
16.7224
16.7228
16.7309
16.7499
1.2775
2.12867
3.97206
7.31146
11.3058
14.6941
17.044
18.5154
19.3889
19.8878
20.1586
20.2918
20.3421
20.3429
20.3146
20.2697
20.2161
20.1589
20.1012
20.0448
19.9912
19.9408
19.8942
19.8516
19.8128
19.7781
19.7471
19.7198
19.6961
19.6757
19.6585
19.6443
19.633
19.6244
19.6184
19.6147
19.6133
19.614
19.6166
19.621
19.627
19.6347
19.6438
19.6544
19.6663
19.6794
19.6937
19.7089
19.7251
19.7421
19.7598
19.7781
19.797
19.8163
19.8359
19.8558
19.8758
19.8958
19.9156
19.935
19.9535
19.9708
19.9863
19.9995
20.0098
20.0167
20.02
20.0198
20.0164
20.0108
20.0046
20
19.9998
20.0072
20.0261
1.71843
3.38948
7.17749
12.7947
17.925
21.3902
23.3973
24.4649
24.9893
25.2111
25.2669
25.2326
25.151
25.0463
24.9324
24.8171
24.7049
24.5985
24.4989
24.4069
24.3225
24.2457
24.1761
24.1135
24.0574
24.0075
23.9635
23.9248
23.8913
23.8625
23.8381
23.8179
23.8016
23.7889
23.7795
23.7734
23.7701
23.7697
23.7717
23.776
23.7824
23.791
23.8016
23.814
23.828
23.8437
23.8608
23.8793
23.8989
23.9196
23.9413
23.9637
23.987
24.0108
24.0351
24.0598
24.0849
24.11
24.1351
24.1599
24.184
24.2069
24.228
24.2467
24.2623
24.2742
24.282
24.2854
24.2848
24.2811
24.2758
24.271
24.2698
24.2756
24.2929
2.53282
6.05652
13.4025
21.5101
27.0759
30.0608
31.4496
31.9963
32.1233
32.0469
31.8766
31.6676
31.4481
31.2326
31.0279
30.8373
30.6619
30.5018
30.3564
30.2249
30.1064
29.9999
29.9045
29.8195
29.7439
29.677
29.6182
29.5669
29.5224
29.4843
29.452
29.4252
29.4035
29.3866
29.374
29.3655
29.3608
29.3596
29.3615
29.3665
29.3742
29.3847
29.3977
29.4131
29.4306
29.4501
29.4715
29.4946
29.5193
29.5453
29.5725
29.6009
29.6302
29.6603
29.6912
29.7227
29.7546
29.7868
29.8191
29.8513
29.8829
29.9134
29.9423
29.9687
29.9919
30.011
30.0254
30.0347
30.0389
30.0388
30.0355
30.0314
30.0292
30.033
30.0474
4.21283
11.9667
24.6711
34.5284
39.537
41.5361
42.1007
42.0429
41.7327
41.334
40.9191
40.5194
40.1475
39.8076
39.4999
39.2226
38.9735
38.7503
38.5504
38.3716
38.212
38.0697
37.9431
37.8307
37.7313
37.6437
37.567
37.5001
37.4424
37.393
37.3514
37.3169
37.2891
37.2673
37.2513
37.2405
37.2347
37.2333
37.236
37.2426
37.2528
37.2666
37.2836
37.3037
37.3265
37.3519
37.3797
37.4098
37.4418
37.4756
37.511
37.5479
37.5861
37.6253
37.6656
37.7066
37.7483
37.7905
37.833
37.8756
37.9178
37.9591
37.9988
38.0361
38.0701
38.0997
38.124
38.1424
38.1546
38.1608
38.1622
38.1606
38.159
38.1613
38.1725
8.17425
24.9787
43.8377
53.7006
57.0861
57.671
57.2378
56.4872
55.6808
54.9123
54.2118
53.5847
53.0274
52.5335
52.096
51.7081
51.3639
51.0583
50.7867
50.5455
50.3311
50.1409
49.9723
49.8231
49.6916
49.5761
49.4752
49.3875
49.3121
49.2478
49.1938
49.1492
49.1135
49.0858
49.0657
49.0526
49.0459
49.0451
49.0497
49.0595
49.0742
49.0935
49.1171
49.1446
49.1759
49.2106
49.2484
49.2892
49.3326
49.3784
49.4264
49.4763
49.528
49.5811
49.6355
49.6911
49.7475
49.8048
49.8625
49.9205
49.9783
50.0354
50.091
50.1442
50.194
50.2391
50.2784
50.3108
50.3357
50.3531
50.3635
50.3686
50.3712
50.3752
50.3856
18.9118
52.7356
76.0314
83.3759
84.0608
82.7956
81.134
79.5302
78.0983
76.8498
75.7677
74.8289
74.0121
73.2987
72.6734
72.1235
71.6386
71.2103
70.8312
70.4956
70.1983
69.9352
69.7025
69.4973
69.3167
69.1585
69.0206
68.9012
68.7988
68.7119
68.6392
68.5797
68.5324
68.4963
68.4706
68.4546
68.4475
68.4484
68.4569
68.4727
68.4953
68.5243
68.5592
68.5996
68.6451
68.6954
68.7501
68.8088
68.8713
68.9371
69.0059
69.0775
69.1514
69.2275
69.3054
69.3848
69.4656
69.5474
69.6299
69.7128
69.7957
69.8778
69.9585
70.0365
70.1108
70.1798
70.2422
70.2968
70.3424
70.3787
70.4061
70.4261
70.4412
70.4556
70.4739
52.3972
112.336
134.34
135.818
132.427
128.579
125.178
122.317
119.924
117.912
116.205
114.744
113.484
112.392
111.438
110.603
109.868
109.221
108.649
108.144
107.697
107.302
106.954
106.647
106.377
106.142
105.937
105.76
105.609
105.481
105.375
105.288
105.221
105.17
105.135
105.114
105.107
105.112
105.129
105.157
105.195
105.243
105.299
105.365
105.438
105.518
105.604
105.697
105.796
105.9
106.008
106.121
106.237
106.357
106.479
106.604
106.73
106.858
106.987
107.117
107.246
107.374
107.499
107.621
107.738
107.849
107.951
108.043
108.124
108.194
108.254
108.306
108.352
108.398
108.447
180.26
258.366
265.604
255.244
244.636
236.075
229.309
223.889
219.464
215.789
212.696
210.06
207.795
205.833
204.124
202.628
201.313
200.155
199.134
198.231
197.434
196.73
196.109
195.563
195.085
194.667
194.304
193.992
193.726
193.503
193.318
193.169
193.053
192.968
192.911
192.881
192.875
192.891
192.929
192.986
193.062
193.155
193.265
193.39
193.528
193.68
193.844
194.019
194.204
194.399
194.602
194.813
195.031
195.254
195.483
195.716
195.952
196.19
196.43
196.67
196.908
197.144
197.374
197.597
197.81
198.011
198.198
198.369
198.526
198.668
198.799
198.922
199.046
199.177
199.32
788.972
724.173
674.557
640.975
615.89
596.568
581.313
568.989
558.833
550.33
543.12
536.944
531.611
526.975
522.925
519.372
516.246
513.49
511.057
508.908
507.011
505.337
503.864
502.572
501.442
500.46
499.612
498.888
498.275
497.767
497.353
497.027
496.783
496.614
496.515
496.481
496.507
496.589
496.724
496.907
497.136
497.408
497.72
498.069
498.453
498.869
499.315
499.788
500.286
500.807
501.349
501.909
502.486
503.077
503.68
504.292
504.913
505.539
506.168
506.797
507.421
508.037
508.638
509.216
509.765
510.275
510.74
511.153
511.512
511.818
512.079
512.309
512.529
512.765
513.04
)
;

boundaryField
{
    lowerWall
    {
        type            epsilonWallFunction;
        value           nonuniform List<scalar> 
75
(
789.607
724.717
675.056
641.444
616.337
596.999
581.733
569.399
559.236
550.727
543.512
537.331
531.994
527.355
523.302
519.746
516.618
513.86
511.426
509.275
507.376
505.702
504.228
502.934
501.803
500.821
499.973
499.247
498.635
498.126
497.712
497.386
497.141
496.972
496.873
496.839
496.865
496.947
497.082
497.265
497.495
497.767
498.079
498.428
498.812
499.229
499.675
500.148
500.647
501.168
501.711
502.272
502.849
503.44
504.043
504.656
505.277
505.903
506.532
507.161
507.785
508.4
509
509.578
510.127
510.639
511.107
511.526
511.894
512.213
512.489
512.738
512.978
513.235
513.528
)
;
    }
    upperWall
    {
        type            epsilonWallFunction;
        value           nonuniform List<scalar> 
75
(
788.972
724.173
674.557
640.975
615.89
596.568
581.313
568.989
558.833
550.33
543.12
536.944
531.611
526.975
522.925
519.372
516.246
513.49
511.057
508.908
507.011
505.337
503.864
502.572
501.442
500.46
499.612
498.888
498.275
497.767
497.353
497.027
496.783
496.614
496.515
496.481
496.507
496.589
496.724
496.907
497.136
497.408
497.72
498.069
498.453
498.869
499.315
499.788
500.286
500.807
501.349
501.909
502.486
503.077
503.68
504.292
504.913
505.539
506.168
506.797
507.421
508.037
508.638
509.216
509.765
510.275
510.74
511.153
511.512
511.818
512.079
512.309
512.529
512.765
513.04
)
;
    }
    inlet
    {
        type            turbulentMixingLengthDissipationRateInlet;
        mixingLength    0.07;
        phi             phi;
        k               k;
        value           uniform 0.613384;
    }
    outlet
    {
        type            zeroGradient;
    }
    frontAndBack
    {
        type            empty;
    }
}


// ************************************************************************* //
