/*--------------------------------*- C++ -*----------------------------------*\
  =========                 |
  \\      /  F ield         | OpenFOAM: The Open Source CFD Toolbox
   \\    /   O peration     | Website:  https://openfoam.org
    \\  /    A nd           | Version:  7
     \\/     M anipulation  |
\*---------------------------------------------------------------------------*/
FoamFile
{
    version     2.0;
    format      ascii;
    class       volScalarField;
    location    "800";
    object      nut;
}
// * * * * * * * * * * * * * * * * * * * * * * * * * * * * * * * * * * * * * //

dimensions      [0 2 -1 0 0 0 0];

internalField   nonuniform List<scalar> 
4500
(
0.000506064
0.000491803
0.000480303
0.000472195
0.000465952
0.000461027
0.000457063
0.00045381
0.000451094
0.000448794
0.000446826
0.000445126
0.000443647
0.000442353
0.000441217
0.000440216
0.000439331
0.000438548
0.000437854
0.000437239
0.000436695
0.000436214
0.00043579
0.000435417
0.000435091
0.000434806
0.000434561
0.000434351
0.000434173
0.000434025
0.000433905
0.00043381
0.000433739
0.00043369
0.000433661
0.000433651
0.000433659
0.000433683
0.000433722
0.000433775
0.000433842
0.000433921
0.000434011
0.000434113
0.000434224
0.000434345
0.000434474
0.000434612
0.000434756
0.000434907
0.000435064
0.000435226
0.000435392
0.000435563
0.000435736
0.000435913
0.000436091
0.000436272
0.000436453
0.000436634
0.000436815
0.000436994
0.000437169
0.000437339
0.000437502
0.000437655
0.000437795
0.00043792
0.000438027
0.000438116
0.000438186
0.000438241
0.000438284
0.000438321
0.000438358
0.000607327
0.000974335
0.00114372
0.00120841
0.00123497
0.00124672
0.00125197
0.00125409
0.00125464
0.00125437
0.00125368
0.00125278
0.00125181
0.00125083
0.00124989
0.001249
0.00124819
0.00124745
0.0012468
0.00124623
0.00124574
0.00124532
0.00124497
0.0012447
0.00124449
0.00124434
0.00124426
0.00124423
0.00124425
0.00124432
0.00124443
0.0012446
0.0012448
0.00124504
0.00124531
0.00124562
0.00124596
0.00124632
0.00124671
0.00124713
0.00124757
0.00124803
0.00124851
0.00124901
0.00124953
0.00125006
0.00125061
0.00125117
0.00125174
0.00125232
0.0012529
0.00125349
0.00125408
0.00125467
0.00125526
0.00125585
0.00125644
0.00125703
0.00125762
0.00125821
0.0012588
0.00125939
0.00125997
0.00126054
0.00126106
0.00126153
0.00126189
0.00126213
0.0012622
0.00126206
0.00126171
0.00126112
0.00126032
0.00125936
0.00125825
0.000713424
0.00121515
0.00157793
0.00177481
0.00188365
0.00194758
0.00198742
0.00201353
0.0020314
0.00204407
0.00205335
0.00206032
0.00206571
0.00206996
0.0020734
0.00207624
0.00207864
0.00208072
0.00208255
0.0020842
0.00208571
0.00208712
0.00208846
0.00208974
0.00209099
0.00209221
0.00209341
0.00209461
0.0020958
0.002097
0.0020982
0.00209941
0.00210063
0.00210186
0.0021031
0.00210435
0.00210561
0.00210687
0.00210813
0.00210941
0.00211069
0.00211198
0.00211327
0.00211458
0.00211588
0.00211719
0.0021185
0.0021198
0.00212111
0.0021224
0.00212368
0.00212494
0.00212619
0.00212742
0.00212862
0.0021298
0.00213097
0.00213212
0.00213326
0.00213439
0.00213553
0.00213665
0.00213775
0.00213879
0.00213972
0.00214047
0.00214094
0.00214103
0.00214066
0.00213972
0.00213817
0.00213599
0.00213324
0.00213006
0.00212656
0.00102124
0.00136022
0.0018715
0.00222328
0.00244808
0.00259473
0.00269401
0.00276382
0.00281468
0.00285291
0.00288244
0.00290581
0.00292469
0.00294025
0.00295329
0.00296439
0.00297397
0.00298236
0.00298979
0.00299644
0.00300247
0.00300798
0.00301307
0.0030178
0.00302224
0.00302642
0.0030304
0.0030342
0.00303785
0.00304136
0.00304477
0.00304807
0.00305129
0.00305444
0.00305753
0.00306055
0.00306352
0.00306643
0.00306928
0.00307209
0.00307486
0.00307759
0.00308029
0.00308295
0.00308557
0.00308816
0.0030907
0.00309321
0.00309568
0.0030981
0.00310046
0.00310277
0.00310502
0.0031072
0.00310932
0.00311138
0.00311338
0.00311534
0.00311727
0.00311918
0.00312107
0.00312293
0.00312473
0.0031264
0.00312783
0.00312889
0.00312939
0.00312914
0.00312795
0.00312565
0.00312213
0.00311739
0.00311154
0.00310489
0.00309769
0.00170708
0.00150447
0.00204415
0.00253669
0.00289421
0.00314704
0.00332847
0.0034619
0.00356263
0.0036406
0.00370233
0.00375222
0.00379326
0.00382758
0.0038567
0.00388174
0.00390351
0.00392266
0.00393966
0.00395491
0.00396869
0.00398124
0.00399275
0.00400339
0.00401327
0.00402251
0.00403119
0.00403938
0.00404715
0.00405454
0.00406161
0.00406838
0.0040749
0.00408118
0.00408725
0.00409313
0.00409884
0.00410437
0.00410974
0.00411496
0.00412005
0.00412501
0.00412986
0.00413459
0.00413921
0.00414373
0.00414813
0.00415243
0.00415662
0.00416069
0.00416465
0.00416847
0.00417217
0.00417573
0.00417915
0.00418245
0.00418563
0.00418872
0.00419174
0.0041947
0.00419762
0.00420047
0.00420319
0.00420567
0.00420775
0.00420918
0.00420966
0.00420889
0.00420654
0.00420234
0.00419611
0.00418786
0.00417781
0.00416647
0.00415429
0.00293021
0.00179432
0.00215557
0.00272719
0.0032116
0.00358299
0.00386409
0.004079
0.0042461
0.00437848
0.00448527
0.00457289
0.00464589
0.00470757
0.00476034
0.00480601
0.00484595
0.0048812
0.0049126
0.00494078
0.00496625
0.00498944
0.00501069
0.00503026
0.00504838
0.00506526
0.00508103
0.00509585
0.00510982
0.00512304
0.00513559
0.00514754
0.00515896
0.00516989
0.00518038
0.00519047
0.0052002
0.00520957
0.00521861
0.00522734
0.0052358
0.00524399
0.00525193
0.00525963
0.00526711
0.00527437
0.00528141
0.00528824
0.00529485
0.00530124
0.00530741
0.00531335
0.00531906
0.00532452
0.00532975
0.00533475
0.00533955
0.00534418
0.00534867
0.00535304
0.00535732
0.00536147
0.0053654
0.00536894
0.00537184
0.00537373
0.00537418
0.00537272
0.00536888
0.00536225
0.0053526
0.00533993
0.00532461
0.0053074
0.00528907
0.00471652
0.00241031
0.00230969
0.00283433
0.00340742
0.00389369
0.00428366
0.0045937
0.00484179
0.00504269
0.00520757
0.00534471
0.00546027
0.00555879
0.00564371
0.00571766
0.00578263
0.00584021
0.00589162
0.00593786
0.00597972
0.00601784
0.00605276
0.0060849
0.00611463
0.00614226
0.00616804
0.00619219
0.00621489
0.00623631
0.00625656
0.00627579
0.00629408
0.00631152
0.00632819
0.00634415
0.00635947
0.00637418
0.00638831
0.00640191
0.00641502
0.00642766
0.00643986
0.00645165
0.00646304
0.00647405
0.00648468
0.00649495
0.00650486
0.0065144
0.00652357
0.00653236
0.00654077
0.0065488
0.00655645
0.00656375
0.00657072
0.0065774
0.00658384
0.00659009
0.00659616
0.00660199
0.00660747
0.00661236
0.00661628
0.00661876
0.00661918
0.00661688
0.00661123
0.00660167
0.0065879
0.00656995
0.00654833
0.00652417
0.00649859
0.00695534
0.00349985
0.00265963
0.00293574
0.00351092
0.00408367
0.00457876
0.00499055
0.00533047
0.0056121
0.00584735
0.00604576
0.00621481
0.00636025
0.00648655
0.00659718
0.00669488
0.0067818
0.00685966
0.00692986
0.00699353
0.00705158
0.00710479
0.00715379
0.0071991
0.00724119
0.00728043
0.00731714
0.0073516
0.00738404
0.00741468
0.00744369
0.00747122
0.00749741
0.00752238
0.00754623
0.00756906
0.00759092
0.00761187
0.00763198
0.0076513
0.00766988
0.00768777
0.00770499
0.00772158
0.00773757
0.00775297
0.0077678
0.00778206
0.00779576
0.00780889
0.00782146
0.00783344
0.00784485
0.0078557
0.00786602
0.00787583
0.00788521
0.00789422
0.0079029
0.00791126
0.00791926
0.0079267
0.00793327
0.00793849
0.00794171
0.00794213
0.00793889
0.00793114
0.00791819
0.00789967
0.00787565
0.00784685
0.00781478
0.00778105
0.00946494
0.00509827
0.00338174
0.00315982
0.00358556
0.0041774
0.00475296
0.00526158
0.00569759
0.00606845
0.00638432
0.00665477
0.00688795
0.00709051
0.00726779
0.00742409
0.00756284
0.00768683
0.0077983
0.00789909
0.00799071
0.00807441
0.00815122
0.00822202
0.00828754
0.0083484
0.00840513
0.00845819
0.00850797
0.00855481
0.00859898
0.00864076
0.00868037
0.00871798
0.00875379
0.00878793
0.00882054
0.00885172
0.00888156
0.00891015
0.00893757
0.00896388
0.00898916
0.00901346
0.00903681
0.00905927
0.00908086
0.0091016
0.00912151
0.0091406
0.00915887
0.00917631
0.00919293
0.00920872
0.00922372
0.00923794
0.00925145
0.00926432
0.00927662
0.00928841
0.00929971
0.00931043
0.00932033
0.00932901
0.00933586
0.00934003
0.00934054
0.0093363
0.00932626
0.00930958
0.00928582
0.00925512
0.00921844
0.00917774
0.00913519
0.0120503
0.00712193
0.0046001
0.00367976
0.00374451
0.00423199
0.00482945
0.00541081
0.00593604
0.00639799
0.00680078
0.00715173
0.00745842
0.00772772
0.00796548
0.00817659
0.00836512
0.00853441
0.00868723
0.00882588
0.00895226
0.00906798
0.00917438
0.00927259
0.00936358
0.00944817
0.00952706
0.00960086
0.00967009
0.00973522
0.00979663
0.00985468
0.00990967
0.00996185
0.0100115
0.0100588
0.0101039
0.0101469
0.0101881
0.0102275
0.0102653
0.0103015
0.0103362
0.0103695
0.0104015
0.0104322
0.0104617
0.01049
0.0105171
0.010543
0.0105679
0.0105915
0.0106141
0.0106355
0.0106557
0.010675
0.0106932
0.0107105
0.010727
0.0107427
0.0107577
0.0107718
0.0107848
0.0107961
0.010805
0.0108105
0.0108112
0.0108061
0.0107937
0.0107731
0.0107439
0.0107061
0.0106611
0.0106114
0.0105596
0.0145382
0.00942111
0.00631631
0.00465971
0.00415424
0.00435399
0.00486444
0.00546284
0.00605162
0.00659513
0.00708406
0.00751953
0.00790638
0.0082504
0.0085572
0.00883188
0.00907883
0.00930184
0.0095041
0.00968833
0.00985683
0.0100115
0.0101541
0.010286
0.0104083
0.0105222
0.0106285
0.010728
0.0108215
0.0109094
0.0109923
0.0110706
0.0111449
0.0112153
0.0112822
0.0113459
0.0114067
0.0114647
0.0115201
0.0115731
0.0116238
0.0116724
0.011719
0.0117636
0.0118065
0.0118476
0.011887
0.0119247
0.0119609
0.0119955
0.0120285
0.0120601
0.01209
0.0121185
0.0121455
0.012171
0.0121952
0.0122181
0.0122398
0.0122605
0.0122801
0.0122985
0.0123153
0.0123298
0.0123413
0.0123485
0.0123499
0.0123441
0.0123296
0.0123052
0.0122704
0.0122255
0.0121722
0.0121132
0.0120521
0.0167964
0.0118301
0.00841662
0.00616647
0.00499572
0.00470745
0.00496497
0.00547746
0.00607302
0.00666908
0.00723109
0.00774722
0.00821571
0.00863906
0.00902134
0.00936699
0.00968026
0.00996504
0.0102248
0.0104624
0.0106807
0.0108817
0.0110675
0.0112398
0.0113999
0.0115493
0.0116889
0.0118197
0.0119427
0.0120584
0.0121676
0.0122709
0.0123688
0.0124616
0.0125499
0.0126339
0.0127139
0.0127904
0.0128634
0.0129332
0.013
0.0130639
0.0131252
0.0131839
0.0132401
0.0132941
0.0133458
0.0133953
0.0134427
0.0134881
0.0135314
0.0135727
0.0136119
0.0136492
0.0136845
0.0137179
0.0137495
0.0137794
0.0138077
0.0138345
0.0138598
0.0138834
0.0139049
0.0139236
0.0139384
0.0139479
0.0139506
0.0139446
0.0139283
0.0139005
0.0138606
0.0138089
0.0137474
0.0136794
0.0136091
0.0187409
0.0141959
0.0107323
0.00812806
0.00637517
0.00548226
0.0052985
0.00556839
0.00606791
0.00665555
0.00725658
0.00783569
0.00837814
0.00887927
0.00933926
0.00976046
0.0101461
0.0104994
0.0108239
0.0111225
0.011398
0.0116528
0.0118892
0.0121089
0.0123137
0.0125051
0.0126843
0.0128526
0.0130109
0.0131602
0.0133011
0.0134345
0.0135609
0.0136809
0.013795
0.0139037
0.0140072
0.0141061
0.0142006
0.0142909
0.0143773
0.01446
0.0145392
0.0146151
0.0146879
0.0147576
0.0148244
0.0148884
0.0149496
0.0150082
0.0150641
0.0151173
0.015168
0.0152161
0.0152617
0.0153048
0.0153456
0.0153842
0.0154206
0.015455
0.0154873
0.0155173
0.0155447
0.0155684
0.0155875
0.0156003
0.015605
0.0155996
0.0155824
0.015552
0.0155076
0.0154499
0.0153809
0.0153045
0.0152253
0.0203353
0.0163925
0.0130921
0.0103772
0.00825299
0.00680513
0.00606205
0.00591225
0.00616261
0.00663481
0.00720686
0.00780792
0.00840069
0.00896709
0.00949942
0.00999542
0.0104556
0.0108818
0.0112765
0.0116424
0.0119818
0.0122974
0.0125913
0.0128656
0.013122
0.0133623
0.0135879
0.0138001
0.0140001
0.0141889
0.0143674
0.0145366
0.014697
0.0148495
0.0149946
0.0151328
0.0152646
0.0153904
0.0155107
0.0156257
0.0157358
0.0158412
0.0159421
0.0160389
0.0161316
0.0162204
0.0163056
0.0163871
0.0164652
0.0165398
0.016611
0.0166789
0.0167435
0.0168049
0.0168631
0.0169181
0.0169701
0.0170192
0.0170655
0.0171092
0.0171501
0.0171881
0.0172226
0.0172527
0.0172772
0.0172944
0.0173023
0.0172987
0.0172817
0.0172497
0.0172021
0.0171394
0.017064
0.01698
0.0168927
0.0215825
0.0183294
0.0153493
0.0127226
0.0104644
0.0086521
0.0073891
0.00671235
0.00654767
0.00675168
0.00718034
0.00772556
0.00831836
0.00891864
0.00950458
0.0100651
0.0105953
0.0110936
0.0115604
0.0119971
0.0124054
0.0127874
0.0131451
0.0134804
0.0137951
0.014091
0.0143697
0.0146324
0.0148806
0.0151154
0.0153378
0.0155488
0.0157492
0.0159399
0.0161214
0.0162946
0.0164598
0.0166177
0.0167687
0.0169131
0.0170515
0.0171839
0.0173109
0.0174325
0.0175492
0.017661
0.0177681
0.0178708
0.017969
0.018063
0.0181528
0.0182384
0.0183198
0.0183972
0.0184706
0.0185401
0.0186057
0.0186677
0.018726
0.0187809
0.0188323
0.01888
0.0189233
0.0189613
0.0189928
0.0190158
0.0190283
0.019028
0.0190127
0.0189808
0.0189315
0.0188654
0.018785
0.0186947
0.0186003
0.0225141
0.0199544
0.0173928
0.0149958
0.0127993
0.010854
0.00925304
0.00809649
0.00743
0.00721364
0.00734589
0.00771147
0.00821417
0.00878619
0.00938426
0.00998242
0.0105658
0.0111265
0.0116607
0.0121669
0.0126453
0.0130966
0.0135221
0.0139234
0.0143021
0.0146596
0.0149974
0.0153171
0.0156199
0.0159071
0.0161797
0.0164388
0.0166854
0.0169203
0.0171444
0.0173582
0.0175626
0.017758
0.017945
0.0181241
0.0182957
0.0184602
0.0186178
0.018769
0.018914
0.0190531
0.0191864
0.0193142
0.0194365
0.0195536
0.0196655
0.0197722
0.0198739
0.0199705
0.0200622
0.020149
0.020231
0.0203084
0.0203813
0.0204498
0.0205138
0.0205732
0.0206273
0.0206751
0.0207153
0.0207459
0.0207648
0.0207696
0.0207579
0.0207281
0.0206791
0.0206117
0.0205283
0.0204335
0.0203332
0.0231786
0.0212515
0.0191504
0.0170697
0.0150687
0.0131822
0.011469
0.0100167
0.00891707
0.0082239
0.00792738
0.00796293
0.00824224
0.00868153
0.00921499
0.00979641
0.0103955
0.0109932
0.0115781
0.0121436
0.0126863
0.0132046
0.0136982
0.0141674
0.0146131
0.0150364
0.0154384
0.0158204
0.0161835
0.0165289
0.0168579
0.0171713
0.0174702
0.0177555
0.0180281
0.0182887
0.018538
0.0187768
0.0190055
0.0192248
0.0194351
0.0196369
0.0198305
0.0200162
0.0201945
0.0203656
0.0205298
0.0206871
0.0208379
0.0209823
0.0211203
0.0212521
0.0213777
0.0214972
0.0216106
0.021718
0.0218196
0.0219155
0.0220057
0.0220905
0.0221697
0.0222432
0.0223103
0.0223701
0.0224212
0.0224616
0.0224891
0.0225012
0.0224955
0.0224701
0.0224241
0.0223578
0.0222737
0.0221765
0.0220721
0.0236309
0.0222362
0.0205882
0.0188628
0.0171328
0.0154307
0.0137891
0.0122607
0.0109209
0.00985089
0.00911003
0.00871324
0.00862895
0.00879609
0.00914584
0.0096168
0.0101611
0.0107443
0.0113431
0.011942
0.0125313
0.0131048
0.0136592
0.0141925
0.014704
0.0151937
0.0156619
0.0161093
0.0165367
0.0169451
0.0173354
0.0177085
0.0180653
0.0184068
0.0187338
0.0190471
0.0193473
0.0196353
0.0199117
0.0201769
0.0204317
0.0206763
0.0209114
0.0211371
0.0213539
0.0215622
0.0217621
0.021954
0.022138
0.0223143
0.0224829
0.0226441
0.0227978
0.0229441
0.0230832
0.023215
0.0233397
0.0234574
0.0235683
0.0236724
0.0237697
0.02386
0.0239429
0.0240172
0.0240817
0.0241344
0.0241731
0.0241951
0.0241982
0.0241801
0.0241399
0.0240778
0.023996
0.0238991
0.0237929
0.0239241
0.0229458
0.0217059
0.0203354
0.0189062
0.0174526
0.0159956
0.0145615
0.0131926
0.0119492
0.0109003
0.0101063
0.0095999
0.00937813
0.00940743
0.00963764
0.0100159
0.0104955
0.0110393
0.0116196
0.0122168
0.0128173
0.0134122
0.0139954
0.0145632
0.0151133
0.0156445
0.0161563
0.0166487
0.0171218
0.0175763
0.0180127
0.0184318
0.0188341
0.0192205
0.0195917
0.0199484
0.0202912
0.0206208
0.0209377
0.0212425
0.0215358
0.0218179
0.0220892
0.0223501
0.0226009
0.022842
0.0230736
0.0232958
0.0235089
0.0237131
0.0239083
0.0240947
0.0242723
0.0244412
0.0246015
0.0247533
0.0248966
0.0250317
0.0251586
0.0252774
0.0253878
0.0254893
0.0255812
0.025662
0.0257299
0.0257827
0.0258178
0.0258327
0.0258254
0.0257944
0.02574
0.025664
0.0255707
0.0254658
0.0241048
0.0234303
0.0225301
0.0214842
0.0203512
0.0191647
0.0179427
0.0166986
0.0154511
0.0142309
0.0130828
0.0120624
0.0112256
0.0106148
0.010249
0.0101206
0.0102015
0.0104527
0.0108329
0.0113054
0.0118395
0.0124118
0.0130047
0.0136056
0.0142055
0.0147983
0.0153798
0.0159471
0.0164986
0.0170333
0.0175506
0.0180505
0.0185331
0.0189987
0.0194476
0.0198805
0.0202977
0.0206999
0.0210876
0.0214612
0.0218214
0.0221685
0.022503
0.0228253
0.0231358
0.0234346
0.0237222
0.0239988
0.0242646
0.0245198
0.0247644
0.0249987
0.0252226
0.0254362
0.0256396
0.0258328
0.0260159
0.026189
0.0263523
0.0265059
0.0266498
0.0267838
0.0269076
0.0270203
0.0271208
0.0272073
0.0272776
0.0273293
0.0273598
0.027367
0.0273494
0.0273068
0.0272407
0.027155
0.027055
0.0242104
0.023743
0.0231051
0.0223339
0.0214686
0.0205374
0.0195569
0.0185366
0.0174843
0.0164115
0.0153381
0.0142947
0.0133225
0.0124679
0.011775
0.0112758
0.0109838
0.0108936
0.0109844
0.0112267
0.0115885
0.0120397
0.0125545
0.0131118
0.0136953
0.0142927
0.0148948
0.015495
0.0160885
0.0166719
0.0172429
0.0177999
0.018342
0.0188686
0.0193795
0.0198746
0.020354
0.0208179
0.0212667
0.0217006
0.0221201
0.0225254
0.0229169
0.023295
0.0236599
0.0240118
0.024351
0.0246778
0.0249923
0.0252946
0.0255848
0.0258632
0.0261295
0.026384
0.0266266
0.0268574
0.0270765
0.0272839
0.0274797
0.0276642
0.0278373
0.027999
0.0281489
0.0282864
0.0284104
0.0285193
0.0286111
0.0286834
0.0287338
0.02876
0.0287603
0.0287343
0.028683
0.0286098
0.0285194
0.0242687
0.0239331
0.0234832
0.022928
0.0222874
0.0215809
0.0208224
0.0200202
0.0191788
0.0183021
0.0173958
0.0164709
0.015546
0.0146483
0.0138124
0.0130761
0.012475
0.0120354
0.0117707
0.0116797
0.0117493
0.0119586
0.012283
0.0126979
0.013181
0.0137132
0.014279
0.0148659
0.0154643
0.0160671
0.0166686
0.0172647
0.0178524
0.0184297
0.0189948
0.0195468
0.0200849
0.0206088
0.0211181
0.0216128
0.0220929
0.0225585
0.0230097
0.0234467
0.0238696
0.0242786
0.0246737
0.025055
0.0254227
0.0257768
0.0261174
0.0264445
0.0267582
0.0270583
0.027345
0.0276182
0.0278779
0.0281242
0.0283573
0.0285772
0.0287841
0.0289779
0.0291584
0.0293251
0.0294771
0.0296129
0.0297307
0.0298284
0.0299036
0.0299539
0.0299776
0.0299738
0.0299432
0.0298883
0.0298134
0.0242989
0.0240415
0.0237167
0.023319
0.0228541
0.0223318
0.0217619
0.0211513
0.0205038
0.0198214
0.019105
0.0183565
0.0175807
0.0167867
0.0159902
0.015213
0.0144829
0.0138304
0.013285
0.0128702
0.0126008
0.0124808
0.0125047
0.0126592
0.0129266
0.0132877
0.0137233
0.0142163
0.0147516
0.0153169
0.015902
0.0164988
0.0171009
0.0177035
0.0183026
0.0188954
0.0194797
0.0200537
0.0206163
0.0211666
0.0217038
0.0222276
0.0227376
0.0232335
0.0237153
0.0241829
0.024636
0.0250747
0.0254987
0.0259082
0.0263029
0.0266829
0.027048
0.0273982
0.0277334
0.0280536
0.0283587
0.0286487
0.0289239
0.0291842
0.0294299
0.0296608
0.029877
0.030078
0.0302631
0.0304312
0.0305806
0.0307093
0.0308151
0.0308956
0.0309491
0.0309743
0.0309713
0.030942
0.0308897
0.0243137
0.0240994
0.0238516
0.0235602
0.0232227
0.0228417
0.0224217
0.0219673
0.021482
0.0209674
0.020424
0.0198512
0.0192489
0.0186176
0.0179607
0.017285
0.0166018
0.0159277
0.0152838
0.0146943
0.0141835
0.0137732
0.0134797
0.0133118
0.0132708
0.0133509
0.0135415
0.0138287
0.0141972
0.014632
0.0151192
0.0156466
0.0162035
0.0167812
0.0173722
0.0179709
0.0185723
0.0191727
0.0197691
0.0203591
0.0209409
0.0215128
0.0220738
0.022623
0.0231595
0.0236829
0.0241925
0.0246879
0.0251688
0.0256347
0.0260854
0.0265206
0.0269401
0.0273437
0.0277313
0.0281025
0.0284575
0.0287961
0.0291184
0.0294245
0.0297145
0.0299884
0.0302462
0.0304876
0.0307122
0.030919
0.0311065
0.0312732
0.0314168
0.0315351
0.0316262
0.0316886
0.0317217
0.0317269
0.0317064
0.0243203
0.0241281
0.0239241
0.023699
0.0234471
0.0231665
0.022858
0.0225234
0.0221648
0.0217837
0.0213807
0.0209556
0.0205075
0.0200352
0.0195375
0.0190143
0.0184671
0.0179
0.0173205
0.0167398
0.016173
0.0156382
0.0151549
0.0147427
0.0144182
0.0141938
0.0140765
0.0140677
0.0141634
0.0143559
0.0146348
0.0149883
0.0154045
0.0158718
0.0163798
0.0169191
0.0174816
0.0180606
0.0186502
0.0192456
0.019843
0.0204391
0.0210311
0.021617
0.0221949
0.0227633
0.0233208
0.0238666
0.0243995
0.0249188
0.0254237
0.0259136
0.026388
0.0268465
0.0272887
0.0277144
0.0281232
0.028515
0.0288898
0.0292475
0.0295882
0.0299119
0.0302187
0.0305082
0.0307802
0.0310339
0.0312682
0.0314815
0.0316719
0.0318374
0.0319759
0.0320856
0.0321655
0.0322159
0.0322384
0.0243232
0.0241413
0.0239602
0.0237729
0.0235739
0.0233596
0.0231282
0.0228796
0.0226142
0.0223328
0.0220359
0.0217237
0.0213958
0.0210513
0.020689
0.0203073
0.0199048
0.0194805
0.0190346
0.0185687
0.018087
0.0175959
0.0171052
0.0166273
0.0161768
0.0157695
0.0154209
0.0151448
0.014952
0.0148493
0.0148393
0.0149208
0.015089
0.0153369
0.0156558
0.0160361
0.0164686
0.016944
0.017454
0.017991
0.0185486
0.0191208
0.0197028
0.0202903
0.0208798
0.0214682
0.022053
0.0226319
0.0232031
0.023765
0.024316
0.0248549
0.0253806
0.0258924
0.0263894
0.0268711
0.027337
0.0277865
0.0282195
0.0286356
0.0290348
0.0294169
0.0297818
0.0301293
0.0304591
0.0307704
0.0310623
0.0313336
0.0315824
0.0318068
0.0320046
0.032174
0.0323134
0.0324224
0.0325014
0.0243243
0.0241468
0.0239767
0.0238093
0.0236402
0.0234659
0.0232838
0.0230926
0.0228914
0.0226801
0.0224587
0.0222274
0.021986
0.0217344
0.0214717
0.0211972
0.0209094
0.020607
0.0202885
0.0199526
0.0195985
0.0192262
0.0188373
0.0184347
0.0180237
0.0176116
0.0172079
0.016824
0.0164722
0.0161651
0.0159144
0.0157302
0.0156198
0.0155875
0.0156346
0.0157596
0.0159585
0.0162258
0.0165544
0.016937
0.017366
0.0178339
0.0183339
0.0188596
0.0194053
0.0199659
0.0205369
0.0211144
0.021695
0.0222757
0.022854
0.0234275
0.0239941
0.0245522
0.0251004
0.0256374
0.026162
0.0266734
0.0271706
0.0276529
0.0281198
0.0285708
0.0290054
0.029423
0.0298233
0.0302054
0.0305684
0.0309111
0.0312318
0.0315286
0.0317994
0.0320421
0.0322549
0.0324365
0.0325863
0.0243246
0.024149
0.0239836
0.0238256
0.0236718
0.0235195
0.0233663
0.0232101
0.0230498
0.0228845
0.0227135
0.0225367
0.0223538
0.0221647
0.0219692
0.0217669
0.0215573
0.0213397
0.021113
0.0208762
0.0206281
0.0203674
0.020093
0.0198044
0.0195013
0.0191846
0.0188565
0.0185202
0.018181
0.0178456
0.0175221
0.0172198
0.0169488
0.0167189
0.0165391
0.016417
0.0163585
0.016367
0.0164439
0.0165884
0.0167979
0.0170683
0.0173946
0.017771
0.0181917
0.0186507
0.0191422
0.0196607
0.0202013
0.0207592
0.0213304
0.0219109
0.0224971
0.0230861
0.0236749
0.024261
0.0248423
0.0254165
0.0259818
0.0265365
0.0270791
0.0276083
0.0281228
0.0286217
0.0291038
0.0295681
0.0300134
0.0304384
0.0308415
0.0312209
0.0315745
0.0319
0.0321953
0.0324588
0.0326886
0.0243248
0.0241497
0.0239862
0.0238322
0.0236855
0.023544
0.0234057
0.0232688
0.0231318
0.0229936
0.0228531
0.0227097
0.0225629
0.0224126
0.0222584
0.0221002
0.0219379
0.0217713
0.0216001
0.021424
0.0212425
0.0210549
0.0208606
0.0206585
0.0204481
0.0202285
0.0199992
0.0197601
0.0195117
0.0192553
0.018993
0.0187282
0.0184655
0.0182106
0.01797
0.0177515
0.0175626
0.0174112
0.0173045
0.0172486
0.0172484
0.0173073
0.0174269
0.0176075
0.0178476
0.0181448
0.0184956
0.0188957
0.0193404
0.0198248
0.0203436
0.0208918
0.0214642
0.0220558
0.0226621
0.0232786
0.0239011
0.0245258
0.0251492
0.025768
0.0263792
0.0269804
0.0275692
0.0281437
0.0287021
0.0292428
0.0297643
0.0302651
0.0307435
0.0311977
0.0316257
0.0320254
0.0323946
0.0327311
0.0330326
0.0243248
0.0241499
0.023987
0.0238344
0.0236903
0.0235531
0.0234211
0.0232926
0.0231662
0.0230406
0.0229147
0.0227876
0.0226587
0.0225274
0.0223935
0.0222568
0.0221174
0.0219751
0.0218302
0.0216826
0.0215323
0.0213794
0.0212236
0.0210647
0.0209024
0.0207364
0.0205661
0.0203912
0.0202114
0.0200265
0.0198369
0.0196433
0.019447
0.0192503
0.0190561
0.0188685
0.0186921
0.0185325
0.0183958
0.0182885
0.0182169
0.0181872
0.0182048
0.0182742
0.0183987
0.0185805
0.0188201
0.0191169
0.019469
0.0198733
0.0203258
0.0208217
0.0213558
0.0219223
0.0225155
0.0231296
0.0237591
0.0243987
0.0250434
0.0256888
0.0263308
0.0269658
0.0275906
0.0282026
0.0287993
0.0293789
0.0299394
0.0304792
0.0309965
0.0314896
0.0319566
0.0323952
0.0328032
0.0331785
0.0335185
0.0243248
0.0241499
0.023987
0.0238344
0.0236903
0.0235531
0.0234211
0.0232926
0.0231662
0.0230406
0.0229147
0.0227876
0.0226587
0.0225274
0.0223935
0.0222568
0.0221174
0.0219751
0.0218302
0.0216826
0.0215323
0.0213794
0.0212236
0.0210647
0.0209025
0.0207364
0.0205662
0.0203913
0.0202114
0.0200266
0.019837
0.0196433
0.0194471
0.0192504
0.0190562
0.0188686
0.0186922
0.0185326
0.0183959
0.0182886
0.018217
0.0181873
0.0182049
0.0182743
0.0183989
0.0185806
0.0188202
0.019117
0.0194691
0.0198734
0.0203259
0.0208218
0.0213559
0.0219224
0.0225156
0.0231297
0.0237592
0.0243987
0.0250435
0.0256889
0.0263309
0.0269659
0.0275907
0.0282028
0.0287997
0.0293793
0.02994
0.0304798
0.0309972
0.0314901
0.0319566
0.0323945
0.0328015
0.0331753
0.0335133
0.0243248
0.0241497
0.0239862
0.0238322
0.0236855
0.023544
0.0234057
0.0232688
0.0231318
0.0229936
0.0228531
0.0227097
0.022563
0.0224127
0.0222585
0.0221003
0.021938
0.0217714
0.0216003
0.0214242
0.0212427
0.0210552
0.0208608
0.0206588
0.0204484
0.0202289
0.0199996
0.0197606
0.0195122
0.0192558
0.0189936
0.0187289
0.0184662
0.0182112
0.0179708
0.0177522
0.0175633
0.0174119
0.0173051
0.0172491
0.0172488
0.0173076
0.0174272
0.0176077
0.0178477
0.0181449
0.0184956
0.0188956
0.0193403
0.0198246
0.0203434
0.0208915
0.0214639
0.0220556
0.0226618
0.0232783
0.0239008
0.0245256
0.025149
0.0257678
0.0263791
0.0269804
0.0275694
0.0281441
0.0287028
0.0292438
0.0297655
0.0302664
0.0307447
0.0311983
0.0316252
0.0320229
0.0323892
0.0327217
0.0330183
0.0243246
0.024149
0.0239836
0.0238256
0.0236719
0.0235196
0.0233663
0.0232102
0.0230499
0.0228846
0.0227136
0.0225368
0.022354
0.0221649
0.0219695
0.0217672
0.0215577
0.0213401
0.0211135
0.0208768
0.0206287
0.0203681
0.0200938
0.0198052
0.0195022
0.0191857
0.0188576
0.0185214
0.0181822
0.0178468
0.0175233
0.0172211
0.0169501
0.01672
0.0165401
0.0164179
0.0163592
0.0163675
0.0164442
0.0165885
0.0167978
0.017068
0.0173941
0.0177705
0.018191
0.0186499
0.0191413
0.0196597
0.0202002
0.0207581
0.0213293
0.0219098
0.022496
0.023085
0.0236738
0.02426
0.0248412
0.0254155
0.0259809
0.0265357
0.0270785
0.0276078
0.0281226
0.0286218
0.0291043
0.0295689
0.0300145
0.0304395
0.0308422
0.0312206
0.0315723
0.0318949
0.032186
0.032444
0.0326671
0.0243243
0.0241468
0.0239767
0.0238093
0.0236402
0.0234659
0.0232839
0.0230927
0.0228916
0.0226803
0.022459
0.0222278
0.0219865
0.0217349
0.0214724
0.0211979
0.0209102
0.020608
0.0202896
0.0199538
0.0195998
0.0192277
0.0188389
0.0184364
0.0180255
0.0176135
0.0172098
0.0168258
0.016474
0.0161667
0.0159159
0.0157315
0.0156208
0.0155882
0.015635
0.0157597
0.0159584
0.0162254
0.0165537
0.0169361
0.0173649
0.0178327
0.0183326
0.0188582
0.0194037
0.0199643
0.0205352
0.0211127
0.0216933
0.022274
0.0228523
0.0234258
0.0239924
0.0245506
0.0250988
0.0256358
0.0261605
0.0266719
0.0271692
0.0276517
0.0281188
0.02857
0.0290049
0.029423
0.0298236
0.0302061
0.0305692
0.0309117
0.0312317
0.031527
0.0317954
0.0320345
0.0322423
0.0324175
0.0325598
0.0243232
0.0241413
0.0239602
0.023773
0.023574
0.0233598
0.0231285
0.02288
0.0226147
0.0223334
0.0220366
0.0217245
0.0213967
0.0210524
0.0206903
0.0203087
0.0199064
0.0194823
0.0190365
0.0185709
0.0180893
0.0175983
0.0171077
0.0166298
0.0161793
0.0157719
0.0154231
0.0151467
0.0149536
0.0148505
0.0148401
0.0149212
0.0150891
0.0153366
0.0156551
0.0160352
0.0164674
0.0169426
0.0174524
0.0179894
0.0185468
0.0191189
0.0197008
0.0202883
0.0208778
0.0214662
0.022051
0.02263
0.0232012
0.0237631
0.0243141
0.024853
0.0253788
0.0258907
0.0263878
0.0268696
0.0273355
0.0277851
0.0282182
0.0286345
0.0290339
0.0294163
0.0297815
0.0301294
0.0304595
0.0307711
0.0310631
0.031334
0.0315818
0.0318044
0.0319993
0.0321645
0.0322984
0.0324006
0.0324717
0.0243204
0.0241281
0.0239242
0.0236991
0.0234473
0.0231669
0.0228585
0.0225241
0.0221657
0.0217847
0.0213819
0.0209571
0.0205092
0.020037
0.0195396
0.0190166
0.0184697
0.0179029
0.0173235
0.016743
0.0161762
0.0156413
0.0151579
0.0147454
0.0144205
0.0141957
0.014078
0.0140686
0.0141639
0.0143559
0.0146344
0.0149875
0.0154034
0.0158705
0.0163783
0.0169174
0.0174798
0.0180586
0.0186482
0.0192436
0.019841
0.020437
0.0210291
0.021615
0.0221929
0.0227613
0.023319
0.0238648
0.0243978
0.0249171
0.0254221
0.0259121
0.0263866
0.0268452
0.0272875
0.0277132
0.0281221
0.028514
0.028889
0.0292468
0.0295878
0.0299118
0.0302189
0.0305088
0.0307812
0.0310351
0.0312693
0.0314821
0.0316713
0.0318346
0.0319698
0.032075
0.032149
0.0321924
0.0322069
0.0243137
0.0240994
0.0238518
0.0235606
0.0232232
0.0228424
0.0224226
0.0219685
0.0214835
0.0209692
0.020426
0.0198536
0.0192515
0.0186206
0.017964
0.0172885
0.0166055
0.0159315
0.0152876
0.0146979
0.0141868
0.0137762
0.0134821
0.0133136
0.013272
0.0133516
0.0135417
0.0138283
0.0141964
0.0146309
0.0151179
0.015645
0.0162018
0.0167793
0.0173703
0.0179689
0.0185703
0.0191707
0.0197672
0.0203572
0.020939
0.021511
0.0220721
0.0226213
0.023158
0.0236814
0.0241911
0.0246867
0.0251676
0.0256336
0.0260844
0.0265197
0.0269393
0.027343
0.0277306
0.028102
0.0284571
0.0287958
0.0291183
0.0294245
0.0297147
0.029989
0.0302472
0.030489
0.0307139
0.0309208
0.0311083
0.0312742
0.0314164
0.0315323
0.0316199
0.0316774
0.0317044
0.0317023
0.0316737
0.024299
0.0240417
0.0237171
0.0233196
0.022855
0.0223331
0.0217635
0.0211532
0.0205061
0.0198241
0.0191081
0.01836
0.0175845
0.0167909
0.0159945
0.0152174
0.0144873
0.0138346
0.0132887
0.0128734
0.0126033
0.0124826
0.0125058
0.0126596
0.0129265
0.0132871
0.0137223
0.014215
0.0147501
0.0153152
0.0159002
0.0164969
0.0170991
0.0177016
0.0183008
0.0188936
0.019478
0.0200521
0.0206148
0.0211651
0.0217025
0.0222263
0.0227364
0.0232325
0.0237144
0.0241821
0.0246353
0.0250741
0.0254983
0.0259078
0.0263027
0.0266827
0.027048
0.0273983
0.0277336
0.0280538
0.028359
0.0286492
0.0289245
0.0291851
0.029431
0.0296623
0.0298789
0.0300803
0.0302657
0.0304339
0.030583
0.030711
0.0308151
0.0308931
0.0309428
0.0309629
0.0309536
0.0309169
0.0308566
0.0242687
0.0239334
0.0234838
0.022929
0.0222889
0.0215829
0.0208248
0.0200231
0.0191822
0.018306
0.0174001
0.0164756
0.015551
0.0146534
0.0138173
0.0130808
0.0124791
0.0120388
0.0117733
0.0116814
0.0117503
0.0119589
0.0122827
0.0126972
0.0131799
0.0137118
0.0142774
0.0148642
0.0154626
0.0160653
0.0166668
0.017263
0.0178509
0.0184282
0.0189934
0.0195455
0.0200837
0.0206077
0.0211172
0.021612
0.0220922
0.022558
0.0230093
0.0234465
0.0238695
0.0242786
0.0246738
0.0250552
0.025423
0.0257773
0.026118
0.0264452
0.026759
0.0270593
0.027346
0.0276193
0.0278791
0.0281255
0.0283588
0.0285789
0.0287861
0.0289803
0.0291612
0.0293283
0.0294806
0.0296165
0.0297341
0.0298309
0.0299043
0.0299519
0.0299716
0.0299625
0.0299254
0.0298631
0.0297801
0.0242106
0.0237436
0.0231062
0.0223356
0.021471
0.0205404
0.0195605
0.0185407
0.0174889
0.0164166
0.0153436
0.0143003
0.013328
0.0124731
0.0117796
0.0112795
0.0109865
0.0108954
0.0109853
0.0112269
0.0115882
0.0120389
0.0125533
0.0131104
0.0136938
0.0142911
0.0148932
0.0154935
0.016087
0.0166705
0.0172416
0.0177988
0.018341
0.0188678
0.0193788
0.019874
0.0203536
0.0208176
0.0212666
0.0217006
0.0221202
0.0225257
0.0229174
0.0232956
0.0236606
0.0240127
0.024352
0.0246789
0.0249935
0.0252959
0.0255863
0.0258647
0.0261312
0.0263858
0.0266285
0.0268594
0.0270785
0.027286
0.0274821
0.0276668
0.0278402
0.0280022
0.0281526
0.0282905
0.0284148
0.0285238
0.0286153
0.0286867
0.0287352
0.0287585
0.0287548
0.0287234
0.0286655
0.0285849
0.0284866
0.0241052
0.0234313
0.0225319
0.0214868
0.0203546
0.0191688
0.0179474
0.0167039
0.0154569
0.014237
0.0130889
0.0120682
0.0112307
0.010619
0.0102521
0.0101227
0.0102026
0.010453
0.0108326
0.0113046
0.0118384
0.0124105
0.0130033
0.0136042
0.0142042
0.0147971
0.0153786
0.0159461
0.0164977
0.0170325
0.01755
0.0180501
0.0185328
0.0189985
0.0194477
0.0198807
0.0202981
0.0207004
0.0210882
0.021462
0.0218223
0.0221696
0.0225043
0.0228268
0.0231373
0.0234363
0.023724
0.0240007
0.0242667
0.0245219
0.0247667
0.0250011
0.0252251
0.0254388
0.0256422
0.0258355
0.0260187
0.026192
0.0263555
0.0265093
0.0266535
0.0267879
0.0269121
0.0270253
0.0271261
0.0272126
0.0272826
0.0273333
0.0273619
0.0273662
0.0273444
0.0272964
0.0272238
0.0271307
0.027023
0.0239247
0.0229474
0.0217086
0.020339
0.0189108
0.0174579
0.0160015
0.0145679
0.0131992
0.0119556
0.0109061
0.0101111
0.00960357
0.0093806
0.0094088
0.00963812
0.0100157
0.0104949
0.0110383
0.0116184
0.0122156
0.0128162
0.0134111
0.0139944
0.0145623
0.0151126
0.015644
0.0161559
0.0166484
0.0171218
0.0175765
0.0180131
0.0184323
0.0188348
0.0192214
0.0195928
0.0199496
0.0202925
0.0206223
0.0209393
0.0212443
0.0215377
0.0218199
0.0220914
0.0223524
0.0226034
0.0228446
0.0230763
0.0232986
0.0235119
0.0237161
0.0239114
0.0240979
0.0242756
0.0244446
0.024605
0.0247568
0.0249003
0.0250355
0.0251627
0.0252818
0.0253925
0.0254946
0.0255868
0.025668
0.025736
0.0257884
0.0258225
0.0258355
0.0258253
0.0257902
0.0257304
0.025648
0.0255475
0.025435
0.0236319
0.0222386
0.020592
0.0188676
0.0171386
0.0154372
0.0137959
0.0122677
0.0109275
0.0098566
0.00911452
0.00871637
0.00863081
0.00879691
0.00914588
0.00961631
0.0101603
0.0107434
0.0113421
0.0119411
0.0125304
0.0131041
0.0136586
0.0141921
0.0147038
0.0151937
0.015662
0.0161096
0.0165373
0.0169458
0.0173363
0.0177096
0.0180666
0.0184083
0.0187354
0.0190489
0.0193493
0.0196374
0.0199139
0.0201793
0.0204342
0.020679
0.0209142
0.02114
0.021357
0.0215654
0.0217654
0.0219574
0.0221415
0.0223179
0.0224866
0.0226479
0.0228017
0.0229481
0.0230872
0.023219
0.0233438
0.0234617
0.0235727
0.023677
0.0237747
0.0238654
0.0239487
0.0240235
0.0240883
0.0241411
0.0241794
0.0242005
0.0242017
0.0241807
0.0241365
0.0240692
0.0239811
0.0238772
0.0237639
0.0231803
0.021255
0.0191554
0.0170758
0.0150755
0.0131895
0.0114763
0.0100234
0.00892264
0.00822801
0.00793002
0.00796429
0.00824265
0.0086813
0.00921438
0.00979562
0.0103946
0.0109924
0.0115774
0.0121431
0.012686
0.0132045
0.0136983
0.0141677
0.0146136
0.0150371
0.0154393
0.0158215
0.0161848
0.0165304
0.0168595
0.0171731
0.0174722
0.0177577
0.0180304
0.0182912
0.0185407
0.0187796
0.0190084
0.0192279
0.0194383
0.0196402
0.0198339
0.0200198
0.0201982
0.0203694
0.0205336
0.0206911
0.020842
0.0209864
0.0211245
0.0212564
0.0213821
0.0215016
0.0216151
0.0217226
0.0218242
0.0219202
0.0220106
0.0220956
0.0221752
0.022249
0.0223166
0.0223768
0.0224283
0.0224688
0.022496
0.0225071
0.0224997
0.0224715
0.0224216
0.0223503
0.0222602
0.0221563
0.0220451
0.0225166
0.019959
0.0173989
0.0150028
0.0128069
0.0108615
0.00925981
0.00810193
0.00743379
0.00721587
0.00734688
0.00771161
0.00821381
0.00878559
0.00938359
0.0099818
0.0105653
0.0111262
0.0116606
0.012167
0.0126456
0.0130971
0.0135229
0.0139244
0.0143032
0.014661
0.014999
0.0153189
0.0156219
0.0159092
0.016182
0.0164413
0.0166881
0.0169231
0.0171473
0.0173613
0.0175658
0.0177613
0.0179485
0.0181277
0.0182994
0.018464
0.0186217
0.018773
0.0189181
0.0190573
0.0191907
0.0193186
0.019441
0.0195582
0.0196701
0.0197769
0.0198786
0.0199753
0.020067
0.0201539
0.020236
0.0203135
0.0203865
0.0204553
0.0205196
0.0205793
0.0206338
0.0206821
0.0207227
0.0207534
0.0207721
0.020776
0.0207627
0.0207302
0.0206776
0.0206055
0.0205163
0.0204152
0.0203085
0.021586
0.0183353
0.0153564
0.0127304
0.0104721
0.00865899
0.00739448
0.00671592
0.0065496
0.00675241
0.00718033
0.00772518
0.00831785
0.00891816
0.00950422
0.0100649
0.0105953
0.0110939
0.0115609
0.0119978
0.0124064
0.0127886
0.0131465
0.013482
0.013797
0.0140931
0.0143719
0.0146348
0.0148832
0.0151181
0.0153407
0.0155518
0.0157524
0.0159432
0.0161249
0.0162981
0.0164635
0.0166215
0.0167726
0.0169172
0.0170556
0.0171882
0.0173152
0.0174369
0.0175537
0.0176656
0.0177728
0.0178755
0.0179738
0.0180679
0.0181577
0.0182433
0.0183249
0.0184023
0.0184757
0.0185452
0.0186109
0.018673
0.0187315
0.0187866
0.0188383
0.0188863
0.01893
0.0189685
0.0190003
0.0190235
0.0190358
0.0190347
0.0190179
0.0189836
0.0189309
0.0188604
0.0187747
0.0186786
0.0185782
0.02034
0.0163994
0.0130999
0.0103851
0.00826007
0.00681057
0.00606552
0.005914
0.00616319
0.00663475
0.00720653
0.00780755
0.00840042
0.00896701
0.00949957
0.00999581
0.0104562
0.0108827
0.0112777
0.0116437
0.0119834
0.0122992
0.0125933
0.0128678
0.0131244
0.0133649
0.0135907
0.013803
0.0140031
0.0141921
0.0143708
0.01454
0.0147006
0.0148532
0.0149984
0.0151367
0.0152686
0.0153946
0.0155149
0.0156301
0.0157402
0.0158457
0.0159467
0.0160435
0.0161363
0.0162252
0.0163104
0.016392
0.0164701
0.0165448
0.0166161
0.0166841
0.0167487
0.0168101
0.0168683
0.0169234
0.0169754
0.0170246
0.0170711
0.0171149
0.0171561
0.0171945
0.0172294
0.0172599
0.0172848
0.0173021
0.0173099
0.0173056
0.0172873
0.0172532
0.0172025
0.0171358
0.0170555
0.0169661
0.0168733
0.0187468
0.0142036
0.0107404
0.00813539
0.00638082
0.00548578
0.00530019
0.00556891
0.00606785
0.0066553
0.00725637
0.00783565
0.00837832
0.00887971
0.00933996
0.00976142
0.0101473
0.0105009
0.0108256
0.0111245
0.0114002
0.0116552
0.0118917
0.0121116
0.0123165
0.0125081
0.0126875
0.0128559
0.0130143
0.0131637
0.0133048
0.0134382
0.0135648
0.0136849
0.0137991
0.0139078
0.0140115
0.0141105
0.014205
0.0142954
0.0143819
0.0144646
0.0145439
0.0146199
0.0146927
0.0147625
0.0148294
0.0148934
0.0149547
0.0150133
0.0150692
0.0151225
0.0151732
0.0152214
0.015267
0.0153101
0.015351
0.0153896
0.0154261
0.0154607
0.0154932
0.0155236
0.0155513
0.0155755
0.0155949
0.0156079
0.0156125
0.0156066
0.0155883
0.0155559
0.0155088
0.0154475
0.0153741
0.0152928
0.0152087
0.0168034
0.0118383
0.00842427
0.00617248
0.00499947
0.0047092
0.00496549
0.00547744
0.00607288
0.00666903
0.00723126
0.00774764
0.00821641
0.00864003
0.00902258
0.00936849
0.009682
0.009967
0.0102269
0.0104648
0.0106832
0.0108844
0.0110704
0.0112428
0.0114031
0.0115526
0.0116923
0.0118233
0.0119463
0.0120622
0.0121715
0.0122749
0.0123728
0.0124657
0.0125541
0.0126381
0.0127183
0.0127948
0.0128679
0.0129377
0.0130046
0.0130686
0.0131299
0.0131886
0.013245
0.013299
0.0133507
0.0134003
0.0134478
0.0134931
0.0135365
0.0135778
0.013617
0.0136543
0.0136896
0.0137231
0.0137547
0.0137847
0.0138131
0.0138401
0.0138656
0.0138895
0.0139113
0.0139304
0.0139455
0.0139553
0.0139579
0.0139515
0.0139343
0.0139048
0.0138625
0.0138077
0.0137423
0.01367
0.0135952
0.014546
0.00942907
0.00632284
0.0046639
0.0041562
0.00435459
0.00486448
0.00546279
0.00605172
0.00659547
0.00708469
0.00752045
0.00790758
0.00825186
0.00855892
0.00883382
0.00908099
0.0093042
0.00950664
0.00969104
0.00985969
0.0100145
0.0101572
0.0102892
0.0104117
0.0105257
0.0106321
0.0107317
0.0108253
0.0109132
0.0109962
0.0110747
0.011149
0.0112194
0.0112864
0.0113502
0.011411
0.0114691
0.0115246
0.0115776
0.0116284
0.011677
0.0117236
0.0117683
0.0118112
0.0118523
0.0118918
0.0119296
0.0119658
0.0120004
0.0120335
0.012065
0.012095
0.0121235
0.0121505
0.012176
0.0122002
0.0122232
0.012245
0.0122658
0.0122856
0.0123042
0.0123213
0.0123363
0.0123481
0.0123555
0.0123569
0.0123508
0.0123354
0.0123097
0.0122729
0.0122253
0.0121686
0.0121059
0.0120408
0.0120585
0.00712909
0.00460496
0.00368212
0.00374525
0.0042321
0.00482949
0.00541102
0.00593653
0.00639878
0.00680186
0.00715309
0.00746005
0.00772958
0.00796756
0.00817887
0.00836758
0.00853703
0.00869001
0.00882879
0.00895531
0.00907115
0.00917765
0.00927596
0.00936704
0.00945172
0.00953069
0.00960457
0.00967387
0.00973907
0.00980055
0.00985865
0.0099137
0.00996594
0.0100156
0.0100629
0.0101081
0.0101512
0.0101924
0.0102319
0.0102697
0.0103059
0.0103407
0.010374
0.010406
0.0104368
0.0104663
0.0104946
0.0105217
0.0105477
0.0105725
0.0105962
0.0106188
0.0106402
0.0106605
0.0106797
0.010698
0.0107153
0.0107319
0.0107477
0.0107629
0.0107772
0.0107905
0.0108021
0.0108113
0.0108169
0.0108178
0.0108124
0.0107994
0.0107777
0.0107467
0.0107067
0.0106589
0.0106059
0.0105508
0.00947284
0.00510404
0.00338476
0.00316083
0.00358575
0.0041775
0.00475325
0.00526217
0.00569849
0.00606964
0.00638579
0.00665649
0.0068899
0.00709265
0.00727012
0.00742658
0.00756548
0.0076896
0.00780119
0.00790209
0.00799381
0.0080776
0.00815449
0.00822537
0.00829096
0.00835189
0.00840869
0.00846181
0.00851164
0.00855853
0.00860276
0.00864458
0.00868423
0.00872189
0.00875773
0.00879191
0.00882455
0.00885577
0.00888564
0.00891426
0.00894171
0.00896805
0.00899336
0.00901767
0.00904105
0.00906353
0.00908514
0.00910591
0.00912584
0.00914495
0.00916323
0.00918068
0.00919731
0.00921312
0.00922812
0.00924235
0.00925587
0.00926877
0.00928112
0.00929301
0.00930444
0.00931535
0.0093255
0.00933445
0.00934155
0.00934592
0.0093465
0.00934211
0.0093316
0.00931404
0.00928893
0.00925638
0.00921737
0.00917397
0.00912855
0.00696228
0.00350386
0.0026611
0.00293606
0.00351106
0.004084
0.0045794
0.0049915
0.00533172
0.00561362
0.00584911
0.00604773
0.00621695
0.00636255
0.006489
0.00659976
0.00669757
0.00678459
0.00686254
0.00693283
0.00699656
0.00705469
0.00710796
0.00715701
0.00720239
0.00724452
0.00728381
0.00732056
0.00735506
0.00738754
0.00741822
0.00744726
0.00747482
0.00750105
0.00752605
0.00754992
0.00757277
0.00759466
0.00761563
0.00763576
0.00765511
0.00767371
0.00769161
0.00770885
0.00772546
0.00774147
0.00775689
0.00777173
0.00778601
0.00779972
0.00781286
0.00782544
0.00783743
0.00784885
0.0078597
0.00787001
0.00787984
0.00788924
0.00789829
0.00790704
0.00791552
0.00792367
0.00793131
0.00793811
0.00794355
0.00794695
0.00794745
0.00794411
0.00793601
0.00792239
0.00790281
0.00787732
0.00784666
0.00781239
0.0077763
0.00472193
0.00241259
0.00231024
0.0028345
0.00340776
0.00389434
0.00428463
0.00459496
0.00484331
0.00504442
0.00520949
0.00534679
0.00546248
0.00556112
0.00564615
0.00572019
0.00578525
0.0058429
0.00589438
0.00594068
0.00598259
0.00602076
0.00605572
0.0060879
0.00611767
0.00614534
0.00617115
0.00619533
0.00621806
0.0062395
0.00625978
0.00627903
0.00629734
0.0063148
0.00633149
0.00634748
0.00636281
0.00637754
0.00639169
0.00640531
0.00641843
0.00643108
0.0064433
0.0064551
0.0064665
0.00647752
0.00648817
0.00649845
0.00650837
0.00651791
0.00652709
0.00653589
0.00654431
0.00655234
0.00655999
0.00656729
0.00657426
0.00658096
0.00658744
0.00659374
0.0065999
0.00660585
0.00661149
0.00661656
0.00662067
0.00662329
0.00662379
0.00662145
0.00661554
0.00660548
0.00659091
0.00657183
0.00654876
0.00652287
0.00649541
0.00293379
0.00179532
0.00215579
0.0027275
0.00321222
0.00358393
0.00386531
0.00408045
0.00424775
0.00438029
0.00448722
0.00457495
0.00464805
0.0047098
0.00476265
0.00480838
0.00484838
0.00488368
0.00491512
0.00494334
0.00496885
0.00499207
0.00501335
0.00503294
0.00505109
0.00506799
0.00508379
0.00509863
0.00511261
0.00512585
0.00513842
0.00515039
0.00516182
0.00517276
0.00518327
0.00519337
0.00520311
0.00521249
0.00522154
0.00523029
0.00523875
0.00524695
0.0052549
0.00526262
0.0052701
0.00527737
0.00528442
0.00529125
0.00529787
0.00530427
0.00531045
0.00531639
0.00532209
0.00532756
0.00533279
0.00533779
0.0053426
0.00534723
0.00535175
0.00535617
0.00536051
0.00536475
0.0053688
0.00537248
0.00537552
0.00537753
0.00537806
0.00537657
0.00537256
0.00536557
0.00535534
0.00534184
0.00532543
0.00530692
0.00528715
0.00170896
0.00150482
0.0020444
0.00253723
0.00289507
0.00314817
0.00332982
0.00346341
0.00356428
0.00364235
0.00370417
0.00375413
0.00379524
0.00382961
0.00385877
0.00388384
0.00390565
0.00392483
0.00394186
0.00395713
0.00397093
0.0039835
0.00399503
0.00400568
0.00401558
0.00402484
0.00403353
0.00404173
0.00404951
0.00405692
0.00406399
0.00407078
0.0040773
0.00408359
0.00408967
0.00409556
0.00410127
0.00410681
0.00411218
0.00411741
0.00412251
0.00412748
0.00413233
0.00413707
0.00414169
0.00414621
0.00415062
0.00415493
0.00415912
0.0041632
0.00416715
0.00417098
0.00417468
0.00417824
0.00418166
0.00418496
0.00418815
0.00419124
0.00419428
0.00419727
0.00420023
0.00420314
0.00420595
0.00420854
0.00421072
0.00421224
0.00421279
0.00421201
0.00420955
0.0042051
0.00419847
0.00418964
0.00417882
0.00416655
0.00415335
0.00102197
0.00136042
0.00187193
0.00222402
0.00244908
0.00259591
0.00269532
0.00276524
0.00281618
0.00285447
0.00288405
0.00290745
0.00292637
0.00294196
0.00295502
0.00296614
0.00297574
0.00298414
0.00299158
0.00299825
0.00300429
0.00300981
0.00301491
0.00301965
0.00302409
0.00302829
0.00303227
0.00303608
0.00303973
0.00304325
0.00304666
0.00304997
0.0030532
0.00305635
0.00305944
0.00306247
0.00306544
0.00306835
0.00307121
0.00307402
0.0030768
0.00307953
0.00308223
0.00308489
0.00308751
0.0030901
0.00309266
0.00309517
0.00309763
0.00310006
0.00310242
0.00310473
0.00310698
0.00310917
0.00311129
0.00311334
0.00311535
0.00311731
0.00311925
0.00312118
0.0031231
0.003125
0.00312686
0.00312859
0.00313009
0.00313121
0.00313175
0.00313151
0.00313025
0.0031278
0.00312403
0.00311892
0.00311258
0.00310533
0.00309745
0.00071366
0.00121543
0.00157851
0.00177563
0.00188461
0.00194865
0.00198855
0.00201472
0.00203262
0.00204532
0.00205461
0.0020616
0.002067
0.00207126
0.00207471
0.00207756
0.00207997
0.00208205
0.00208389
0.00208554
0.00208706
0.00208847
0.00208981
0.0020911
0.00209235
0.00209357
0.00209478
0.00209598
0.00209717
0.00209837
0.00209958
0.00210079
0.00210201
0.00210324
0.00210448
0.00210573
0.00210699
0.00210825
0.00210952
0.0021108
0.00211208
0.00211337
0.00211467
0.00211597
0.00211728
0.00211859
0.0021199
0.00212121
0.00212251
0.0021238
0.00212508
0.00212635
0.0021276
0.00212882
0.00213003
0.00213121
0.00213237
0.00213353
0.00213467
0.00213582
0.00213697
0.00213812
0.00213925
0.00214032
0.00214129
0.00214207
0.00214256
0.00214266
0.00214226
0.00214124
0.00213956
0.00213718
0.00213416
0.00213066
0.00212679
0.000607514
0.000974735
0.00114433
0.00120912
0.00123574
0.00124751
0.00125278
0.00125492
0.00125547
0.00125521
0.00125452
0.00125362
0.00125265
0.00125168
0.00125073
0.00124985
0.00124904
0.0012483
0.00124765
0.00124708
0.00124659
0.00124617
0.00124583
0.00124555
0.00124534
0.0012452
0.00124511
0.00124508
0.0012451
0.00124517
0.00124529
0.00124545
0.00124565
0.00124589
0.00124617
0.00124648
0.00124682
0.00124718
0.00124757
0.00124799
0.00124843
0.00124889
0.00124937
0.00124987
0.00125039
0.00125093
0.00125147
0.00125203
0.00125261
0.00125318
0.00125377
0.00125436
0.00125495
0.00125554
0.00125613
0.00125672
0.00125731
0.00125789
0.00125848
0.00125908
0.00125968
0.00126028
0.00126087
0.00126145
0.00126199
0.00126247
0.00126284
0.00126308
0.00126314
0.00126297
0.00126257
0.00126191
0.00126101
0.00125992
0.00125867
0.000506411
0.000492149
0.000480643
0.000472531
0.000466284
0.000461356
0.00045739
0.000454134
0.000451416
0.000449115
0.000447145
0.000445444
0.000443964
0.00044267
0.000441533
0.00044053
0.000439645
0.000438861
0.000438167
0.000437552
0.000437007
0.000436526
0.000436101
0.000435728
0.000435401
0.000435117
0.000434871
0.000434661
0.000434483
0.000434335
0.000434215
0.00043412
0.000434049
0.000434
0.000433971
0.000433961
0.000433968
0.000433992
0.000434031
0.000434085
0.000434152
0.000434231
0.000434322
0.000434423
0.000434535
0.000434655
0.000434785
0.000434922
0.000435067
0.000435218
0.000435374
0.000435537
0.000435703
0.000435874
0.000436048
0.000436224
0.000436403
0.000436583
0.000436764
0.000436946
0.000437127
0.000437307
0.000437483
0.000437654
0.000437818
0.000437971
0.000438111
0.000438234
0.00043834
0.000438425
0.000438491
0.000438539
0.000438575
0.000438604
0.000438632
)
;

boundaryField
{
    lowerWall
    {
        type            nutkWallFunction;
        Cmu             0.09;
        kappa           0.41;
        E               9.8;
        value           nonuniform List<scalar> 
75
(
6.12961e-05
5.95672e-05
5.81686e-05
5.71801e-05
5.64177e-05
5.58154e-05
5.53301e-05
5.49314e-05
5.45982e-05
5.4316e-05
5.40742e-05
5.38653e-05
5.36836e-05
5.35245e-05
5.33848e-05
5.32616e-05
5.31527e-05
5.30563e-05
5.29708e-05
5.28952e-05
5.28282e-05
5.27689e-05
5.27166e-05
5.26707e-05
5.26304e-05
5.25954e-05
5.25652e-05
5.25392e-05
5.25173e-05
5.24991e-05
5.24843e-05
5.24726e-05
5.24639e-05
5.24578e-05
5.24542e-05
5.2453e-05
5.2454e-05
5.24569e-05
5.24617e-05
5.24683e-05
5.24765e-05
5.24863e-05
5.24975e-05
5.251e-05
5.25237e-05
5.25386e-05
5.25545e-05
5.25714e-05
5.25892e-05
5.26078e-05
5.26271e-05
5.26471e-05
5.26676e-05
5.26886e-05
5.27101e-05
5.27318e-05
5.27538e-05
5.2776e-05
5.27983e-05
5.28206e-05
5.28427e-05
5.28644e-05
5.28857e-05
5.29063e-05
5.29258e-05
5.2944e-05
5.29606e-05
5.29755e-05
5.29885e-05
5.29996e-05
5.30091e-05
5.30173e-05
5.30249e-05
5.30328e-05
5.30417e-05
)
;
    }
    upperWall
    {
        type            nutkWallFunction;
        Cmu             0.09;
        kappa           0.41;
        E               9.8;
        value           nonuniform List<scalar> 
75
(
6.13382e-05
5.96092e-05
5.821e-05
5.72211e-05
5.64583e-05
5.58556e-05
5.537e-05
5.49711e-05
5.46377e-05
5.43553e-05
5.41134e-05
5.39044e-05
5.37225e-05
5.35634e-05
5.34236e-05
5.33003e-05
5.31913e-05
5.30948e-05
5.30094e-05
5.29336e-05
5.28666e-05
5.28073e-05
5.2755e-05
5.2709e-05
5.26688e-05
5.26337e-05
5.26034e-05
5.25775e-05
5.25556e-05
5.25373e-05
5.25225e-05
5.25108e-05
5.25021e-05
5.2496e-05
5.24924e-05
5.24912e-05
5.24922e-05
5.24951e-05
5.24999e-05
5.25065e-05
5.25147e-05
5.25245e-05
5.25357e-05
5.25482e-05
5.25619e-05
5.25768e-05
5.25928e-05
5.26097e-05
5.26275e-05
5.26461e-05
5.26654e-05
5.26854e-05
5.2706e-05
5.2727e-05
5.27484e-05
5.27702e-05
5.27922e-05
5.28144e-05
5.28367e-05
5.2859e-05
5.28812e-05
5.2903e-05
5.29244e-05
5.29449e-05
5.29645e-05
5.29827e-05
5.29993e-05
5.3014e-05
5.30267e-05
5.30374e-05
5.30463e-05
5.30538e-05
5.30607e-05
5.30678e-05
5.30759e-05
)
;
    }
    inlet
    {
        type            calculated;
        value           uniform 0.0245118;
    }
    outlet
    {
        type            calculated;
        value           nonuniform List<scalar> 
60
(
0.000438358
0.00125825
0.00212656
0.00309769
0.00415429
0.00528907
0.00649859
0.00778105
0.00913519
0.0105596
0.0120521
0.0136091
0.0152253
0.0168927
0.0186003
0.0203332
0.0220721
0.0237929
0.0254658
0.027055
0.0285194
0.0298134
0.0308897
0.0317064
0.0322384
0.0325014
0.0325863
0.0326886
0.0330326
0.0335185
0.0335133
0.0330183
0.0326671
0.0325598
0.0324717
0.0322069
0.0316737
0.0308566
0.0297801
0.0284866
0.027023
0.025435
0.0237639
0.0220451
0.0203085
0.0185782
0.0168733
0.0152087
0.0135952
0.0120408
0.0105508
0.00912855
0.0077763
0.00649541
0.00528715
0.00415335
0.00309745
0.00212679
0.00125867
0.000438632
)
;
    }
    frontAndBack
    {
        type            empty;
    }
}


// ************************************************************************* //
