/*--------------------------------*- C++ -*----------------------------------*\
  =========                 |
  \\      /  F ield         | OpenFOAM: The Open Source CFD Toolbox
   \\    /   O peration     | Website:  https://openfoam.org
    \\  /    A nd           | Version:  7
     \\/     M anipulation  |
\*---------------------------------------------------------------------------*/
FoamFile
{
    version     2.0;
    format      ascii;
    class       volScalarField;
    location    "950";
    object      nut;
}
// * * * * * * * * * * * * * * * * * * * * * * * * * * * * * * * * * * * * * //

dimensions      [0 2 -1 0 0 0 0];

internalField   nonuniform List<scalar> 
4500
(
0.000506064
0.000491803
0.000480303
0.000472195
0.000465952
0.000461027
0.000457063
0.00045381
0.000451094
0.000448794
0.000446826
0.000445126
0.000443647
0.000442353
0.000441217
0.000440216
0.000439331
0.000438548
0.000437854
0.000437239
0.000436695
0.000436214
0.00043579
0.000435417
0.000435091
0.000434806
0.000434561
0.000434351
0.000434173
0.000434025
0.000433905
0.00043381
0.000433739
0.00043369
0.000433661
0.000433651
0.000433659
0.000433683
0.000433722
0.000433775
0.000433842
0.000433921
0.000434012
0.000434113
0.000434224
0.000434345
0.000434474
0.000434612
0.000434756
0.000434907
0.000435064
0.000435226
0.000435392
0.000435563
0.000435737
0.000435913
0.000436091
0.000436269
0.000436449
0.000436627
0.000436805
0.00043698
0.000437152
0.000437318
0.000437477
0.000437625
0.000437761
0.000437882
0.000437991
0.00043809
0.000438188
0.0004383
0.000438445
0.000438648
0.000438934
0.000607327
0.000974335
0.00114372
0.00120841
0.00123497
0.00124672
0.00125197
0.00125409
0.00125464
0.00125437
0.00125368
0.00125278
0.00125181
0.00125083
0.00124989
0.001249
0.00124819
0.00124745
0.0012468
0.00124623
0.00124574
0.00124532
0.00124497
0.0012447
0.00124449
0.00124434
0.00124426
0.00124423
0.00124425
0.00124432
0.00124443
0.0012446
0.0012448
0.00124504
0.00124531
0.00124562
0.00124596
0.00124632
0.00124671
0.00124713
0.00124757
0.00124803
0.00124851
0.00124901
0.00124953
0.00125006
0.00125061
0.00125117
0.00125174
0.00125232
0.00125291
0.0012535
0.00125409
0.00125468
0.00125528
0.00125587
0.00125645
0.00125702
0.00125759
0.00125814
0.00125868
0.00125921
0.00125971
0.00126017
0.00126057
0.0012609
0.00126112
0.00126121
0.00126117
0.001261
0.00126078
0.00126061
0.00126071
0.00126135
0.00126281
0.000713424
0.00121515
0.00157793
0.00177481
0.00188365
0.00194758
0.00198742
0.00201353
0.0020314
0.00204407
0.00205335
0.00206032
0.00206571
0.00206996
0.0020734
0.00207624
0.00207864
0.00208072
0.00208255
0.0020842
0.00208571
0.00208712
0.00208846
0.00208974
0.00209099
0.00209221
0.00209341
0.00209461
0.0020958
0.002097
0.0020982
0.00209941
0.00210063
0.00210186
0.0021031
0.00210435
0.00210561
0.00210687
0.00210813
0.00210941
0.00211069
0.00211198
0.00211328
0.00211458
0.00211589
0.00211719
0.0021185
0.00211981
0.0021211
0.0021224
0.00212368
0.00212495
0.00212621
0.00212745
0.00212866
0.00212984
0.00213099
0.0021321
0.00213318
0.00213422
0.00213521
0.00213615
0.00213702
0.00213778
0.00213838
0.00213875
0.00213882
0.00213851
0.0021378
0.00213676
0.00213558
0.00213462
0.00213448
0.00213597
0.00213997
0.00102124
0.00136022
0.0018715
0.00222328
0.00244808
0.00259473
0.00269401
0.00276382
0.00281468
0.00285291
0.00288244
0.00290581
0.00292469
0.00294025
0.00295329
0.00296439
0.00297397
0.00298236
0.00298979
0.00299644
0.00300247
0.00300798
0.00301307
0.0030178
0.00302224
0.00302642
0.0030304
0.0030342
0.00303785
0.00304136
0.00304477
0.00304807
0.0030513
0.00305444
0.00305753
0.00306055
0.00306352
0.00306643
0.00306928
0.0030721
0.00307487
0.0030776
0.00308029
0.00308295
0.00308558
0.00308816
0.00309071
0.00309321
0.00309568
0.0030981
0.00310047
0.00310279
0.00310506
0.00310726
0.0031094
0.00311145
0.00311343
0.00311532
0.00311712
0.00311883
0.00312045
0.00312195
0.0031233
0.00312442
0.00312522
0.00312555
0.00312526
0.00312423
0.00312241
0.00311994
0.0031172
0.00311497
0.00311445
0.00311729
0.00312526
0.00170708
0.00150447
0.00204415
0.00253669
0.00289421
0.00314704
0.00332847
0.0034619
0.00356263
0.0036406
0.00370233
0.00375222
0.00379326
0.00382758
0.0038567
0.00388174
0.00390351
0.00392266
0.00393966
0.00395491
0.00396869
0.00398124
0.00399275
0.00400339
0.00401327
0.00402251
0.00403119
0.00403938
0.00404715
0.00405455
0.00406161
0.00406839
0.0040749
0.00408118
0.00408725
0.00409313
0.00409884
0.00410437
0.00410974
0.00411496
0.00412005
0.00412502
0.00412987
0.0041346
0.00413922
0.00414374
0.00414814
0.00415243
0.00415662
0.00416069
0.00416466
0.00416851
0.00417223
0.00417582
0.00417927
0.00418257
0.00418571
0.00418868
0.00419149
0.00419413
0.00419659
0.00419884
0.00420083
0.00420242
0.00420344
0.00420368
0.00420286
0.0042008
0.00419743
0.00419297
0.00418812
0.00418417
0.00418317
0.0041879
0.00420134
0.00293021
0.00179432
0.00215557
0.00272719
0.0032116
0.00358299
0.00386409
0.004079
0.0042461
0.00437848
0.00448527
0.00457289
0.00464589
0.00470757
0.00476034
0.00480601
0.00484595
0.0048812
0.0049126
0.00494078
0.00496625
0.00498944
0.00501069
0.00503026
0.00504838
0.00506526
0.00508103
0.00509585
0.00510982
0.00512304
0.00513559
0.00514754
0.00515896
0.00516989
0.00518038
0.00519047
0.00520019
0.00520957
0.00521861
0.00522735
0.0052358
0.005244
0.00525194
0.00525965
0.00526713
0.00527438
0.00528142
0.00528824
0.00529485
0.00530124
0.00530743
0.0053134
0.00531915
0.00532466
0.00532993
0.00533493
0.00533965
0.00534411
0.00534828
0.00535218
0.00535578
0.00535905
0.00536188
0.00536409
0.00536542
0.00536553
0.00536404
0.00536066
0.00535531
0.00534835
0.00534085
0.00533479
0.00533328
0.00534052
0.00536107
0.00471652
0.00241031
0.00230969
0.00283433
0.00340742
0.00389369
0.00428366
0.0045937
0.00484179
0.00504269
0.00520757
0.00534471
0.00546027
0.00555879
0.00564371
0.00571766
0.00578263
0.00584021
0.00589162
0.00593786
0.00597972
0.00601784
0.00605276
0.0060849
0.00611463
0.00614226
0.00616804
0.00619219
0.00621489
0.00623631
0.00625657
0.00627579
0.00629408
0.00631152
0.00632819
0.00634415
0.00635947
0.00637418
0.00638831
0.00640192
0.00641503
0.00642767
0.00643988
0.00645167
0.00646307
0.00647407
0.00648469
0.00649495
0.00650485
0.0065144
0.00652359
0.00653243
0.0065409
0.006549
0.0065567
0.00656399
0.00657085
0.00657728
0.00658329
0.00658887
0.006594
0.00659861
0.00660257
0.00660561
0.00660738
0.00660739
0.00660513
0.00660019
0.00659249
0.00658257
0.00657198
0.00656353
0.0065616
0.00657212
0.00660154
0.00695534
0.00349985
0.00265963
0.00293574
0.00351092
0.00408367
0.00457876
0.00499055
0.00533047
0.0056121
0.00584735
0.00604576
0.00621481
0.00636025
0.00648655
0.00659718
0.00669488
0.0067818
0.00685966
0.00692986
0.00699353
0.00705158
0.00710479
0.00715379
0.0071991
0.00724119
0.00728043
0.00731714
0.0073516
0.00738404
0.00741468
0.00744369
0.00747122
0.00749741
0.00752238
0.00754623
0.00756905
0.00759092
0.00761187
0.00763198
0.00765131
0.0076699
0.00768779
0.00770502
0.00772161
0.0077376
0.00775299
0.0077678
0.00778206
0.00779576
0.00780893
0.00782155
0.00783361
0.00784511
0.00785602
0.00786631
0.00787599
0.00788503
0.00789345
0.00790125
0.00790838
0.00791477
0.00792023
0.00792441
0.00792682
0.00792684
0.00792379
0.00791715
0.00790685
0.00789367
0.00787969
0.00786873
0.00786662
0.00788127
0.00792127
0.00946494
0.00509827
0.00338174
0.00315982
0.00358556
0.0041774
0.00475296
0.00526158
0.00569759
0.00606845
0.00638432
0.00665477
0.00688795
0.00709051
0.00726779
0.00742409
0.00756284
0.00768683
0.0077983
0.00789909
0.00799071
0.00807441
0.00815122
0.00822202
0.00828754
0.0083484
0.00840513
0.0084582
0.00850797
0.00855481
0.00859899
0.00864077
0.00868037
0.00871799
0.00875379
0.00878793
0.00882054
0.00885172
0.00888156
0.00891015
0.00893758
0.00896391
0.0089892
0.0090135
0.00903685
0.0090593
0.00908087
0.0091016
0.0091215
0.0091406
0.0091589
0.00917642
0.00919314
0.00920903
0.00922409
0.00923829
0.00925161
0.00926404
0.0092756
0.00928627
0.00929602
0.00930474
0.00931217
0.00931788
0.00932126
0.00932151
0.00931779
0.00930947
0.0092965
0.00927995
0.00926251
0.0092491
0.00924716
0.00926672
0.00931875
0.0120503
0.00712193
0.0046001
0.00367976
0.00374451
0.00423199
0.00482945
0.00541081
0.00593604
0.00639799
0.00680078
0.00715173
0.00745842
0.00772772
0.00796548
0.00817659
0.00836512
0.00853441
0.00868723
0.00882588
0.00895226
0.00906798
0.00917438
0.00927259
0.00936358
0.00944817
0.00952706
0.00960086
0.00967009
0.00973522
0.00979664
0.00985468
0.00990967
0.00996186
0.0100115
0.0100588
0.0101038
0.0101469
0.0101881
0.0102275
0.0102653
0.0103015
0.0103362
0.0103696
0.0104015
0.0104322
0.0104617
0.01049
0.0105171
0.010543
0.0105679
0.0105917
0.0106143
0.0106358
0.0106562
0.0106753
0.0106933
0.0107101
0.0107257
0.0107401
0.0107532
0.0107649
0.0107749
0.0107827
0.0107875
0.0107883
0.0107842
0.0107745
0.010759
0.0107392
0.0107185
0.0107028
0.0107014
0.0107265
0.0107915
0.0145382
0.00942111
0.00631631
0.00465971
0.00415424
0.00435399
0.00486444
0.00546284
0.00605162
0.00659513
0.00708406
0.00751953
0.00790638
0.0082504
0.0085572
0.00883188
0.00907883
0.00930184
0.0095041
0.00968833
0.00985683
0.0100115
0.0101541
0.010286
0.0104083
0.0105222
0.0106285
0.010728
0.0108215
0.0109094
0.0109923
0.0110706
0.0111449
0.0112153
0.0112822
0.0113459
0.0114067
0.0114647
0.0115201
0.0115731
0.0116238
0.0116725
0.011719
0.0117637
0.0118065
0.0118476
0.011887
0.0119247
0.0119609
0.0119955
0.0120286
0.0120602
0.0120903
0.0121189
0.0121459
0.0121714
0.0121953
0.0122175
0.0122382
0.0122573
0.0122747
0.0122903
0.0123036
0.0123142
0.012321
0.0123231
0.0123191
0.0123083
0.0122908
0.0122682
0.0122445
0.012227
0.0122265
0.0122573
0.0123354
0.0167964
0.0118301
0.00841662
0.00616647
0.00499572
0.00470745
0.00496497
0.00547746
0.00607302
0.00666908
0.00723109
0.00774722
0.00821571
0.00863906
0.00902134
0.00936699
0.00968026
0.00996504
0.0102248
0.0104624
0.0106807
0.0108817
0.0110675
0.0112398
0.0113999
0.0115493
0.0116889
0.0118197
0.0119427
0.0120584
0.0121677
0.0122709
0.0123688
0.0124616
0.0125499
0.0126339
0.0127139
0.0127904
0.0128634
0.0129332
0.013
0.0130639
0.0131252
0.0131839
0.0132402
0.0132941
0.0133458
0.0133953
0.0134427
0.0134881
0.0135314
0.0135728
0.0136122
0.0136496
0.0136849
0.0137183
0.0137495
0.0137787
0.0138057
0.0138307
0.0138536
0.013874
0.0138917
0.0139059
0.0139156
0.0139196
0.0139165
0.0139055
0.0138866
0.0138619
0.0138359
0.013817
0.0138174
0.0138539
0.0139445
0.0187409
0.0141959
0.0107323
0.00812806
0.00637517
0.00548226
0.0052985
0.00556839
0.00606791
0.00665555
0.00725658
0.00783569
0.00837814
0.00887927
0.00933926
0.00976046
0.0101461
0.0104994
0.0108239
0.0111225
0.011398
0.0116528
0.0118892
0.0121089
0.0123137
0.0125051
0.0126843
0.0128526
0.0130109
0.0131602
0.0133011
0.0134345
0.0135609
0.0136809
0.013795
0.0139037
0.0140072
0.0141061
0.0142006
0.0142909
0.0143773
0.01446
0.0145393
0.0146152
0.0146879
0.0147577
0.0148244
0.0148884
0.0149496
0.0150082
0.0150641
0.0151175
0.0151683
0.0152166
0.0152622
0.0153052
0.0153456
0.0153833
0.0154183
0.0154507
0.0154803
0.0155069
0.0155301
0.015549
0.0155627
0.0155696
0.0155684
0.0155582
0.015539
0.015513
0.0154855
0.0154657
0.0154673
0.0155088
0.0156103
0.0203353
0.0163925
0.0130921
0.0103772
0.00825299
0.00680513
0.00606205
0.00591225
0.00616261
0.00663481
0.00720686
0.00780792
0.00840069
0.00896709
0.00949942
0.00999542
0.0104556
0.0108818
0.0112765
0.0116424
0.0119818
0.0122974
0.0125913
0.0128656
0.013122
0.0133623
0.0135879
0.0138001
0.0140001
0.0141889
0.0143674
0.0145366
0.014697
0.0148495
0.0149946
0.0151328
0.0152646
0.0153904
0.0155107
0.0156258
0.0157359
0.0158412
0.0159422
0.016039
0.0161317
0.0162205
0.0163056
0.0163871
0.0164651
0.0165398
0.0166111
0.0166791
0.0167439
0.0168054
0.0168636
0.0169184
0.01697
0.0170182
0.017063
0.0171045
0.0171425
0.0171768
0.0172069
0.0172319
0.0172508
0.017262
0.017264
0.0172558
0.0172376
0.0172117
0.0171837
0.0171636
0.0171663
0.0172117
0.0173219
0.0215825
0.0183294
0.0153493
0.0127226
0.0104644
0.0086521
0.0073891
0.00671235
0.00654767
0.00675168
0.00718034
0.00772556
0.00831836
0.00891864
0.00950458
0.0100651
0.0105953
0.0110936
0.0115604
0.0119971
0.0124054
0.0127874
0.0131451
0.0134804
0.0137951
0.014091
0.0143697
0.0146324
0.0148806
0.0151154
0.0153378
0.0155488
0.0157492
0.0159399
0.0161214
0.0162946
0.0164598
0.0166177
0.0167687
0.0169132
0.0170515
0.017184
0.0173109
0.0174326
0.0175493
0.0176611
0.0177682
0.0178708
0.017969
0.018063
0.0181528
0.0182385
0.0183201
0.0183977
0.0184711
0.0185404
0.0186055
0.0186665
0.0187233
0.0187759
0.0188242
0.018868
0.0189067
0.0189395
0.0189652
0.0189822
0.018989
0.0189845
0.0189688
0.0189444
0.0189173
0.0188977
0.0189014
0.0189494
0.0190654
0.0225141
0.0199544
0.0173928
0.0149958
0.0127993
0.010854
0.00925304
0.00809649
0.00743
0.00721364
0.00734589
0.00771147
0.00821417
0.00878619
0.00938426
0.00998242
0.0105658
0.0111265
0.0116607
0.0121669
0.0126453
0.0130966
0.0135221
0.0139234
0.0143021
0.0146596
0.0149974
0.0153171
0.0156199
0.0159071
0.0161797
0.0164388
0.0166854
0.0169203
0.0171444
0.0173582
0.0175626
0.017758
0.017945
0.0181241
0.0182957
0.0184602
0.0186179
0.0187691
0.0189141
0.0190532
0.0191865
0.0193142
0.0194366
0.0195536
0.0196655
0.0197724
0.0198742
0.0199709
0.0200626
0.0201493
0.0202308
0.0203072
0.0203784
0.0204446
0.0205054
0.0205608
0.0206101
0.0206526
0.020687
0.0207117
0.0207252
0.0207263
0.020715
0.020694
0.0206691
0.0206509
0.0206556
0.020705
0.0208236
0.0231786
0.0212515
0.0191504
0.0170697
0.0150687
0.0131822
0.011469
0.0100167
0.00891707
0.0082239
0.00792738
0.00796293
0.00824224
0.00868153
0.00921499
0.00979641
0.0103955
0.0109932
0.0115781
0.0121436
0.0126863
0.0132046
0.0136982
0.0141674
0.0146131
0.0150364
0.0154384
0.0158204
0.0161835
0.0165289
0.0168579
0.0171713
0.0174702
0.0177555
0.0180281
0.0182887
0.018538
0.0187768
0.0190055
0.0192248
0.0194352
0.0196369
0.0198306
0.0200163
0.0201946
0.0203657
0.0205298
0.0206872
0.0208379
0.0209823
0.0211204
0.0212522
0.021378
0.0214976
0.021611
0.0217183
0.0218194
0.0219142
0.0220028
0.0220852
0.0221612
0.0222306
0.022293
0.0223474
0.0223927
0.0224273
0.0224497
0.0224586
0.022454
0.0224384
0.0224175
0.022402
0.0224079
0.0224574
0.0225755
0.0236309
0.0222362
0.0205882
0.0188628
0.0171328
0.0154307
0.0137891
0.0122607
0.0109209
0.00985089
0.00911003
0.00871324
0.00862895
0.00879609
0.00914584
0.0096168
0.0101611
0.0107443
0.0113431
0.011942
0.0125313
0.0131048
0.0136592
0.0141925
0.014704
0.0151937
0.0156619
0.0161093
0.0165367
0.0169451
0.0173354
0.0177085
0.0180653
0.0184068
0.0187338
0.0190471
0.0193473
0.0196353
0.0199117
0.0201769
0.0204317
0.0206764
0.0209114
0.0211372
0.021354
0.0215623
0.0217622
0.0219541
0.022138
0.0223143
0.022483
0.0226442
0.0227981
0.0229445
0.0230836
0.0232152
0.0233394
0.0234562
0.0235654
0.0236672
0.0237613
0.0238476
0.0239257
0.0239947
0.0240535
0.0241005
0.0241343
0.0241535
0.0241582
0.0241505
0.0241358
0.0241245
0.0241323
0.0241811
0.024296
0.0239241
0.0229458
0.0217059
0.0203354
0.0189062
0.0174526
0.0159956
0.0145615
0.0131926
0.0119492
0.0109003
0.0101063
0.0095999
0.00937813
0.00940743
0.00963764
0.0100159
0.0104955
0.0110393
0.0116196
0.0122168
0.0128173
0.0134122
0.0139954
0.0145632
0.0151133
0.0156445
0.0161563
0.0166487
0.0171218
0.0175763
0.0180127
0.0184318
0.0188341
0.0192205
0.0195917
0.0199484
0.0202912
0.0206208
0.0209377
0.0212426
0.0215358
0.0218179
0.0220893
0.0223502
0.022601
0.0228421
0.0230736
0.0232959
0.023509
0.0237131
0.0239084
0.0240949
0.0242726
0.0244416
0.0246017
0.024753
0.0248955
0.025029
0.0251536
0.0252693
0.0253757
0.0254726
0.0255592
0.0256344
0.0256968
0.0257449
0.0257775
0.0257943
0.0257973
0.0257915
0.0257866
0.0257975
0.0258454
0.0259549
0.0241048
0.0234303
0.0225301
0.0214842
0.0203512
0.0191647
0.0179427
0.0166986
0.0154511
0.0142309
0.0130828
0.0120624
0.0112256
0.0106148
0.010249
0.0101206
0.0102015
0.0104527
0.0108329
0.0113054
0.0118395
0.0124118
0.0130047
0.0136056
0.0142055
0.0147983
0.0153798
0.0159471
0.0164986
0.0170333
0.0175506
0.0180505
0.0185331
0.0189987
0.0194476
0.0198805
0.0202977
0.0206999
0.0210876
0.0214612
0.0218214
0.0221685
0.0225031
0.0228254
0.0231359
0.0234347
0.0237223
0.0239989
0.0242647
0.0245198
0.0247645
0.0249988
0.0252228
0.0254365
0.0256399
0.025833
0.0260157
0.026188
0.0263499
0.0265013
0.0266422
0.0267724
0.0268917
0.0269993
0.0270943
0.0271754
0.0272412
0.0272904
0.0273228
0.0273399
0.0273461
0.0273502
0.0273662
0.027414
0.0275174
0.0242104
0.023743
0.0231051
0.0223339
0.0214686
0.0205374
0.0195569
0.0185366
0.0174843
0.0164115
0.0153381
0.0142947
0.0133225
0.0124679
0.011775
0.0112758
0.0109838
0.0108936
0.0109844
0.0112267
0.0115885
0.0120397
0.0125545
0.0131118
0.0136953
0.0142927
0.0148948
0.015495
0.0160885
0.0166719
0.0172429
0.0177999
0.018342
0.0188687
0.0193795
0.0198746
0.020354
0.0208179
0.0212667
0.0217006
0.0221201
0.0225254
0.022917
0.0232951
0.02366
0.0240119
0.0243511
0.0246779
0.0249923
0.0252946
0.0255849
0.0258633
0.0261297
0.0263843
0.026627
0.0268577
0.0270764
0.027283
0.0274776
0.0276601
0.0278304
0.0279885
0.0281341
0.0282666
0.0283853
0.028489
0.0285763
0.0286461
0.028698
0.0287331
0.0287551
0.0287719
0.0287959
0.0288457
0.0289435
0.0242687
0.0239331
0.0234832
0.022928
0.0222874
0.0215809
0.0208224
0.0200202
0.0191788
0.0183021
0.0173958
0.0164709
0.015546
0.0146483
0.0138124
0.0130761
0.012475
0.0120354
0.0117707
0.0116797
0.0117493
0.0119586
0.012283
0.0126979
0.013181
0.0137132
0.014279
0.0148659
0.0154643
0.0160671
0.0166686
0.0172647
0.0178525
0.0184297
0.0189948
0.0195468
0.0200849
0.0206088
0.0211181
0.0216128
0.0220929
0.0225585
0.0230098
0.0234468
0.0238697
0.0242787
0.0246738
0.0250551
0.0254227
0.0257768
0.0261175
0.0264446
0.0267584
0.0270586
0.0273453
0.0276184
0.0278779
0.0281236
0.0283555
0.0285737
0.0287781
0.0289686
0.029145
0.0293069
0.0294537
0.0295844
0.0296978
0.0297928
0.0298688
0.0299265
0.0299692
0.0300032
0.0300396
0.0300949
0.0301895
0.0242989
0.0240415
0.0237167
0.023319
0.0228541
0.0223318
0.0217619
0.0211513
0.0205038
0.0198214
0.019105
0.0183565
0.0175807
0.0167867
0.0159902
0.015213
0.0144829
0.0138304
0.013285
0.0128702
0.0126008
0.0124808
0.0125047
0.0126592
0.0129266
0.0132877
0.0137233
0.0142163
0.0147516
0.0153169
0.015902
0.0164988
0.0171009
0.0177035
0.0183026
0.0188954
0.0194797
0.0200537
0.0206163
0.0211666
0.0217038
0.0222276
0.0227376
0.0232336
0.0237154
0.024183
0.0246361
0.0250748
0.0254988
0.0259082
0.026303
0.026683
0.0270482
0.0273984
0.0277337
0.0280538
0.0283587
0.0286483
0.0289226
0.0291814
0.0294248
0.0296528
0.0298652
0.0300617
0.0302419
0.0304049
0.0305497
0.0306753
0.0307811
0.0308674
0.0309365
0.0309937
0.0310482
0.0311145
0.0312107
0.0243137
0.0240994
0.0238516
0.0235602
0.0232227
0.0228417
0.0224217
0.0219673
0.021482
0.0209674
0.020424
0.0198512
0.0192489
0.0186176
0.0179607
0.017285
0.0166018
0.0159277
0.0152838
0.0146943
0.0141835
0.0137732
0.0134797
0.0133118
0.0132708
0.0133509
0.0135415
0.0138287
0.0141972
0.014632
0.0151192
0.0156466
0.0162035
0.0167812
0.0173722
0.0179709
0.0185723
0.0191727
0.0197691
0.0203591
0.0209409
0.0215128
0.0220739
0.022623
0.0231596
0.0236829
0.0241926
0.024688
0.0251689
0.0256348
0.0260855
0.0265207
0.0269403
0.0273439
0.0277315
0.0281028
0.0284577
0.0287959
0.0291175
0.0294223
0.0297104
0.0299817
0.0302361
0.0304735
0.0306934
0.0308952
0.0310782
0.0312412
0.0313837
0.0315057
0.0316088
0.0316969
0.0317774
0.0318624
0.0319677
0.0243203
0.0241281
0.0239241
0.023699
0.0234471
0.0231665
0.022858
0.0225234
0.0221648
0.0217837
0.0213807
0.0209556
0.0205075
0.0200352
0.0195375
0.0190143
0.0184671
0.0179
0.0173205
0.0167398
0.016173
0.0156382
0.0151549
0.0147427
0.0144182
0.0141938
0.0140765
0.0140677
0.0141634
0.0143559
0.0146348
0.0149883
0.0154045
0.0158718
0.0163798
0.0169191
0.0174816
0.0180606
0.0186502
0.0192456
0.019843
0.0204391
0.0210312
0.0216171
0.0221949
0.0227633
0.0233209
0.0238667
0.0243996
0.0249189
0.0254238
0.0259137
0.0263881
0.0268467
0.027289
0.0277147
0.0281234
0.028515
0.0288893
0.029246
0.0295852
0.0299067
0.0302105
0.0304964
0.030764
0.031013
0.0312426
0.0314519
0.0316402
0.0318072
0.0319538
0.0320827
0.0321995
0.0323139
0.0324388
0.0243232
0.0241413
0.0239602
0.0237729
0.0235739
0.0233596
0.0231282
0.0228796
0.0226142
0.0223328
0.0220359
0.0217237
0.0213958
0.0210513
0.020689
0.0203073
0.0199048
0.0194805
0.0190346
0.0185687
0.018087
0.0175959
0.0171052
0.0166273
0.0161768
0.0157695
0.0154209
0.0151448
0.014952
0.0148493
0.0148393
0.0149208
0.015089
0.0153369
0.0156558
0.0160362
0.0164686
0.016944
0.017454
0.0179911
0.0185486
0.0191208
0.0197028
0.0202903
0.0208798
0.0214683
0.0220531
0.022632
0.0232032
0.0237651
0.0243161
0.024855
0.0253807
0.0258925
0.0263896
0.0268714
0.0273372
0.0277867
0.0282193
0.0286347
0.0290327
0.029413
0.0297755
0.0301198
0.0304457
0.0307526
0.03104
0.0313068
0.0315525
0.0317763
0.0319785
0.0321608
0.032327
0.0324842
0.0326425
0.0243243
0.0241468
0.0239767
0.0238093
0.0236402
0.0234659
0.0232838
0.0230926
0.0228914
0.0226801
0.0224587
0.0222274
0.021986
0.0217344
0.0214717
0.0211972
0.0209094
0.020607
0.0202885
0.0199526
0.0195985
0.0192262
0.0188373
0.0184347
0.0180237
0.0176116
0.0172079
0.016824
0.0164722
0.0161651
0.0159144
0.0157302
0.0156198
0.0155875
0.0156346
0.0157596
0.0159586
0.0162258
0.0165544
0.016937
0.017366
0.0178339
0.0183339
0.0188596
0.0194053
0.0199659
0.0205369
0.0211145
0.0216951
0.0222758
0.0228541
0.0234276
0.0239942
0.0245524
0.0251006
0.0256376
0.0261623
0.0266736
0.0271706
0.0276525
0.0281186
0.0285682
0.0290009
0.0294159
0.0298129
0.030191
0.0305496
0.0308877
0.0312044
0.0314989
0.0317707
0.0320206
0.0322507
0.0324659
0.0326734
0.0243246
0.024149
0.0239836
0.0238256
0.0236718
0.0235195
0.0233663
0.0232101
0.0230498
0.0228845
0.0227135
0.0225367
0.0223538
0.0221647
0.0219692
0.0217669
0.0215573
0.0213397
0.021113
0.0208762
0.0206281
0.0203674
0.020093
0.0198044
0.0195013
0.0191846
0.0188565
0.0185202
0.018181
0.0178456
0.0175221
0.0172198
0.0169488
0.0167189
0.0165391
0.016417
0.0163585
0.016367
0.0164439
0.0165884
0.0167979
0.0170683
0.0173946
0.017771
0.0181917
0.0186507
0.0191422
0.0196607
0.0202013
0.0207593
0.0213305
0.021911
0.0224973
0.0230862
0.023675
0.0242613
0.0248425
0.0254168
0.025982
0.0265365
0.0270785
0.0276068
0.02812
0.0286168
0.0290962
0.0295571
0.0299984
0.0304189
0.0308176
0.0311933
0.0315452
0.0318731
0.0321779
0.0324623
0.032731
0.0243248
0.0241497
0.0239862
0.0238322
0.0236855
0.023544
0.0234057
0.0232688
0.0231318
0.0229936
0.0228531
0.0227097
0.0225629
0.0224126
0.0222584
0.0221002
0.0219379
0.0217713
0.0216001
0.021424
0.0212425
0.0210549
0.0208606
0.0206585
0.0204481
0.0202285
0.0199992
0.0197601
0.0195117
0.0192553
0.018993
0.0187282
0.0184655
0.0182106
0.01797
0.0177515
0.0175626
0.0174112
0.0173045
0.0172486
0.0172484
0.0173073
0.0174269
0.0176075
0.0178476
0.0181448
0.0184956
0.0188957
0.0193405
0.0198248
0.0203437
0.0208919
0.0214643
0.0220559
0.0226622
0.0232788
0.0239014
0.0245261
0.0251495
0.0257681
0.0263791
0.0269797
0.0275676
0.0281406
0.0286969
0.0292349
0.0297529
0.0302495
0.0307234
0.0311733
0.031598
0.0319967
0.0323695
0.0327177
0.0330437
0.0243248
0.0241499
0.023987
0.0238344
0.0236903
0.0235531
0.0234211
0.0232926
0.0231662
0.0230406
0.0229147
0.0227876
0.0226587
0.0225274
0.0223935
0.0222568
0.0221174
0.0219751
0.0218302
0.0216826
0.0215323
0.0213794
0.0212236
0.0210647
0.0209024
0.0207364
0.0205661
0.0203912
0.0202114
0.0200265
0.0198369
0.0196433
0.019447
0.0192503
0.0190561
0.0188685
0.0186921
0.0185325
0.0183958
0.0182885
0.0182169
0.0181872
0.0182048
0.0182742
0.0183987
0.0185805
0.0188201
0.0191169
0.0194691
0.0198734
0.0203259
0.0208218
0.0213559
0.0219225
0.0225157
0.0231298
0.0237594
0.024399
0.0250437
0.0256891
0.0263309
0.0269655
0.0275897
0.0282005
0.0287957
0.0293729
0.0299304
0.0304664
0.0309794
0.031468
0.0319308
0.0323668
0.0327755
0.0331576
0.0335145
0.0243248
0.0241499
0.023987
0.0238344
0.0236903
0.0235531
0.0234211
0.0232926
0.0231662
0.0230406
0.0229147
0.0227876
0.0226587
0.0225274
0.0223935
0.0222568
0.0221174
0.0219751
0.0218302
0.0216826
0.0215323
0.0213794
0.0212236
0.0210647
0.0209025
0.0207364
0.0205662
0.0203913
0.0202114
0.0200266
0.019837
0.0196433
0.0194471
0.0192504
0.0190562
0.0188686
0.0186922
0.0185326
0.0183959
0.0182886
0.0182171
0.0181873
0.0182049
0.0182743
0.0183989
0.0185806
0.0188202
0.019117
0.0194692
0.0198735
0.020326
0.0208219
0.021356
0.0219225
0.0225157
0.0231299
0.0237594
0.024399
0.0250438
0.0256892
0.026331
0.0269656
0.0275898
0.0282006
0.0287958
0.029373
0.0299305
0.0304664
0.0309793
0.0314675
0.0319298
0.0323651
0.0327729
0.0331539
0.0335098
0.0243248
0.0241497
0.0239862
0.0238322
0.0236855
0.023544
0.0234057
0.0232688
0.0231318
0.0229936
0.0228531
0.0227097
0.022563
0.0224127
0.0222585
0.0221003
0.021938
0.0217714
0.0216003
0.0214242
0.0212427
0.0210552
0.0208608
0.0206588
0.0204484
0.0202289
0.0199996
0.0197606
0.0195122
0.0192558
0.0189936
0.0187289
0.0184662
0.0182112
0.0179708
0.0177522
0.0175633
0.0174119
0.0173051
0.0172491
0.0172489
0.0173076
0.0174272
0.0176077
0.0178477
0.0181449
0.0184956
0.0188957
0.0193403
0.0198247
0.0203435
0.0208916
0.021464
0.0220557
0.022662
0.0232785
0.0239011
0.0245259
0.0251493
0.025768
0.026379
0.0269797
0.0275676
0.0281407
0.028697
0.029235
0.0297529
0.0302493
0.0307228
0.0311717
0.031595
0.0319918
0.0323622
0.0327078
0.0330317
0.0243246
0.024149
0.0239836
0.0238256
0.0236719
0.0235196
0.0233663
0.0232102
0.0230499
0.0228846
0.0227136
0.0225368
0.022354
0.0221649
0.0219695
0.0217672
0.0215577
0.0213401
0.0211135
0.0208768
0.0206287
0.0203681
0.0200938
0.0198052
0.0195022
0.0191857
0.0188576
0.0185214
0.0181822
0.0178468
0.0175233
0.0172211
0.0169501
0.01672
0.0165401
0.0164179
0.0163592
0.0163675
0.0164442
0.0165886
0.0167978
0.0170681
0.0173942
0.0177705
0.018191
0.0186499
0.0191413
0.0196598
0.0202003
0.0207582
0.0213294
0.0219099
0.0224961
0.0230851
0.023674
0.0242602
0.0248415
0.0254158
0.0259811
0.0265356
0.0270778
0.0276062
0.0281194
0.0286163
0.0290958
0.0295567
0.0299979
0.0304181
0.030816
0.0311903
0.0315402
0.0318653
0.0321668
0.032448
0.0327144
0.0243243
0.0241468
0.0239767
0.0238093
0.0236402
0.0234659
0.0232839
0.0230927
0.0228916
0.0226803
0.022459
0.0222278
0.0219865
0.0217349
0.0214724
0.0211979
0.0209102
0.020608
0.0202896
0.0199538
0.0195998
0.0192277
0.0188389
0.0184364
0.0180255
0.0176135
0.0172098
0.0168258
0.016474
0.0161667
0.0159159
0.0157315
0.0156208
0.0155882
0.015635
0.0157597
0.0159584
0.0162254
0.0165538
0.0169361
0.0173649
0.0178327
0.0183326
0.0188582
0.0194038
0.0199643
0.0205353
0.0211127
0.0216933
0.0222741
0.0228524
0.0234259
0.0239925
0.0245507
0.025099
0.0256361
0.0261608
0.0266722
0.0271693
0.0276513
0.0281174
0.0285672
0.029
0.0294152
0.0298122
0.0301904
0.0305487
0.0308863
0.0312019
0.0314945
0.0317637
0.0320102
0.0322366
0.0324483
0.0326541
0.0243232
0.0241413
0.0239602
0.023773
0.023574
0.0233598
0.0231285
0.02288
0.0226147
0.0223334
0.0220366
0.0217245
0.0213967
0.0210524
0.0206903
0.0203087
0.0199064
0.0194823
0.0190365
0.0185709
0.0180893
0.0175983
0.0171077
0.0166298
0.0161793
0.0157719
0.0154231
0.0151467
0.0149536
0.0148505
0.0148401
0.0149212
0.0150891
0.0153366
0.0156551
0.0160352
0.0164674
0.0169426
0.0174524
0.0179894
0.0185468
0.0191189
0.0197008
0.0202883
0.0208778
0.0214663
0.0220511
0.02263
0.0232013
0.0237632
0.0243142
0.0248531
0.025379
0.0258908
0.026388
0.0268698
0.0273358
0.0277853
0.028218
0.0286335
0.0290317
0.0294121
0.0297747
0.0301192
0.0304451
0.030752
0.031039
0.0313051
0.0315493
0.0317708
0.0319699
0.0321483
0.0323103
0.0324641
0.0326215
0.0243204
0.0241281
0.0239242
0.0236991
0.0234473
0.0231669
0.0228585
0.0225241
0.0221657
0.0217847
0.0213819
0.0209571
0.0205092
0.020037
0.0195396
0.0190166
0.0184697
0.0179029
0.0173235
0.016743
0.0161762
0.0156413
0.0151579
0.0147454
0.0144205
0.0141957
0.014078
0.0140686
0.0141639
0.0143559
0.0146344
0.0149875
0.0154034
0.0158705
0.0163783
0.0169174
0.0174798
0.0180586
0.0186482
0.0192436
0.019841
0.020437
0.0210291
0.0216151
0.022193
0.0227614
0.0233191
0.0238649
0.0243979
0.0249172
0.0254222
0.0259122
0.0263867
0.0268453
0.0272877
0.0277135
0.0281224
0.0285141
0.0288884
0.0292453
0.0295846
0.0299062
0.0302101
0.0304962
0.0307639
0.0310128
0.0312419
0.0314502
0.0316366
0.0318009
0.0319437
0.0320682
0.0321805
0.0322917
0.0324168
0.0243137
0.0240994
0.0238518
0.0235606
0.0232232
0.0228424
0.0224226
0.0219685
0.0214835
0.0209692
0.020426
0.0198536
0.0192515
0.0186206
0.017964
0.0172885
0.0166055
0.0159315
0.0152876
0.0146979
0.0141868
0.0137762
0.0134821
0.0133136
0.013272
0.0133516
0.0135417
0.0138283
0.0141964
0.0146309
0.0151179
0.015645
0.0162018
0.0167793
0.0173703
0.0179689
0.0185703
0.0191707
0.0197672
0.0203572
0.020939
0.021511
0.0220721
0.0226214
0.023158
0.0236815
0.0241912
0.0246868
0.0251677
0.0256337
0.0260845
0.0265198
0.0269394
0.0273432
0.0277309
0.0281023
0.0284573
0.0287957
0.0291173
0.0294223
0.0297105
0.0299819
0.0302365
0.030474
0.0306939
0.0308956
0.0310779
0.0312397
0.03138
0.0314988
0.0315975
0.0316806
0.0317564
0.0318385
0.0319451
0.024299
0.0240417
0.0237171
0.0233196
0.022855
0.0223331
0.0217635
0.0211532
0.0205061
0.0198241
0.0191081
0.01836
0.0175845
0.0167909
0.0159945
0.0152174
0.0144873
0.0138346
0.0132887
0.0128734
0.0126033
0.0124826
0.0125058
0.0126596
0.0129265
0.0132871
0.0137223
0.014215
0.0147501
0.0153152
0.0159002
0.0164969
0.0170991
0.0177016
0.0183008
0.0188937
0.019478
0.0200521
0.0206148
0.0211651
0.0217025
0.0222263
0.0227365
0.0232326
0.0237145
0.0241822
0.0246354
0.0250742
0.0254984
0.0259079
0.0263027
0.0266828
0.0270481
0.0273985
0.0277339
0.0280541
0.0283592
0.0286489
0.0289232
0.0291822
0.0294257
0.0296538
0.0298664
0.0300631
0.0302433
0.030406
0.03055
0.0306741
0.0307773
0.0308598
0.030924
0.0309757
0.0310253
0.031089
0.0311878
0.0242687
0.0239334
0.0234838
0.022929
0.0222889
0.0215829
0.0208248
0.0200231
0.0191822
0.018306
0.0174001
0.0164756
0.015551
0.0146534
0.0138173
0.0130808
0.0124791
0.0120388
0.0117733
0.0116814
0.0117503
0.0119589
0.0122827
0.0126972
0.0131799
0.0137118
0.0142774
0.0148642
0.0154626
0.0160653
0.0166668
0.017263
0.0178509
0.0184282
0.0189934
0.0195455
0.0200837
0.0206077
0.0211172
0.021612
0.0220923
0.022558
0.0230094
0.0234465
0.0238696
0.0242787
0.0246739
0.0250553
0.0254231
0.0257773
0.026118
0.0264453
0.0267592
0.0270595
0.0273464
0.0276196
0.0278792
0.028125
0.0283571
0.0285754
0.0287799
0.0289705
0.0291471
0.0293092
0.0294559
0.0295863
0.0296987
0.0297918
0.0298649
0.0299184
0.0299556
0.0299837
0.030015
0.0300681
0.0301667
0.0242106
0.0237436
0.0231062
0.0223356
0.021471
0.0205404
0.0195605
0.0185407
0.0174889
0.0164166
0.0153436
0.0143003
0.013328
0.0124731
0.0117796
0.0112795
0.0109865
0.0108954
0.0109853
0.0112269
0.0115882
0.0120389
0.0125533
0.0131104
0.0136938
0.0142911
0.0148932
0.0154935
0.016087
0.0166705
0.0172416
0.0177988
0.018341
0.0188678
0.0193788
0.019874
0.0203536
0.0208176
0.0212666
0.0217007
0.0221203
0.0225257
0.0229174
0.0232956
0.0236607
0.0240128
0.0243521
0.024679
0.0249935
0.0252959
0.0255863
0.0258648
0.0261314
0.0263861
0.0266289
0.0268597
0.0270785
0.0272853
0.02748
0.0276626
0.0278331
0.0279913
0.0281371
0.0282697
0.0283884
0.0284916
0.0285778
0.0286456
0.0286941
0.0287244
0.0287406
0.0287511
0.0287699
0.028818
0.0289211
0.0241052
0.0234313
0.0225319
0.0214868
0.0203546
0.0191688
0.0179474
0.0167039
0.0154569
0.014237
0.0130889
0.0120682
0.0112307
0.010619
0.0102521
0.0101227
0.0102026
0.010453
0.0108326
0.0113046
0.0118384
0.0124105
0.0130033
0.0136042
0.0142042
0.0147971
0.0153786
0.0159461
0.0164977
0.0170325
0.01755
0.0180501
0.0185328
0.0189985
0.0194477
0.0198807
0.0202981
0.0207004
0.0210882
0.0214621
0.0218224
0.0221697
0.0225043
0.0228268
0.0231374
0.0234364
0.0237241
0.0240008
0.0242667
0.024522
0.0247667
0.0250012
0.0252253
0.0254391
0.0256427
0.0258359
0.0260187
0.0261911
0.0263531
0.0265046
0.0266456
0.0267761
0.0268955
0.0270032
0.0270981
0.0271787
0.0272432
0.0272902
0.0273189
0.0273308
0.0273307
0.0273283
0.027339
0.0273857
0.0274956
0.0239247
0.0229474
0.0217086
0.020339
0.0189108
0.0174579
0.0160015
0.0145679
0.0131992
0.0119556
0.0109061
0.0101111
0.00960357
0.0093806
0.0094088
0.00963812
0.0100157
0.0104949
0.0110383
0.0116184
0.0122156
0.0128162
0.0134111
0.0139944
0.0145623
0.0151126
0.015644
0.0161559
0.0166484
0.0171218
0.0175765
0.0180131
0.0184323
0.0188348
0.0192214
0.0195928
0.0199496
0.0202925
0.0206223
0.0209394
0.0212443
0.0215377
0.02182
0.0220915
0.0223525
0.0226035
0.0228447
0.0230763
0.0232987
0.0235119
0.0237161
0.0239115
0.0240981
0.024276
0.0244451
0.0246053
0.0247567
0.0248993
0.0250329
0.0251576
0.0252734
0.0253801
0.0254771
0.0255638
0.0256389
0.0257007
0.0257475
0.0257775
0.0257904
0.0257879
0.0257756
0.0257638
0.0257695
0.0258167
0.025934
0.0236319
0.0222386
0.020592
0.0188676
0.0171386
0.0154372
0.0137959
0.0122677
0.0109275
0.0098566
0.00911452
0.00871637
0.00863081
0.00879691
0.00914588
0.00961631
0.0101603
0.0107434
0.0113421
0.0119411
0.0125304
0.0131041
0.0136586
0.0141921
0.0147038
0.0151937
0.015662
0.0161096
0.0165373
0.0169458
0.0173363
0.0177096
0.0180666
0.0184083
0.0187354
0.0190489
0.0193493
0.0196374
0.0199139
0.0201793
0.0204342
0.020679
0.0209142
0.0211401
0.0213571
0.0215655
0.0217655
0.0219574
0.0221415
0.0223179
0.0224866
0.022648
0.0228019
0.0229485
0.0230877
0.0232194
0.0233437
0.0234606
0.0235699
0.0236717
0.023766
0.0238525
0.0239308
0.0239999
0.0240585
0.024105
0.0241372
0.0241538
0.0241543
0.0241409
0.0241195
0.0241014
0.0241041
0.0241526
0.0242759
0.0231803
0.021255
0.0191554
0.0170758
0.0150755
0.0131895
0.0114763
0.0100234
0.00892264
0.00822801
0.00793002
0.00796429
0.00824265
0.0086813
0.00921438
0.00979562
0.0103946
0.0109924
0.0115774
0.0121431
0.012686
0.0132045
0.0136983
0.0141677
0.0146136
0.0150371
0.0154393
0.0158215
0.0161848
0.0165304
0.0168595
0.0171731
0.0174722
0.0177577
0.0180304
0.0182912
0.0185407
0.0187796
0.0190084
0.0192279
0.0194383
0.0196403
0.019834
0.0200199
0.0201983
0.0203695
0.0205337
0.0206911
0.020842
0.0209864
0.0211246
0.0212565
0.0213824
0.0215021
0.0216156
0.021723
0.0218241
0.0219191
0.0220078
0.0220903
0.0221664
0.022236
0.0222986
0.0223531
0.0223982
0.0224322
0.022453
0.0224591
0.0224503
0.0224289
0.0224012
0.0223788
0.0223798
0.0224294
0.0225565
0.0225166
0.019959
0.0173989
0.0150028
0.0128069
0.0108615
0.00925981
0.00810193
0.00743379
0.00721587
0.00734688
0.00771161
0.00821381
0.00878559
0.00938359
0.0099818
0.0105653
0.0111262
0.0116606
0.012167
0.0126456
0.0130971
0.0135229
0.0139244
0.0143032
0.014661
0.014999
0.0153189
0.0156219
0.0159092
0.016182
0.0164413
0.0166881
0.0169231
0.0171473
0.0173613
0.0175658
0.0177613
0.0179485
0.0181277
0.0182994
0.018464
0.0186218
0.0187731
0.0189182
0.0190574
0.0191908
0.0193186
0.019441
0.0195582
0.0196702
0.0197771
0.019879
0.0199758
0.0200676
0.0201543
0.0202359
0.0203124
0.0203837
0.0204499
0.020511
0.0205665
0.020616
0.0206586
0.0206928
0.0207169
0.0207288
0.0207271
0.0207116
0.0206848
0.0206531
0.0206281
0.0206281
0.0206777
0.0208056
0.021586
0.0183353
0.0153564
0.0127304
0.0104721
0.00865899
0.00739448
0.00671592
0.0065496
0.00675241
0.00718033
0.00772518
0.00831785
0.00891816
0.00950422
0.0100649
0.0105953
0.0110939
0.0115609
0.0119978
0.0124064
0.0127886
0.0131465
0.013482
0.013797
0.0140931
0.0143719
0.0146348
0.0148832
0.0151181
0.0153407
0.0155518
0.0157524
0.0159432
0.0161249
0.0162981
0.0164635
0.0166215
0.0167726
0.0169172
0.0170556
0.0171882
0.0173153
0.017437
0.0175538
0.0176656
0.0177728
0.0178755
0.0179738
0.0180679
0.0181577
0.0182435
0.0183252
0.0184028
0.0184763
0.0185457
0.0186109
0.0186719
0.0187288
0.0187815
0.01883
0.0188739
0.0189128
0.0189457
0.0189712
0.0189876
0.0189928
0.0189856
0.0189657
0.0189358
0.0189019
0.0188758
0.0188749
0.0189233
0.0190484
0.02034
0.0163994
0.0130999
0.0103851
0.00826007
0.00681057
0.00606552
0.005914
0.00616319
0.00663475
0.00720653
0.00780755
0.00840042
0.00896701
0.00949957
0.00999581
0.0104562
0.0108827
0.0112777
0.0116437
0.0119834
0.0122992
0.0125933
0.0128678
0.0131244
0.0133649
0.0135907
0.013803
0.0140031
0.0141921
0.0143708
0.01454
0.0147006
0.0148532
0.0149984
0.0151367
0.0152686
0.0153946
0.0155149
0.0156301
0.0157403
0.0158457
0.0159468
0.0160436
0.0161364
0.0162253
0.0163105
0.016392
0.0164701
0.0165448
0.0166161
0.0166842
0.0167491
0.0168106
0.0168689
0.0169239
0.0169755
0.0170237
0.0170686
0.0171102
0.0171483
0.0171828
0.017213
0.0172382
0.0172569
0.0172674
0.017268
0.0172572
0.017235
0.0172037
0.0171695
0.0171431
0.0171414
0.0171871
0.0173059
0.0187468
0.0142036
0.0107404
0.00813539
0.00638082
0.00548578
0.00530019
0.00556891
0.00606785
0.0066553
0.00725637
0.00783565
0.00837832
0.00887971
0.00933996
0.00976142
0.0101473
0.0105009
0.0108256
0.0111245
0.0114002
0.0116552
0.0118917
0.0121116
0.0123165
0.0125081
0.0126875
0.0128559
0.0130143
0.0131637
0.0133048
0.0134383
0.0135648
0.0136849
0.0137991
0.0139078
0.0140115
0.0141105
0.014205
0.0142954
0.0143819
0.0144647
0.014544
0.01462
0.0146928
0.0147626
0.0148294
0.0148934
0.0149547
0.0150133
0.0150693
0.0151227
0.0151736
0.0152219
0.0152676
0.0153107
0.0153511
0.0153888
0.0154239
0.0154563
0.0154861
0.0155128
0.0155362
0.0155552
0.0155687
0.0155751
0.0155725
0.0155599
0.015537
0.015506
0.0154727
0.015447
0.0154444
0.0154861
0.0155954
0.0168034
0.0118383
0.00842427
0.00617248
0.00499947
0.0047092
0.00496549
0.00547744
0.00607288
0.00666903
0.00723126
0.00774764
0.00821641
0.00864003
0.00902258
0.00936849
0.009682
0.009967
0.0102269
0.0104648
0.0106832
0.0108844
0.0110704
0.0112428
0.0114031
0.0115526
0.0116923
0.0118233
0.0119463
0.0120622
0.0121715
0.0122749
0.0123728
0.0124657
0.0125541
0.0126381
0.0127183
0.0127948
0.0128679
0.0129378
0.0130046
0.0130686
0.0131299
0.0131887
0.013245
0.013299
0.0133507
0.0134003
0.0134477
0.0134931
0.0135365
0.0135779
0.0136174
0.0136548
0.0136902
0.0137236
0.0137549
0.0137841
0.0138112
0.0138362
0.0138592
0.0138798
0.0138976
0.0139119
0.0139215
0.013925
0.0139207
0.0139075
0.0138853
0.013856
0.0138246
0.0138003
0.0137969
0.0138334
0.0139308
0.014546
0.00942907
0.00632284
0.0046639
0.0041562
0.00435459
0.00486448
0.00546279
0.00605172
0.00659547
0.00708469
0.00752045
0.00790758
0.00825186
0.00855892
0.00883382
0.00908099
0.0093042
0.00950664
0.00969104
0.00985969
0.0100145
0.0101572
0.0102892
0.0104117
0.0105257
0.0106321
0.0107317
0.0108253
0.0109133
0.0109962
0.0110747
0.011149
0.0112194
0.0112864
0.0113502
0.011411
0.0114691
0.0115246
0.0115776
0.0116284
0.0116771
0.0117237
0.0117684
0.0118113
0.0118524
0.0118918
0.0119296
0.0119657
0.0120004
0.0120335
0.0120652
0.0120953
0.0121239
0.012151
0.0121765
0.0122004
0.0122227
0.0122434
0.0122626
0.0122801
0.0122958
0.0123093
0.0123199
0.0123267
0.0123283
0.0123233
0.0123106
0.0122902
0.0122635
0.0122351
0.0122127
0.0122086
0.0122393
0.0123231
0.0120585
0.00712909
0.00460496
0.00368212
0.00374525
0.0042321
0.00482949
0.00541102
0.00593653
0.00639878
0.00680186
0.00715309
0.00746005
0.00772958
0.00796756
0.00817887
0.00836758
0.00853703
0.00869001
0.00882879
0.00895531
0.00907114
0.00917765
0.00927596
0.00936704
0.00945172
0.00953069
0.00960457
0.00967388
0.00973907
0.00980055
0.00985866
0.0099137
0.00996594
0.0100156
0.0100629
0.0101081
0.0101512
0.0101924
0.0102319
0.0102697
0.0103059
0.0103407
0.0103741
0.0104061
0.0104368
0.0104663
0.0104946
0.0105217
0.0105477
0.0105726
0.0105964
0.010619
0.0106406
0.010661
0.0106802
0.0106982
0.010715
0.0107306
0.010745
0.0107582
0.0107701
0.0107802
0.0107881
0.0107928
0.0107933
0.0107883
0.010777
0.010759
0.0107358
0.0107109
0.0106911
0.0106865
0.0107111
0.0107807
0.00947284
0.00510404
0.00338476
0.00316083
0.00358575
0.0041775
0.00475325
0.00526217
0.00569849
0.00606964
0.00638579
0.00665649
0.0068899
0.00709265
0.00727012
0.00742658
0.00756548
0.0076896
0.00780119
0.00790209
0.00799381
0.0080776
0.00815449
0.00822537
0.00829096
0.00835189
0.00840869
0.00846181
0.00851165
0.00855853
0.00860276
0.00864458
0.00868423
0.00872189
0.00875773
0.00879191
0.00882455
0.00885577
0.00888564
0.00891426
0.00894172
0.00896807
0.00899339
0.00901772
0.0090411
0.00906357
0.00908516
0.0091059
0.00912582
0.00914493
0.00916326
0.0091808
0.00919754
0.00921347
0.00922855
0.00924277
0.00925611
0.00926856
0.00928014
0.00929085
0.00930067
0.00930948
0.00931701
0.00932281
0.00932616
0.00932612
0.00932171
0.0093121
0.0092971
0.00927771
0.00925683
0.00923985
0.00923513
0.00925413
0.00930965
0.00696228
0.00350386
0.0026611
0.00293606
0.00351106
0.004084
0.0045794
0.0049915
0.00533172
0.00561362
0.00584911
0.00604773
0.00621695
0.00636255
0.006489
0.00659976
0.00669757
0.00678459
0.00686254
0.00693283
0.00699656
0.00705469
0.00710796
0.00715701
0.00720239
0.00724452
0.00728381
0.00732056
0.00735506
0.00738754
0.00741822
0.00744726
0.00747482
0.00750105
0.00752605
0.00754992
0.00757277
0.00759466
0.00761563
0.00763577
0.00765512
0.00767373
0.00769164
0.00770889
0.0077255
0.0077415
0.0077569
0.00777173
0.00778599
0.00779971
0.00781289
0.00782553
0.00783761
0.00784913
0.00786006
0.00787038
0.00788006
0.00788912
0.00789756
0.00790538
0.00791257
0.00791903
0.00792458
0.00792883
0.00793123
0.00793104
0.00792746
0.00791982
0.00790791
0.00789249
0.00787575
0.00786189
0.00785745
0.00787146
0.00791398
0.00472193
0.00241259
0.00231024
0.0028345
0.00340776
0.00389434
0.00428463
0.00459496
0.00484331
0.00504442
0.00520949
0.00534679
0.00546248
0.00556112
0.00564615
0.00572019
0.00578525
0.0058429
0.00589438
0.00594068
0.00598259
0.00602076
0.00605572
0.0060879
0.00611767
0.00614534
0.00617115
0.00619533
0.00621806
0.0062395
0.00625978
0.00627903
0.00629734
0.0063148
0.00633149
0.00634748
0.00636281
0.00637754
0.00639169
0.00640531
0.00641844
0.0064311
0.00644332
0.00645513
0.00646653
0.00647755
0.00648818
0.00649845
0.00650835
0.00651791
0.00652711
0.00653596
0.00654445
0.00655256
0.00656028
0.00656758
0.00657445
0.00658089
0.00658691
0.00659251
0.00659768
0.00660235
0.00660637
0.00660948
0.00661125
0.00661111
0.00660847
0.00660278
0.00659387
0.00658226
0.00656954
0.00655885
0.00655505
0.00656495
0.00659607
0.00293379
0.00179532
0.00215579
0.0027275
0.00321222
0.00358393
0.00386531
0.00408045
0.00424775
0.00438029
0.00448722
0.00457495
0.00464805
0.0047098
0.00476265
0.00480838
0.00484838
0.00488368
0.00491512
0.00494334
0.00496885
0.00499207
0.00501335
0.00503294
0.00505109
0.00506799
0.00508379
0.00509863
0.00511262
0.00512585
0.00513842
0.00515039
0.00516182
0.00517276
0.00518327
0.00519337
0.00520311
0.00521249
0.00522154
0.00523029
0.00523876
0.00524696
0.00525492
0.00526264
0.00527012
0.00527738
0.00528443
0.00529125
0.00529786
0.00530427
0.00531046
0.00531644
0.0053222
0.00532772
0.005333
0.00533801
0.00534274
0.0053472
0.00535138
0.0053553
0.00535893
0.00536224
0.00536511
0.00536737
0.00536871
0.00536872
0.00536697
0.00536306
0.00535685
0.00534867
0.00533964
0.00533193
0.005329
0.00533568
0.00535731
0.00170896
0.00150482
0.0020444
0.00253723
0.00289507
0.00314817
0.00332982
0.00346341
0.00356428
0.00364235
0.00370417
0.00375413
0.00379524
0.00382961
0.00385877
0.00388384
0.00390565
0.00392483
0.00394186
0.00395713
0.00397093
0.0039835
0.00399503
0.00400568
0.00401558
0.00402484
0.00403353
0.00404173
0.00404951
0.00405692
0.00406399
0.00407078
0.0040773
0.00408359
0.00408967
0.00409556
0.00410127
0.00410681
0.00411218
0.00411741
0.00412251
0.00412748
0.00413234
0.00413708
0.00414171
0.00414622
0.00415063
0.00415493
0.00415912
0.00416319
0.00416716
0.00417102
0.00417475
0.00417835
0.00418181
0.00418511
0.00418825
0.00419123
0.00419404
0.00419669
0.00419917
0.00420145
0.00420347
0.00420509
0.00420613
0.0042063
0.00420532
0.00420291
0.00419897
0.0041937
0.00418781
0.00418273
0.00418073
0.004185
0.00419906
0.00102197
0.00136042
0.00187193
0.00222402
0.00244908
0.00259591
0.00269532
0.00276524
0.00281618
0.00285447
0.00288405
0.00290745
0.00292637
0.00294196
0.00295502
0.00296614
0.00297574
0.00298414
0.00299158
0.00299825
0.00300429
0.00300981
0.00301491
0.00301965
0.00302409
0.00302829
0.00303227
0.00303608
0.00303973
0.00304325
0.00304666
0.00304997
0.0030532
0.00305635
0.00305944
0.00306247
0.00306544
0.00306835
0.00307121
0.00307403
0.0030768
0.00307953
0.00308223
0.0030849
0.00308752
0.00309011
0.00309266
0.00309517
0.00309763
0.00310005
0.00310243
0.00310475
0.00310702
0.00310923
0.00311137
0.00311343
0.00311541
0.0031173
0.00311911
0.00312083
0.00312245
0.00312397
0.00312534
0.00312649
0.00312729
0.00312759
0.0031272
0.00312597
0.00312382
0.00312085
0.00311748
0.00311455
0.00311339
0.00311591
0.00312418
0.00071366
0.00121543
0.00157851
0.00177563
0.00188461
0.00194865
0.00198855
0.00201472
0.00203262
0.00204532
0.00205461
0.0020616
0.002067
0.00207126
0.00207471
0.00207756
0.00207997
0.00208205
0.00208389
0.00208554
0.00208706
0.00208847
0.00208981
0.0020911
0.00209235
0.00209357
0.00209478
0.00209598
0.00209717
0.00209837
0.00209958
0.00210079
0.00210201
0.00210324
0.00210448
0.00210573
0.00210699
0.00210825
0.00210952
0.0021108
0.00211208
0.00211337
0.00211467
0.00211598
0.00211729
0.00211859
0.0021199
0.00212121
0.00212251
0.0021238
0.00212509
0.00212636
0.00212762
0.00212886
0.00213007
0.00213126
0.00213241
0.00213352
0.0021346
0.00213564
0.00213664
0.00213759
0.00213847
0.00213924
0.00213985
0.0021402
0.00214022
0.00213981
0.00213894
0.00213765
0.00213614
0.00213482
0.00213434
0.00213565
0.00213977
0.000607514
0.000974735
0.00114433
0.00120912
0.00123574
0.00124751
0.00125278
0.00125492
0.00125547
0.00125521
0.00125452
0.00125362
0.00125265
0.00125168
0.00125073
0.00124985
0.00124904
0.0012483
0.00124765
0.00124708
0.00124659
0.00124617
0.00124583
0.00124555
0.00124534
0.0012452
0.00124511
0.00124508
0.0012451
0.00124517
0.00124529
0.00124545
0.00124565
0.00124589
0.00124617
0.00124648
0.00124682
0.00124718
0.00124757
0.00124799
0.00124843
0.00124889
0.00124937
0.00124987
0.00125039
0.00125093
0.00125147
0.00125203
0.0012526
0.00125318
0.00125377
0.00125436
0.00125496
0.00125555
0.00125615
0.00125674
0.00125732
0.00125789
0.00125846
0.00125901
0.00125956
0.00126008
0.00126059
0.00126105
0.00126146
0.00126178
0.00126199
0.00126205
0.00126195
0.0012617
0.00126136
0.00126107
0.00126105
0.00126161
0.00126311
0.000506411
0.000492149
0.000480643
0.000472531
0.000466284
0.000461356
0.00045739
0.000454134
0.000451416
0.000449115
0.000447145
0.000445444
0.000443964
0.00044267
0.000441533
0.00044053
0.000439645
0.000438861
0.000438167
0.000437552
0.000437007
0.000436526
0.000436101
0.000435728
0.000435401
0.000435117
0.000434871
0.000434661
0.000434483
0.000434335
0.000434215
0.00043412
0.000434049
0.000434
0.000433971
0.000433961
0.000433968
0.000433992
0.000434031
0.000434085
0.000434152
0.000434231
0.000434322
0.000434423
0.000434535
0.000434655
0.000434785
0.000434922
0.000435066
0.000435217
0.000435374
0.000435537
0.000435703
0.000435874
0.000436048
0.000436224
0.000436402
0.000436581
0.00043676
0.000436939
0.000437117
0.000437293
0.000437465
0.000437631
0.00043779
0.000437937
0.000438071
0.000438189
0.000438292
0.000438383
0.000438473
0.000438575
0.000438715
0.00043892
0.000439218
)
;

boundaryField
{
    lowerWall
    {
        type            nutkWallFunction;
        Cmu             0.09;
        kappa           0.41;
        E               9.8;
        value           nonuniform List<scalar> 
75
(
6.12961e-05
5.95672e-05
5.81686e-05
5.71801e-05
5.64177e-05
5.58154e-05
5.53301e-05
5.49314e-05
5.45982e-05
5.4316e-05
5.40742e-05
5.38653e-05
5.36836e-05
5.35245e-05
5.33848e-05
5.32616e-05
5.31527e-05
5.30563e-05
5.29708e-05
5.28952e-05
5.28282e-05
5.27689e-05
5.27166e-05
5.26707e-05
5.26304e-05
5.25954e-05
5.25652e-05
5.25392e-05
5.25173e-05
5.24991e-05
5.24843e-05
5.24726e-05
5.24639e-05
5.24578e-05
5.24542e-05
5.2453e-05
5.2454e-05
5.24569e-05
5.24617e-05
5.24683e-05
5.24765e-05
5.24863e-05
5.24975e-05
5.251e-05
5.25237e-05
5.25386e-05
5.25545e-05
5.25714e-05
5.25892e-05
5.26078e-05
5.26271e-05
5.26471e-05
5.26676e-05
5.26887e-05
5.27101e-05
5.27317e-05
5.27536e-05
5.27757e-05
5.27978e-05
5.28198e-05
5.28416e-05
5.28632e-05
5.28842e-05
5.29046e-05
5.2924e-05
5.29421e-05
5.29588e-05
5.29739e-05
5.29876e-05
5.30007e-05
5.30142e-05
5.30301e-05
5.30508e-05
5.3079e-05
5.31174e-05
)
;
    }
    upperWall
    {
        type            nutkWallFunction;
        Cmu             0.09;
        kappa           0.41;
        E               9.8;
        value           nonuniform List<scalar> 
75
(
6.13382e-05
5.96092e-05
5.821e-05
5.72211e-05
5.64583e-05
5.58556e-05
5.537e-05
5.49711e-05
5.46377e-05
5.43553e-05
5.41134e-05
5.39044e-05
5.37225e-05
5.35634e-05
5.34236e-05
5.33003e-05
5.31913e-05
5.30948e-05
5.30094e-05
5.29336e-05
5.28666e-05
5.28073e-05
5.2755e-05
5.2709e-05
5.26688e-05
5.26337e-05
5.26034e-05
5.25775e-05
5.25556e-05
5.25373e-05
5.25225e-05
5.25108e-05
5.25021e-05
5.2496e-05
5.24924e-05
5.24912e-05
5.24922e-05
5.24951e-05
5.24999e-05
5.25065e-05
5.25147e-05
5.25245e-05
5.25357e-05
5.25482e-05
5.25619e-05
5.25768e-05
5.25928e-05
5.26097e-05
5.26275e-05
5.26461e-05
5.26654e-05
5.26854e-05
5.2706e-05
5.2727e-05
5.27484e-05
5.27701e-05
5.2792e-05
5.28141e-05
5.28362e-05
5.28582e-05
5.28801e-05
5.29017e-05
5.29228e-05
5.29432e-05
5.29625e-05
5.29805e-05
5.29968e-05
5.30114e-05
5.30245e-05
5.30366e-05
5.30492e-05
5.30643e-05
5.30847e-05
5.31138e-05
5.31544e-05
)
;
    }
    inlet
    {
        type            calculated;
        value           uniform 0.0245118;
    }
    outlet
    {
        type            calculated;
        value           nonuniform List<scalar> 
60
(
0.000438934
0.00126281
0.00213997
0.00312526
0.00420134
0.00536107
0.00660154
0.00792127
0.00931875
0.0107915
0.0123354
0.0139445
0.0156103
0.0173219
0.0190654
0.0208236
0.0225755
0.024296
0.0259549
0.0275174
0.0289435
0.0301895
0.0312107
0.0319677
0.0324388
0.0326425
0.0326734
0.032731
0.0330437
0.0335145
0.0335098
0.0330317
0.0327144
0.0326541
0.0326215
0.0324168
0.0319451
0.0311878
0.0301667
0.0289211
0.0274956
0.025934
0.0242759
0.0225565
0.0208056
0.0190484
0.0173059
0.0155954
0.0139308
0.0123231
0.0107807
0.00930965
0.00791398
0.00659607
0.00535731
0.00419906
0.00312418
0.00213977
0.00126311
0.000439218
)
;
    }
    frontAndBack
    {
        type            empty;
    }
}


// ************************************************************************* //
