/*--------------------------------*- C++ -*----------------------------------*\
  =========                 |
  \\      /  F ield         | OpenFOAM: The Open Source CFD Toolbox
   \\    /   O peration     | Website:  https://openfoam.org
    \\  /    A nd           | Version:  7
     \\/     M anipulation  |
\*---------------------------------------------------------------------------*/
FoamFile
{
    version     2.0;
    format      ascii;
    class       volScalarField;
    location    "1000";
    object      epsilon;
}
// * * * * * * * * * * * * * * * * * * * * * * * * * * * * * * * * * * * * * //

dimensions      [0 2 -3 0 0 0 0];

internalField   nonuniform List<scalar> 
4500
(
789.607
724.717
675.056
641.444
616.337
596.999
581.733
569.399
559.236
550.727
543.512
537.331
531.994
527.355
523.302
519.746
516.618
513.86
511.426
509.275
507.376
505.702
504.228
502.934
501.803
500.821
499.973
499.247
498.635
498.126
497.712
497.386
497.141
496.972
496.873
496.839
496.865
496.947
497.082
497.265
497.495
497.767
498.079
498.428
498.812
499.228
499.674
500.148
500.647
501.17
501.713
502.274
502.851
503.441
504.042
504.652
505.268
505.888
506.511
507.132
507.75
508.361
508.964
509.558
510.146
510.73
511.318
511.916
512.529
513.154
513.774
514.351
514.821
515.084
515.03
180.467
258.6
265.807
255.427
244.809
236.24
229.47
224.046
219.618
215.941
212.845
210.208
207.941
205.978
204.268
202.77
201.455
200.297
199.274
198.371
197.573
196.869
196.248
195.702
195.223
194.804
194.442
194.129
193.863
193.64
193.455
193.306
193.19
193.105
193.048
193.018
193.012
193.028
193.065
193.123
193.199
193.292
193.402
193.526
193.665
193.817
193.981
194.157
194.342
194.537
194.741
194.952
195.17
195.393
195.621
195.853
196.088
196.325
196.563
196.801
197.038
197.273
197.506
197.736
197.963
198.189
198.415
198.641
198.87
199.096
199.315
199.512
199.667
199.748
199.718
52.4732
112.464
134.457
135.922
132.522
128.669
125.265
122.401
120.007
117.993
116.284
114.823
113.562
112.469
111.515
110.679
109.944
109.296
108.724
108.219
107.772
107.376
107.028
106.72
106.451
106.215
106.01
105.833
105.682
105.554
105.448
105.361
105.293
105.242
105.207
105.187
105.18
105.185
105.202
105.229
105.268
105.315
105.372
105.437
105.51
105.591
105.677
105.771
105.869
105.973
106.082
106.195
106.311
106.431
106.553
106.677
106.803
106.929
107.057
107.184
107.312
107.438
107.562
107.685
107.806
107.927
108.048
108.171
108.297
108.426
108.556
108.679
108.784
108.852
108.855
18.9423
52.8112
76.111
83.4465
84.1244
82.8547
81.1903
79.5846
78.1513
76.9017
75.8187
74.8793
74.0618
73.3479
72.7222
72.1719
71.6868
71.2581
70.8788
70.5429
70.2455
69.9822
69.7494
69.544
69.3633
69.205
69.067
68.9476
68.8451
68.7581
68.6854
68.6259
68.5785
68.5424
68.5167
68.5007
68.4936
68.4945
68.503
68.5189
68.5415
68.5705
68.6054
68.6458
68.6913
68.7417
68.7964
68.8552
68.9178
68.9838
69.0528
69.1245
69.1985
69.2745
69.3522
69.4312
69.5112
69.5919
69.673
69.7542
69.8349
69.9149
69.9939
70.0719
70.1491
70.2264
70.305
70.3863
70.4717
70.5615
70.654
70.7441
70.8222
70.8725
70.8689
8.1872
25.0217
43.8942
53.7537
57.1337
57.7145
57.2786
56.5262
55.7185
54.9491
54.2478
53.6201
53.0624
52.5681
52.1302
51.742
51.3976
51.0917
50.82
50.5786
50.3641
50.1737
50.005
49.8557
49.7242
49.6086
49.5076
49.4199
49.3443
49.28
49.226
49.1814
49.1456
49.118
49.0979
49.0847
49.0781
49.0773
49.0819
49.0917
49.1064
49.1257
49.1493
49.1768
49.2081
49.2428
49.2807
49.3215
49.365
49.411
49.4591
49.5092
49.5608
49.6139
49.668
49.7231
49.7789
49.8351
49.8916
49.9481
50.0042
50.0597
50.1146
50.1687
50.2226
50.2771
50.3333
50.3926
50.4563
50.5245
50.5954
50.6638
50.7207
50.7513
50.7317
4.2188
11.9892
24.7098
34.5695
39.5749
41.5705
42.1325
42.0729
41.7614
41.3618
40.9462
40.5459
40.1736
39.8334
39.5253
39.2478
38.9985
38.7751
38.575
38.3962
38.2364
38.094
37.9673
37.8548
37.7554
37.6677
37.5909
37.524
37.4662
37.4168
37.3752
37.3407
37.3128
37.291
37.275
37.2642
37.2584
37.257
37.2597
37.2663
37.2766
37.2903
37.3074
37.3274
37.3502
37.3757
37.4035
37.4336
37.4657
37.4997
37.5352
37.5722
37.6103
37.6495
37.6894
37.73
37.771
37.8124
37.8538
37.8952
37.9363
37.9769
38.017
38.0566
38.0963
38.1367
38.179
38.2245
38.274
38.3273
38.3823
38.4339
38.4731
38.4862
38.4522
2.53586
6.06763
13.4269
21.5411
27.1065
30.0891
31.4755
32.0206
32.1462
32.069
31.8979
31.6884
31.4685
31.2526
31.0476
30.8568
30.6813
30.521
30.3754
30.2438
30.1251
30.0186
29.9231
29.838
29.7624
29.6955
29.6366
29.5852
29.5407
29.5025
29.4702
29.4435
29.4217
29.4047
29.3921
29.3836
29.3789
29.3778
29.3797
29.3846
29.3924
29.4029
29.4159
29.4312
29.4488
29.4683
29.4897
29.5129
29.5376
29.5637
29.5911
29.6195
29.6487
29.6787
29.7093
29.7403
29.7716
29.8031
29.8346
29.866
29.8971
29.9277
29.9579
29.9878
30.0178
30.0487
30.0814
30.1169
30.1558
30.1976
30.24
30.2778
30.3027
30.3022
30.2585
1.72014
3.39495
7.19137
12.8165
17.9493
21.4137
23.4192
24.4852
25.0083
25.2292
25.2842
25.2494
25.1674
25.0624
24.9482
24.8326
24.7203
24.6137
24.514
24.4218
24.3374
24.2604
24.1908
24.1281
24.072
24.0221
23.9779
23.9393
23.9057
23.8769
23.8525
23.8323
23.8159
23.8032
23.7938
23.7877
23.7844
23.7839
23.786
23.7902
23.7967
23.8053
23.8158
23.8282
23.8423
23.858
23.8751
23.8936
23.9133
23.9341
23.9558
23.9783
24.0015
24.0251
24.0492
24.0735
24.098
24.1226
24.1471
24.1715
24.1955
24.2191
24.2423
24.2652
24.2883
24.3122
24.3377
24.3655
24.3959
24.4284
24.4603
24.4871
24.501
24.4911
24.4427
1.27853
2.13151
3.97937
7.32524
11.3239
14.7132
17.0625
18.5327
19.4051
19.9031
20.1732
20.3058
20.3557
20.3562
20.3275
20.2824
20.2286
20.1713
20.1134
20.057
20.0032
19.9528
19.9061
19.8633
19.8246
19.7897
19.7587
19.7314
19.7076
19.6872
19.67
19.6558
19.6445
19.6359
19.6298
19.6261
19.6247
19.6254
19.6281
19.6324
19.6384
19.6461
19.6552
19.6658
19.6777
19.6908
19.7051
19.7204
19.7366
19.7537
19.7714
19.7898
19.8086
19.8277
19.8471
19.8666
19.8862
19.9057
19.9252
19.9444
19.9632
19.9816
19.9996
20.0173
20.0352
20.0537
20.0735
20.0951
20.1187
20.1434
20.167
20.185
20.1908
20.1751
20.1259
1.01869
1.48311
2.38188
4.15478
6.80161
9.62717
11.9836
13.6873
14.8322
15.5744
16.0458
16.3399
16.5189
16.623
16.6785
16.7023
16.7057
16.6961
16.6786
16.6564
16.632
16.6068
16.5819
16.558
16.5356
16.5151
16.4964
16.4799
16.4654
16.4531
16.4428
16.4345
16.4282
16.4238
16.4212
16.4203
16.421
16.4233
16.427
16.4321
16.4383
16.4457
16.4542
16.4638
16.4744
16.486
16.4984
16.5115
16.5254
16.5398
16.5548
16.5701
16.5858
16.6016
16.6176
16.6336
16.6495
16.6653
16.681
16.6963
16.7112
16.7257
16.7397
16.7535
16.7673
16.7816
16.7968
16.8134
16.8313
16.8497
16.8665
16.8778
16.8779
16.8592
16.8119
0.856486
1.12027
1.57153
2.45563
3.97547
5.97825
8.01089
9.72611
11.0249
11.954
12.6007
13.0453
13.349
13.5554
13.6948
13.7877
13.8485
13.8869
13.9097
13.9219
13.9266
13.9265
13.9233
13.9181
13.912
13.9055
13.8991
13.8933
13.8881
13.8839
13.8806
13.8784
13.8773
13.8773
13.8784
13.8806
13.8839
13.8881
13.8934
13.8996
13.9066
13.9144
13.9229
13.9322
13.9423
13.9529
13.9642
13.976
13.9883
14.001
14.014
14.0272
14.0406
14.054
14.0675
14.0808
14.0941
14.1071
14.1199
14.1322
14.1442
14.1556
14.1666
14.1773
14.1879
14.1988
14.2103
14.2228
14.236
14.2493
14.2607
14.267
14.2633
14.2433
14.1994
0.751138
0.901882
1.1357
1.57101
2.36209
3.58036
5.07589
6.57156
7.86573
8.89151
9.66657
10.2385
10.6564
10.9608
11.1828
11.345
11.4638
11.551
11.6151
11.6622
11.6969
11.7225
11.7413
11.7553
11.7658
11.7738
11.7801
11.7852
11.7897
11.7938
11.7979
11.802
11.8064
11.8112
11.8164
11.8221
11.8283
11.835
11.8423
11.8501
11.8583
11.867
11.8761
11.8857
11.8957
11.906
11.9168
11.9279
11.9392
11.9508
11.9625
11.9743
11.9861
11.9979
12.0095
12.021
12.0322
12.0432
12.0537
12.0639
12.0735
12.0827
12.0913
12.0995
12.1076
12.1157
12.1242
12.1333
12.1428
12.1519
12.1591
12.1616
12.1554
12.1354
12.0958
0.681084
0.763094
0.884561
1.10001
1.49244
2.15026
3.09086
4.2063
5.32813
6.32978
7.15924
7.81699
8.32691
8.71822
9.01769
9.24721
9.42379
9.56035
9.6666
9.74982
9.81548
9.86769
9.90958
9.94353
9.97136
9.99448
10.014
10.0307
10.0453
10.0584
10.0702
10.0812
10.0916
10.1016
10.1114
10.121
10.1306
10.1402
10.1499
10.1598
10.1698
10.1798
10.19
10.2003
10.2108
10.2214
10.2321
10.243
10.2539
10.2649
10.2759
10.2868
10.2976
10.3083
10.3186
10.3288
10.3386
10.348
10.3569
10.3654
10.3733
10.3807
10.3874
10.3938
10.3998
10.4057
10.4118
10.4181
10.4245
10.4304
10.4343
10.4341
10.4263
10.4071
10.3717
0.63403
0.671598
0.730768
0.83575
1.02644
1.35691
1.87632
2.58645
3.41896
4.27087
5.05819
5.73808
6.30134
6.75721
7.12188
7.41233
7.64372
7.8286
7.97704
8.09693
8.19441
8.27426
8.34018
8.39508
8.44121
8.48035
8.5139
8.54298
8.56847
8.59108
8.61137
8.62981
8.64676
8.66253
8.67735
8.69142
8.70489
8.7179
8.73054
8.7429
8.75503
8.76694
8.77863
8.79016
8.80158
8.81289
8.82412
8.83525
8.84627
8.85715
8.86787
8.87837
8.88862
8.89858
8.9082
8.91743
8.92624
8.93458
8.9424
8.94964
8.95627
8.96227
8.96765
8.97249
8.97691
8.98109
8.9852
8.98932
8.9933
8.99657
8.99799
8.99569
8.98707
8.9689
8.93777
0.602484
0.610007
0.63217
0.67868
0.768007
0.927183
1.19007
1.58499
2.11209
2.73181
3.38151
4.0041
4.56404
5.04728
5.45396
5.79146
6.06965
6.29853
6.48706
6.64286
6.7722
6.88017
6.97088
7.04758
7.11291
7.16898
7.21746
7.25973
7.29688
7.32982
7.35927
7.38582
7.40997
7.43212
7.45259
7.47167
7.48956
7.50647
7.52254
7.5379
7.55264
7.56686
7.58054
7.59376
7.60657
7.61903
7.63117
7.64299
7.65451
7.66572
7.67659
7.6871
7.69722
7.70692
7.71616
7.72492
7.73315
7.74081
7.74787
7.75427
7.76
7.76503
7.76937
7.77309
7.77629
7.7791
7.78167
7.78404
7.78608
7.78732
7.78683
7.7831
7.77404
7.75713
7.7298
0.581598
0.568258
0.567053
0.580682
0.61734
0.689625
0.815044
1.01459
1.30566
1.69024
2.14768
2.64103
3.13178
3.59126
4.00373
4.36394
4.67321
4.93622
5.15888
5.34716
5.50658
5.64194
5.75733
5.85616
5.94124
6.01492
6.07909
6.13533
6.18494
6.22897
6.26832
6.3037
6.33573
6.36492
6.39167
6.41634
6.43923
6.46059
6.48061
6.49948
6.51733
6.53429
6.55043
6.56578
6.58045
6.59449
6.60796
6.62089
6.63332
6.64525
6.65667
6.66757
6.67794
6.68776
6.697
6.70563
6.71363
6.72097
6.72761
6.73352
6.73867
6.74306
6.74669
6.74961
6.75191
6.75369
6.75508
6.7561
6.75663
6.75631
6.75439
6.74966
6.74046
6.72483
6.70088
0.568079
0.540126
0.523431
0.51743
0.525304
0.552668
0.607669
0.701329
0.846657
1.05501
1.32993
1.66241
2.03209
2.41414
2.7866
3.13432
3.44925
3.72875
3.97363
4.1866
4.37111
4.53081
4.66914
4.78922
4.89377
4.98516
5.06536
5.13607
5.19872
5.25449
5.30439
5.34928
5.38985
5.42671
5.46037
5.49125
5.51972
5.54608
5.5706
5.59349
5.61495
5.63513
5.65416
5.67212
5.68908
5.70513
5.72036
5.73482
5.74855
5.76158
5.77393
5.78559
5.79657
5.80685
5.81642
5.82527
5.83337
5.8407
5.84724
5.85296
5.85784
5.86187
5.86507
5.86747
5.86916
5.87022
5.87074
5.87075
5.87016
5.86868
5.86571
5.86031
5.85118
5.83679
5.81578
0.559602
0.521507
0.494215
0.475854
0.467123
0.470264
0.488837
0.527918
0.594281
0.695973
0.840597
1.03225
1.26844
1.53938
1.83035
2.12588
2.41303
2.68294
2.93066
3.15433
3.35412
3.53139
3.68811
3.82648
3.94865
4.05666
4.15237
4.23741
4.31321
4.38101
4.44188
4.49674
4.54637
4.59146
4.63258
4.67023
4.70483
4.73674
4.76628
4.79372
4.81928
4.84316
4.86553
4.88653
4.90623
4.92473
4.94213
4.95851
4.97394
4.98845
5.00209
5.01487
5.0268
5.03788
5.04811
5.05749
5.06599
5.07362
5.08034
5.08614
5.09102
5.09497
5.098
5.10015
5.10149
5.10209
5.10202
5.10133
5.09994
5.09764
5.09396
5.08816
5.07924
5.06602
5.04754
0.5545
0.509542
0.474918
0.448452
0.429644
0.419073
0.418104
0.428877
0.454437
0.498844
0.567017
0.66401
0.793577
0.956396
1.14891
1.36364
1.59092
1.82102
2.04586
2.25963
2.45884
2.64182
2.80825
2.95863
3.09399
3.21558
3.32472
3.42275
3.5109
3.59032
3.66201
3.72691
3.78582
3.83944
3.8884
3.93322
3.97439
4.01231
4.04734
4.07978
4.10991
4.13795
4.1641
4.18854
4.2114
4.23277
4.25275
4.27145
4.28895
4.30532
4.32061
4.33484
4.34806
4.36026
4.37146
4.38166
4.39086
4.39905
4.40623
4.41239
4.41752
4.42163
4.42473
4.42687
4.4281
4.42849
4.4281
4.42698
4.42508
4.42224
4.41812
4.41216
4.40356
4.39145
4.37515
0.551578
0.502159
0.462517
0.430613
0.405436
0.386738
0.374813
0.370408
0.374735
0.389544
0.417193
0.460615
0.52306
0.607482
0.715642
0.847209
0.999339
1.16703
1.34408
1.52425
1.70217
1.87373
2.03619
2.18798
2.32843
2.4575
2.57558
2.68332
2.78147
2.87084
2.95226
3.02649
3.09425
3.15622
3.21299
3.26511
3.31305
3.35724
3.39807
3.43586
3.47091
3.50347
3.53378
3.56204
3.58841
3.61302
3.63596
3.65735
3.67729
3.69587
3.71314
3.72917
3.74398
3.75761
3.77007
3.78138
3.79155
3.80058
3.80847
3.81523
3.82085
3.82536
3.82876
3.83111
3.83245
3.83285
3.83238
3.83107
3.82893
3.82582
3.82151
3.81557
3.80741
3.79635
3.78196
0.549997
0.497833
0.454862
0.419311
0.390008
0.366314
0.347991
0.335115
0.328033
0.327378
0.334101
0.349515
0.375307
0.413461
0.46604
0.534794
0.620652
0.723263
0.840805
0.970169
1.10746
1.24861
1.38992
1.52835
1.66166
1.78835
1.90755
2.01888
2.12232
2.21806
2.30649
2.38803
2.46319
2.53246
2.59634
2.65528
2.70973
2.76008
2.8067
2.84993
2.89006
2.92736
2.96207
2.99441
3.02455
3.05268
3.07889
3.10329
3.12598
3.14707
3.16663
3.18474
3.20144
3.21678
3.23078
3.24346
3.25485
3.26495
3.27379
3.28137
3.28771
3.29283
3.29674
3.29951
3.30117
3.3018
3.30147
3.30022
3.29806
3.29493
3.29066
3.28493
3.2773
3.26728
3.2546
0.549196
0.49545
0.450382
0.412443
0.380459
0.353629
0.331457
0.313683
0.300245
0.291252
0.28699
0.287933
0.294771
0.308424
0.330031
0.360892
0.402324
0.455437
0.520857
0.598475
0.687317
0.785601
0.890966
1.00079
1.11252
1.22388
1.33303
1.43859
1.5396
1.63547
1.72589
1.81079
1.89022
1.96437
2.03347
2.09782
2.15771
2.21344
2.26531
2.3136
2.35859
2.40051
2.4396
2.47606
2.51008
2.54182
2.57145
2.59905
2.62471
2.64854
2.67062
2.69105
2.70987
2.72714
2.7429
2.75718
2.77
2.7814
2.7914
2.80001
2.80726
2.81317
2.8178
2.82118
2.82336
2.82443
2.82444
2.82347
2.82153
2.81861
2.81459
2.80926
2.8023
2.79335
2.78225
0.54882
0.494229
0.447927
0.408498
0.374812
0.346017
0.321496
0.300829
0.283749
0.270116
0.259909
0.253214
0.250232
0.251294
0.256863
0.267551
0.2841
0.307348
0.338153
0.377272
0.42521
0.482078
0.54749
0.620553
0.699939
0.784044
0.871158
0.959635
1.04801
1.13506
1.21984
1.30164
1.38
1.45464
1.5254
1.59226
1.65527
1.71453
1.77019
1.82241
1.87136
1.91724
1.9602
2.00043
2.03807
2.07329
2.10621
2.13697
2.16562
2.19226
2.21696
2.23982
2.26089
2.28024
2.2979
2.31393
2.32835
2.3412
2.35251
2.36231
2.37064
2.37753
2.38304
2.3872
2.3901
2.3918
2.39238
2.3919
2.39042
2.38794
2.3844
2.37968
2.37354
2.36574
2.3562
0.548657
0.493654
0.446683
0.406388
0.371673
0.341678
0.31574
0.293358
0.274166
0.257902
0.244398
0.233559
0.225367
0.219876
0.217213
0.217587
0.221296
0.228722
0.240335
0.25667
0.278288
0.305721
0.339393
0.379536
0.426116
0.478796
0.536941
0.599667
0.665925
0.734602
0.804606
0.87494
0.944741
1.0133
1.08007
1.14463
1.20671
1.26611
1.32274
1.37656
1.42758
1.47584
1.52141
1.56438
1.60483
1.64287
1.67858
1.71206
1.74339
1.77261
1.79978
1.82497
1.84824
1.86964
1.88922
1.90703
1.92309
1.93747
1.95018
1.96128
1.97081
1.97882
1.98535
1.99048
1.99427
1.9968
1.99816
1.99842
1.99764
1.99586
1.99308
1.9892
1.9841
1.97759
1.96968
0.548592
0.493406
0.446107
0.405351
0.370059
0.339371
0.312608
0.289233
0.268829
0.251075
0.235728
0.222608
0.211595
0.202617
0.19565
0.190716
0.187888
0.187286
0.189086
0.193519
0.200869
0.211469
0.225679
0.243868
0.26637
0.293444
0.325224
0.361686
0.402619
0.447634
0.496183
0.547606
0.601178
0.656168
0.711875
0.767667
0.822995
0.877399
0.930512
0.98205
1.0318
1.07961
1.12539
1.16906
1.21061
1.25003
1.28733
1.32253
1.35567
1.38679
1.41586
1.44293
1.46803
1.49121
1.51249
1.53191
1.54952
1.56536
1.57946
1.59188
1.60266
1.61187
1.61957
1.62581
1.63069
1.63427
1.63665
1.63792
1.63814
1.63738
1.63565
1.63293
1.62914
1.62417
1.61806
0.548569
0.49331
0.445866
0.40489
0.369304
0.338249
0.311036
0.287114
0.266042
0.247465
0.231105
0.216739
0.204196
0.193345
0.184094
0.176382
0.17018
0.165488
0.162338
0.160793
0.160948
0.162932
0.16691
0.173077
0.181656
0.192888
0.207014
0.224254
0.244789
0.268724
0.296075
0.326749
0.360542
0.397143
0.436157
0.47713
0.519575
0.563004
0.606949
0.650978
0.694708
0.737809
0.780004
0.821063
0.860803
0.89908
0.935783
0.970828
1.00416
1.03573
1.06552
1.09348
1.11958
1.14383
1.16625
1.18685
1.20565
1.2227
1.23802
1.25167
1.26369
1.27415
1.2831
1.29063
1.2968
1.3017
1.30541
1.30802
1.30962
1.31026
1.30998
1.30881
1.3067
1.3036
1.29956
0.548561
0.493276
0.445775
0.404707
0.368989
0.337759
0.310324
0.286125
0.264707
0.245702
0.22881
0.213787
0.200435
0.188595
0.17814
0.168972
0.161016
0.154218
0.148548
0.143992
0.140556
0.138266
0.137167
0.137327
0.138831
0.141788
0.146325
0.152588
0.160732
0.170915
0.183288
0.197983
0.215094
0.234666
0.256683
0.281062
0.307653
0.336239
0.366552
0.398287
0.431114
0.464695
0.4987
0.532817
0.566756
0.600258
0.633093
0.665063
0.696
0.725765
0.754247
0.781361
0.806995
0.831096
0.853626
0.874565
0.893909
0.911665
0.927854
0.942507
0.955663
0.967372
0.977687
0.986672
0.994392
1.00092
1.00633
1.0107
1.0141
1.0166
1.01826
1.01909
1.0191
1.01826
1.01664
0.548559
0.493266
0.445745
0.404642
0.368873
0.337571
0.31004
0.285716
0.264139
0.24493
0.227779
0.212432
0.198676
0.186338
0.175272
0.165362
0.156511
0.148642
0.141694
0.13562
0.13039
0.125983
0.122391
0.11962
0.117686
0.116617
0.116455
0.117254
0.11908
0.122013
0.126141
0.131563
0.138379
0.14669
0.156589
0.168154
0.181436
0.196459
0.213205
0.231616
0.251591
0.272988
0.295629
0.319307
0.343797
0.368862
0.394264
0.41977
0.44516
0.470233
0.494806
0.518726
0.541855
0.564057
0.585233
0.605308
0.624227
0.641954
0.658468
0.673764
0.687847
0.700736
0.712456
0.723042
0.732532
0.740974
0.748417
0.754917
0.760526
0.765298
0.769277
0.772497
0.774969
0.776698
0.777718
0.548558
0.493263
0.445735
0.404622
0.368836
0.337509
0.309944
0.285572
0.26393
0.244636
0.227375
0.211885
0.197946
0.185378
0.174026
0.163764
0.154484
0.146098
0.138532
0.131724
0.125625
0.120197
0.11541
0.111242
0.10768
0.10472
0.102362
0.100617
0.0995
0.0990368
0.0992589
0.100206
0.101924
0.104467
0.107894
0.112267
0.11765
0.124106
0.13169
0.140449
0.150413
0.161594
0.173981
0.187535
0.202194
0.217867
0.234441
0.251783
0.269746
0.288172
0.306901
0.325775
0.344648
0.363371
0.381803
0.399821
0.417314
0.434192
0.450377
0.465807
0.480434
0.494224
0.507152
0.519208
0.530387
0.540698
0.550153
0.558773
0.566584
0.573616
0.579897
0.585452
0.590299
0.594448
0.597914
0.548558
0.493263
0.445733
0.404617
0.368827
0.337493
0.309918
0.285532
0.26387
0.244548
0.227249
0.211707
0.197701
0.185045
0.173583
0.163183
0.153733
0.145139
0.137321
0.130213
0.123758
0.11791
0.112631
0.10789
0.103663
0.099932
0.0966848
0.0939146
0.0916196
0.0898032
0.0884736
0.0876441
0.0873326
0.0875625
0.0883618
0.0897634
0.0918048
0.0945275
0.0979763
0.102198
0.107239
0.113145
0.119956
0.127704
0.136411
0.146084
0.156716
0.168278
0.180723
0.193984
0.207975
0.222593
0.237725
0.253252
0.269039
0.284951
0.300854
0.316622
0.332136
0.347289
0.361988
0.376151
0.389711
0.402616
0.414823
0.426306
0.437046
0.447037
0.45628
0.464785
0.472566
0.479637
0.486014
0.491707
0.49672
0.548558
0.493263
0.445733
0.404617
0.368827
0.337493
0.309918
0.285532
0.26387
0.244548
0.227249
0.211707
0.197701
0.185045
0.173583
0.163183
0.153733
0.145138
0.137321
0.130212
0.123758
0.11791
0.112631
0.10789
0.103663
0.0999317
0.0966844
0.0939141
0.0916191
0.0898026
0.0884729
0.0876433
0.0873318
0.0875615
0.0883607
0.0897621
0.0918033
0.0945259
0.0979745
0.102196
0.107237
0.113143
0.119953
0.127701
0.136407
0.146081
0.156713
0.168275
0.18072
0.19398
0.207971
0.222589
0.237721
0.253248
0.269035
0.284947
0.30085
0.316618
0.332132
0.347285
0.361984
0.376147
0.389707
0.402612
0.41482
0.426303
0.437044
0.447035
0.45628
0.464786
0.472568
0.47964
0.486017
0.491707
0.496713
0.548558
0.493263
0.445735
0.404622
0.368836
0.337509
0.309944
0.285572
0.26393
0.244636
0.227375
0.211884
0.197946
0.185377
0.174026
0.163763
0.154484
0.146097
0.138531
0.131722
0.125623
0.120195
0.115407
0.111239
0.107677
0.104716
0.102357
0.100611
0.0994937
0.0990294
0.0992503
0.100196
0.101912
0.104454
0.107878
0.112249
0.11763
0.124083
0.131665
0.14042
0.150381
0.161559
0.173942
0.187492
0.202147
0.217817
0.234387
0.251726
0.269686
0.288109
0.306836
0.325708
0.344579
0.3633
0.381731
0.399748
0.417241
0.434118
0.450302
0.465732
0.480359
0.494149
0.507078
0.519135
0.530316
0.540628
0.550085
0.558708
0.566524
0.57356
0.579845
0.585403
0.590248
0.594387
0.597831
0.548559
0.493266
0.445745
0.404642
0.368873
0.337571
0.31004
0.285716
0.264138
0.244929
0.227779
0.212431
0.198675
0.186336
0.175271
0.16536
0.156509
0.148639
0.14169
0.135616
0.130384
0.125976
0.122383
0.119611
0.117674
0.116603
0.116439
0.117235
0.119058
0.121987
0.126111
0.131527
0.138338
0.146643
0.156535
0.168092
0.181367
0.196381
0.213119
0.231521
0.251487
0.272876
0.295508
0.319178
0.343661
0.368719
0.394114
0.419614
0.445
0.470068
0.494638
0.518554
0.541681
0.56388
0.585054
0.605128
0.624047
0.641773
0.658287
0.673582
0.687667
0.700556
0.712278
0.722865
0.732358
0.740803
0.748251
0.754756
0.760373
0.765152
0.769139
0.772361
0.774827
0.776533
0.777508
0.548561
0.493276
0.445775
0.404707
0.368988
0.337758
0.310324
0.286124
0.264706
0.245701
0.228808
0.213785
0.200432
0.188591
0.178136
0.168967
0.161009
0.15421
0.148538
0.143979
0.14054
0.138247
0.137145
0.1373
0.138799
0.14175
0.146281
0.152535
0.16067
0.170842
0.183205
0.197887
0.214983
0.23454
0.256542
0.280906
0.307481
0.336052
0.366351
0.398072
0.430886
0.464455
0.498451
0.532558
0.566489
0.599984
0.632813
0.664778
0.695711
0.725473
0.753952
0.781064
0.806697
0.830796
0.853325
0.874264
0.893607
0.911363
0.927552
0.942206
0.955364
0.967074
0.977392
0.986379
0.994102
1.00063
1.00605
1.01043
1.01384
1.01636
1.01802
1.01885
1.01885
1.01797
1.01628
0.548569
0.49331
0.445866
0.404889
0.369303
0.338248
0.311035
0.287112
0.266039
0.247462
0.2311
0.216733
0.204189
0.193336
0.184083
0.176368
0.170163
0.165467
0.162313
0.160762
0.16091
0.162886
0.166854
0.173011
0.181577
0.192794
0.206902
0.224124
0.244637
0.268549
0.295877
0.326526
0.360294
0.396872
0.435863
0.476815
0.51924
0.562652
0.606581
0.650597
0.694317
0.737409
0.779596
0.820649
0.860384
0.898657
0.935357
0.970401
1.00373
1.0353
1.06509
1.09305
1.11915
1.1434
1.16582
1.18642
1.20522
1.22227
1.23759
1.25124
1.26327
1.27373
1.28268
1.29021
1.29639
1.3013
1.30502
1.30764
1.30925
1.3099
1.30965
1.30848
1.30634
1.30318
1.29903
0.548592
0.493406
0.446106
0.40535
0.370057
0.339369
0.312604
0.289228
0.268823
0.251067
0.235717
0.222595
0.211579
0.202597
0.195624
0.190685
0.187849
0.187238
0.189027
0.193447
0.200782
0.211362
0.225551
0.243714
0.266187
0.293228
0.324974
0.361399
0.402296
0.447274
0.495789
0.547179
0.600722
0.655686
0.711372
0.767145
0.822457
0.876849
0.929953
0.981483
1.03123
1.07904
1.12481
1.16848
1.21003
1.24945
1.28675
1.32196
1.3551
1.38621
1.41529
1.44236
1.46747
1.49064
1.51192
1.53135
1.54896
1.5648
1.5789
1.59132
1.60211
1.61132
1.61902
1.62527
1.63015
1.63374
1.63614
1.63742
1.63766
1.63693
1.63522
1.6325
1.62868
1.62362
1.61734
0.548657
0.493653
0.446681
0.406385
0.371669
0.341672
0.315732
0.293348
0.274153
0.257886
0.244376
0.233532
0.225333
0.219833
0.217159
0.21752
0.221212
0.228618
0.240206
0.256511
0.278094
0.305486
0.339112
0.379205
0.425732
0.478359
0.536452
0.599128
0.665342
0.733979
0.80395
0.874255
0.944033
1.01258
1.07933
1.14388
1.20595
1.26535
1.32198
1.3758
1.42682
1.47508
1.52066
1.56363
1.60409
1.64212
1.67784
1.71132
1.74266
1.77189
1.79906
1.82425
1.84753
1.86893
1.88851
1.90632
1.92239
1.93676
1.94948
1.96059
1.97012
1.97813
1.98467
1.9898
1.9936
1.99614
1.99751
1.99779
1.99704
1.9953
1.99254
1.98868
1.98353
1.9769
1.96875
0.54882
0.494228
0.447924
0.408492
0.374804
0.346005
0.321481
0.300809
0.283722
0.270083
0.259867
0.253159
0.250163
0.251206
0.256753
0.267411
0.283923
0.307126
0.337878
0.376935
0.424804
0.481598
0.546934
0.619922
0.699239
0.783281
0.870341
0.958773
1.04711
1.13413
1.21889
1.30068
1.37903
1.45366
1.52442
1.59128
1.65429
1.71356
1.76922
1.82145
1.87041
1.91629
1.95927
1.9995
2.03715
2.07237
2.1053
2.13606
2.16473
2.19137
2.21608
2.23894
2.26002
2.27936
2.29703
2.31306
2.32748
2.34033
2.35164
2.36145
2.36978
2.37668
2.38219
2.38636
2.38927
2.39098
2.39158
2.39113
2.38969
2.38726
2.38377
2.37906
2.37287
2.3649
2.35503
0.549195
0.495446
0.450375
0.412431
0.380442
0.353607
0.331427
0.313645
0.300196
0.291189
0.286908
0.287827
0.294635
0.308247
0.329804
0.360602
0.401957
0.454981
0.520302
0.597814
0.68655
0.784734
0.890008
0.999757
1.11142
1.22273
1.33185
1.43738
1.53838
1.63424
1.72466
1.80955
1.88899
1.96314
2.03226
2.09661
2.15651
2.21225
2.26414
2.31244
2.35744
2.39937
2.43847
2.47493
2.50896
2.54072
2.57035
2.59796
2.62362
2.64746
2.66955
2.68998
2.70881
2.72608
2.74184
2.75612
2.76895
2.78035
2.79035
2.79896
2.80622
2.81214
2.81677
2.82015
2.82235
2.82343
2.82348
2.82255
2.82067
2.81782
2.81386
2.80855
2.80151
2.79233
2.78078
0.549994
0.497825
0.454848
0.419289
0.389977
0.366273
0.347938
0.335046
0.327943
0.32726
0.333945
0.34931
0.375036
0.413106
0.46558
0.534211
0.61993
0.722395
0.839792
0.969022
1.1062
1.24725
1.38849
1.52687
1.66014
1.78681
1.906
2.01733
2.12077
2.21653
2.30497
2.38653
2.4617
2.53099
2.59488
2.65384
2.7083
2.75866
2.8053
2.84854
2.88868
2.926
2.96072
2.99307
3.02322
3.05136
3.07758
3.10198
3.12468
3.14578
3.16535
3.18346
3.20017
3.21551
3.22951
3.24219
3.25358
3.26369
3.27253
3.28012
3.28646
3.29158
3.2955
3.29827
3.29995
3.30061
3.30031
3.29912
3.29705
3.29401
3.28982
3.28412
3.2764
3.26608
3.25279
0.551572
0.502144
0.462491
0.430575
0.405384
0.386669
0.374721
0.370286
0.374571
0.389323
0.416894
0.460212
0.522523
0.606781
0.714752
0.846117
0.99805
1.16556
1.34246
1.52252
1.70035
1.87185
2.03428
2.18606
2.3265
2.45559
2.57369
2.68144
2.77961
2.86901
2.95045
3.0247
3.09249
3.15448
3.21127
3.26341
3.31137
3.35558
3.39642
3.43422
3.46928
3.50186
3.53219
3.56045
3.58683
3.61146
3.63441
3.6558
3.67575
3.69433
3.71161
3.72764
3.74246
3.75609
3.76856
3.77987
3.79004
3.79907
3.80696
3.81372
3.81935
3.82386
3.82727
3.82963
3.83098
3.83141
3.83099
3.82977
3.82774
3.82476
3.82057
3.81468
3.8064
3.79495
3.77976
0.55449
0.509515
0.474874
0.448389
0.429558
0.418956
0.417945
0.428659
0.454136
0.498425
0.566438
0.663225
0.792544
0.95509
1.14733
1.36182
1.58889
1.81885
2.04358
2.25729
2.45647
2.63945
2.80589
2.95629
3.09168
3.2133
3.32248
3.42054
3.50873
3.58817
3.6599
3.72483
3.78376
3.83741
3.88638
3.93123
3.97242
4.01036
4.04541
4.07786
4.108
4.13605
4.16221
4.18666
4.20954
4.23091
4.2509
4.26961
4.28712
4.30349
4.31879
4.33303
4.34624
4.35845
4.36965
4.37985
4.38905
4.39724
4.40443
4.41059
4.41572
4.41984
4.42295
4.4251
4.42634
4.42676
4.42645
4.42543
4.42369
4.42103
4.41707
4.41118
4.40245
4.38984
4.37252
0.559583
0.521462
0.494144
0.475753
0.466982
0.470068
0.48856
0.527523
0.593716
0.69517
0.839487
1.03078
1.2666
1.53718
1.82787
2.12319
2.41021
2.68004
2.92774
3.15142
3.35124
3.52854
3.68531
3.82373
3.94595
4.05401
4.14977
4.23485
4.31068
4.37852
4.43942
4.49431
4.54398
4.58909
4.63024
4.6679
4.70252
4.73445
4.76401
4.79146
4.81703
4.84093
4.86331
4.88432
4.90403
4.92254
4.93994
4.95633
4.97177
4.98629
4.99993
5.01271
5.02464
5.03573
5.04596
5.05533
5.06383
5.07146
5.07818
5.08399
5.08887
5.09282
5.09586
5.09802
5.09938
5.10003
5.10006
5.09951
5.09832
5.09625
5.09279
5.08711
5.07804
5.06422
5.04444
0.568046
0.540055
0.523319
0.517269
0.525073
0.552333
0.607175
0.700596
0.845582
1.05349
1.3279
1.65988
2.02915
2.41088
2.78314
3.13077
3.44567
3.72519
3.97012
4.18314
4.36773
4.52749
4.66589
4.78604
4.89065
4.98209
5.06235
5.13311
5.19579
5.2516
5.30154
5.34646
5.38706
5.42394
5.45762
5.48853
5.51701
5.54339
5.56793
5.59084
5.61231
5.6325
5.65154
5.66951
5.68648
5.70253
5.71777
5.73223
5.74597
5.75901
5.77136
5.78302
5.794
5.80428
5.81385
5.8227
5.8308
5.83813
5.84467
5.85039
5.85527
5.85931
5.86251
5.86493
5.86664
5.86776
5.86839
5.86859
5.86826
5.8671
5.86444
5.85922
5.84994
5.83482
5.81218
0.581544
0.568148
0.56688
0.580426
0.616956
0.689037
0.814135
1.0132
1.30366
1.68754
2.14433
2.63718
3.1276
3.58692
3.99935
4.35958
4.66893
4.93203
5.15478
5.34317
5.50268
5.63813
5.7536
5.8525
5.93765
6.01139
6.07561
6.1319
6.18155
6.22562
6.265
6.30042
6.33248
6.36168
6.38846
6.41315
6.43606
6.45743
6.47747
6.49635
6.51421
6.53118
6.54733
6.56269
6.57736
6.5914
6.60488
6.61782
6.63026
6.64219
6.65361
6.66452
6.67489
6.6847
6.69393
6.70256
6.71056
6.7179
6.72454
6.73045
6.73561
6.74
6.74363
6.74656
6.74889
6.75075
6.75228
6.75354
6.75442
6.75452
6.75301
6.74854
6.73922
6.72273
6.69679
0.6024
0.609839
0.631903
0.678265
0.767348
0.926113
1.18836
1.58242
2.10857
2.72746
3.37659
3.99885
4.55868
5.04194
5.44872
5.78634
6.06468
6.2937
6.48236
6.63827
6.76772
6.8758
6.96659
7.04337
7.10877
7.16489
7.21342
7.25574
7.29294
7.32591
7.35539
7.38197
7.40615
7.42832
7.44881
7.46791
7.48582
7.50274
7.51882
7.53419
7.54895
7.56317
7.57686
7.59008
7.6029
7.61537
7.62751
7.63934
7.65086
7.66207
7.67295
7.68346
7.69358
7.70327
7.71251
7.72125
7.72947
7.73713
7.74419
7.7506
7.75633
7.76136
7.76571
7.76944
7.77267
7.77558
7.77833
7.781
7.78348
7.78528
7.78535
7.78201
7.77287
7.75498
7.72526
0.633903
0.671346
0.73035
0.835057
1.02526
1.35491
1.87316
2.582
3.41343
4.26465
5.05167
5.73151
6.29488
6.75093
7.1158
7.40645
7.63802
7.82307
7.97166
8.09167
8.18926
8.26921
8.33522
8.3902
8.43639
8.47559
8.50919
8.53832
8.56385
8.58649
8.60681
8.62528
8.64226
8.65804
8.67288
8.68697
8.70046
8.71348
8.72613
8.7385
8.75064
8.76255
8.77425
8.78579
8.79721
8.80852
8.81975
8.83089
8.84191
8.8528
8.86352
8.87402
8.88427
8.89421
8.90382
8.91304
8.92185
8.93018
8.938
8.94525
8.95188
8.95788
8.96326
8.9681
8.97256
8.97685
8.98118
8.98569
8.99023
8.99422
8.99641
8.99469
8.98608
8.96684
8.93288
0.680892
0.762711
0.883889
1.0988
1.49025
2.14654
3.08538
4.19938
5.32037
6.32173
7.15124
7.80921
8.3194
8.711
9.01073
9.24048
9.41726
9.554
9.6604
9.74375
9.80952
9.86183
9.9038
9.93782
9.96572
9.9889
10.0084
10.0252
10.0399
10.053
10.0648
10.0759
10.0863
10.0963
10.1061
10.1157
10.1253
10.135
10.1447
10.1545
10.1645
10.1746
10.1848
10.1951
10.2055
10.2161
10.2269
10.2378
10.2487
10.2597
10.2707
10.2816
10.2924
10.303
10.3134
10.3235
10.3333
10.3427
10.3517
10.3601
10.368
10.3754
10.3822
10.3885
10.3945
10.4006
10.4069
10.4137
10.4209
10.4277
10.4327
10.4332
10.4256
10.4052
10.3667
0.750852
0.901293
1.13457
1.56879
2.35797
3.57383
5.06735
6.56192
7.85581
8.88175
9.65717
10.2295
10.6477
10.9525
11.1748
11.3372
11.4562
11.5436
11.6079
11.6551
11.69
11.7156
11.7346
11.7486
11.7591
11.7672
11.7735
11.7787
11.7832
11.7873
11.7914
11.7956
11.8
11.8048
11.81
11.8157
11.822
11.8287
11.836
11.8438
11.852
11.8607
11.8698
11.8794
11.8894
11.8998
11.9105
11.9216
11.9329
11.9445
11.9562
11.968
11.9798
11.9916
12.0032
12.0146
12.0259
12.0368
12.0474
12.0575
12.0672
12.0763
12.0849
12.0931
12.1012
12.1095
12.1183
12.128
12.1384
12.1487
12.1573
12.1609
12.1552
12.1341
12.0908
0.856059
1.11933
1.56953
2.45144
3.96804
5.96788
7.99896
9.71385
11.0129
11.9426
12.5899
13.035
13.3391
13.5459
13.6855
13.7787
13.8397
13.8783
13.9013
13.9135
13.9184
13.9184
13.9152
13.9101
13.904
13.8976
13.8913
13.8855
13.8804
13.8761
13.8729
13.8707
13.8696
13.8696
13.8707
13.8729
13.8762
13.8805
13.8858
13.892
13.899
13.9068
13.9153
13.9246
13.9346
13.9453
13.9566
13.9684
13.9807
13.9933
14.0063
14.0196
14.0329
14.0464
14.0598
14.0731
14.0864
14.0994
14.1121
14.1245
14.1364
14.1479
14.1589
14.1695
14.1802
14.1912
14.2031
14.2163
14.2307
14.2454
14.2586
14.2665
14.2636
14.2428
14.195
1.01804
1.48153
2.37812
4.14693
6.78934
9.61243
11.9684
13.6726
14.8183
15.5612
16.0333
16.3279
16.5074
16.6119
16.6676
16.6917
16.6953
16.6859
16.6685
16.6464
16.6221
16.597
16.5722
16.5484
16.526
16.5055
16.4869
16.4704
16.456
16.4437
16.4334
16.4252
16.4189
16.4145
16.4119
16.411
16.4117
16.414
16.4177
16.4228
16.429
16.4364
16.445
16.4546
16.4652
16.4767
16.4891
16.5022
16.5161
16.5306
16.5455
16.5608
16.5765
16.5923
16.6082
16.6241
16.6401
16.6559
16.6715
16.6868
16.7017
16.7162
16.7302
16.744
16.7578
16.7722
16.7879
16.8053
16.8246
16.8449
16.8639
16.8774
16.879
16.8597
16.8084
1.2775
2.12867
3.97206
7.31146
11.3058
14.6941
17.044
18.5154
19.3889
19.8878
20.1586
20.2918
20.3421
20.3429
20.3146
20.2697
20.2161
20.1589
20.1012
20.0448
19.9912
19.9408
19.8942
19.8516
19.8128
19.7781
19.7471
19.7198
19.6961
19.6757
19.6585
19.6443
19.633
19.6244
19.6184
19.6147
19.6133
19.614
19.6166
19.621
19.627
19.6346
19.6438
19.6544
19.6662
19.6794
19.6936
19.7089
19.7252
19.7422
19.76
19.7783
19.7971
19.8162
19.8355
19.855
19.8745
19.8941
19.9135
19.9327
19.9515
19.9699
19.9878
20.0055
20.0234
20.0421
20.0624
20.0849
20.1101
20.1371
20.1635
20.1845
20.1925
20.177
20.124
1.71843
3.38948
7.17749
12.7947
17.925
21.3902
23.3973
24.4649
24.9893
25.2111
25.2669
25.2326
25.151
25.0463
24.9324
24.8171
24.7049
24.5985
24.4989
24.4069
24.3225
24.2457
24.1761
24.1135
24.0574
24.0075
23.9635
23.9248
23.8913
23.8625
23.8381
23.8179
23.8016
23.7889
23.7795
23.7734
23.7702
23.7697
23.7717
23.776
23.7825
23.791
23.8016
23.8139
23.828
23.8437
23.8608
23.8793
23.899
23.9198
23.9415
23.964
23.9871
24.0107
24.0347
24.059
24.0835
24.108
24.1325
24.1569
24.1809
24.2044
24.2276
24.2504
24.2735
24.2975
24.3235
24.3524
24.3846
24.4197
24.4552
24.4858
24.5029
24.4943
24.4426
2.53282
6.05652
13.4025
21.5101
27.0759
30.0608
31.4496
31.9963
32.1233
32.0469
31.8766
31.6676
31.4481
31.2326
31.0279
30.8373
30.6619
30.5018
30.3564
30.2249
30.1064
29.9999
29.9045
29.8195
29.7439
29.677
29.6182
29.5669
29.5224
29.4842
29.452
29.4252
29.4035
29.3866
29.374
29.3655
29.3608
29.3596
29.3615
29.3665
29.3743
29.3847
29.3977
29.413
29.4305
29.4501
29.4715
29.4946
29.5193
29.5455
29.5728
29.6012
29.6304
29.6604
29.6909
29.7218
29.7531
29.7845
29.816
29.8474
29.8785
29.9091
29.9392
29.969
29.9989
30.0299
30.0631
30.0997
30.1406
30.1855
30.232
30.2746
30.3039
30.3059
30.2601
4.21283
11.9667
24.6711
34.5284
39.537
41.5361
42.1007
42.0429
41.7327
41.334
40.9191
40.5194
40.1475
39.8076
39.4999
39.2226
38.9735
38.7503
38.5504
38.3716
38.212
38.0697
37.9431
37.8307
37.7313
37.6437
37.567
37.5001
37.4424
37.393
37.3514
37.3169
37.289
37.2673
37.2513
37.2405
37.2347
37.2333
37.236
37.2426
37.2529
37.2666
37.2836
37.3036
37.3264
37.3518
37.3797
37.4098
37.4419
37.4758
37.5113
37.5483
37.5864
37.6255
37.6654
37.7058
37.7468
37.7881
37.8296
37.8709
37.912
37.9526
37.9925
38.032
38.0716
38.112
38.1548
38.2013
38.2529
38.3096
38.3693
38.4266
38.4715
38.4886
38.454
8.17425
24.9787
43.8377
53.7006
57.0861
57.671
57.2378
56.4872
55.6808
54.9123
54.2118
53.5847
53.0274
52.5335
52.096
51.7081
51.3639
51.0583
50.7867
50.5455
50.3311
50.1409
49.9723
49.8231
49.6916
49.5761
49.4752
49.3875
49.3121
49.2478
49.1938
49.1492
49.1135
49.0858
49.0657
49.0526
49.046
49.0451
49.0497
49.0595
49.0742
49.0935
49.1171
49.1446
49.1758
49.2105
49.2484
49.2892
49.3327
49.3786
49.4268
49.4768
49.5284
49.5814
49.6355
49.6904
49.7461
49.8023
49.8587
49.9151
49.9712
50.0267
50.0814
50.1354
50.1892
50.2436
50.3001
50.3605
50.4263
50.498
50.574
50.6489
50.7125
50.7484
50.7299
18.9118
52.7356
76.0314
83.3759
84.0608
82.7956
81.134
79.5302
78.0983
76.8498
75.7677
74.8289
74.0121
73.2987
72.6734
72.1235
71.6386
71.2103
70.8312
70.4956
70.1983
69.9352
69.7025
69.4973
69.3167
69.1585
69.0206
68.9012
68.7988
68.7119
68.6392
68.5797
68.5324
68.4963
68.4706
68.4546
68.4475
68.4484
68.4569
68.4727
68.4953
68.5243
68.5592
68.5996
68.6451
68.6953
68.75
68.8088
68.8713
68.9373
69.0063
69.078
69.152
69.2279
69.3054
69.3843
69.4642
69.5448
69.6259
69.7069
69.7876
69.8676
69.9465
70.0242
70.1013
70.1785
70.2573
70.3397
70.4272
70.5207
70.6186
70.7155
70.8009
70.8571
70.8552
52.3972
112.336
134.34
135.818
132.427
128.579
125.178
122.317
119.924
117.912
116.205
114.744
113.484
112.392
111.438
110.603
109.868
109.221
108.649
108.144
107.697
107.302
106.954
106.647
106.377
106.142
105.937
105.76
105.609
105.481
105.375
105.288
105.221
105.17
105.135
105.114
105.107
105.112
105.129
105.157
105.195
105.243
105.299
105.365
105.437
105.518
105.604
105.697
105.796
105.9
106.009
106.121
106.238
106.357
106.479
106.603
106.728
106.855
106.983
107.11
107.237
107.363
107.487
107.61
107.731
107.852
107.973
108.098
108.226
108.36
108.495
108.625
108.737
108.811
108.813
180.26
258.366
265.604
255.244
244.636
236.075
229.309
223.889
219.464
215.789
212.696
210.06
207.795
205.833
204.124
202.628
201.313
200.155
199.134
198.231
197.434
196.73
196.109
195.563
195.085
194.667
194.304
193.992
193.726
193.503
193.318
193.169
193.053
192.968
192.911
192.881
192.875
192.891
192.929
192.986
193.062
193.155
193.265
193.389
193.528
193.68
193.844
194.019
194.205
194.4
194.603
194.814
195.031
195.254
195.482
195.714
195.949
196.185
196.423
196.661
196.898
197.133
197.366
197.595
197.822
198.048
198.275
198.505
198.737
198.971
199.199
199.406
199.57
199.653
199.613
788.972
724.173
674.557
640.975
615.89
596.568
581.313
568.989
558.833
550.33
543.12
536.944
531.611
526.975
522.925
519.372
516.246
513.49
511.057
508.908
507.011
505.337
503.864
502.572
501.442
500.46
499.612
498.888
498.275
497.767
497.353
497.027
496.783
496.614
496.515
496.481
496.507
496.589
496.724
496.907
497.136
497.408
497.72
498.069
498.453
498.868
499.314
499.788
500.287
500.809
501.351
501.912
502.489
503.078
503.678
504.287
504.903
505.523
506.144
506.765
507.382
507.993
508.596
509.189
509.775
510.36
510.95
511.555
512.183
512.832
513.488
514.11
514.625
514.923
514.878
)
;

boundaryField
{
    lowerWall
    {
        type            epsilonWallFunction;
        value           nonuniform List<scalar> 
75
(
789.607
724.717
675.056
641.444
616.337
596.999
581.733
569.399
559.236
550.727
543.512
537.331
531.994
527.355
523.302
519.746
516.618
513.86
511.426
509.275
507.376
505.702
504.228
502.934
501.803
500.821
499.973
499.247
498.635
498.126
497.712
497.386
497.141
496.972
496.873
496.839
496.865
496.947
497.082
497.265
497.495
497.767
498.079
498.428
498.812
499.228
499.674
500.148
500.647
501.17
501.713
502.274
502.851
503.441
504.042
504.652
505.268
505.888
506.511
507.132
507.75
508.361
508.964
509.558
510.146
510.73
511.318
511.916
512.529
513.154
513.774
514.351
514.821
515.084
515.03
)
;
    }
    upperWall
    {
        type            epsilonWallFunction;
        value           nonuniform List<scalar> 
75
(
788.972
724.173
674.557
640.975
615.89
596.568
581.313
568.989
558.833
550.33
543.12
536.944
531.611
526.975
522.925
519.372
516.246
513.49
511.057
508.908
507.011
505.337
503.864
502.572
501.442
500.46
499.612
498.888
498.275
497.767
497.353
497.027
496.783
496.614
496.515
496.481
496.507
496.589
496.724
496.907
497.136
497.408
497.72
498.069
498.453
498.868
499.314
499.788
500.287
500.809
501.351
501.912
502.489
503.078
503.678
504.287
504.903
505.523
506.144
506.765
507.382
507.993
508.596
509.189
509.775
510.36
510.95
511.555
512.183
512.832
513.488
514.11
514.625
514.923
514.878
)
;
    }
    inlet
    {
        type            turbulentMixingLengthDissipationRateInlet;
        mixingLength    0.07;
        phi             phi;
        k               k;
        value           uniform 0.613384;
    }
    outlet
    {
        type            zeroGradient;
    }
    frontAndBack
    {
        type            empty;
    }
}


// ************************************************************************* //
