/*--------------------------------*- C++ -*----------------------------------*\
  =========                 |
  \\      /  F ield         | OpenFOAM: The Open Source CFD Toolbox
   \\    /   O peration     | Website:  https://openfoam.org
    \\  /    A nd           | Version:  7
     \\/     M anipulation  |
\*---------------------------------------------------------------------------*/
FoamFile
{
    version     2.0;
    format      ascii;
    class       volScalarField;
    location    "1000";
    object      nut;
}
// * * * * * * * * * * * * * * * * * * * * * * * * * * * * * * * * * * * * * //

dimensions      [0 2 -1 0 0 0 0];

internalField   nonuniform List<scalar> 
4500
(
0.000506064
0.000491803
0.000480303
0.000472195
0.000465952
0.000461027
0.000457063
0.00045381
0.000451094
0.000448794
0.000446826
0.000445126
0.000443647
0.000442353
0.000441217
0.000440216
0.000439331
0.000438548
0.000437854
0.000437239
0.000436695
0.000436214
0.00043579
0.000435417
0.000435091
0.000434806
0.000434561
0.000434351
0.000434173
0.000434025
0.000433905
0.00043381
0.000433739
0.00043369
0.000433661
0.000433651
0.000433659
0.000433683
0.000433722
0.000433775
0.000433842
0.000433921
0.000434011
0.000434113
0.000434224
0.000434345
0.000434474
0.000434612
0.000434756
0.000434907
0.000435064
0.000435226
0.000435393
0.000435563
0.000435737
0.000435912
0.00043609
0.000436268
0.000436447
0.000436625
0.000436802
0.000436977
0.000437149
0.000437319
0.000437485
0.00043765
0.000437814
0.000437981
0.000438154
0.000438333
0.000438518
0.000438702
0.000438872
0.000439003
0.000439065
0.000607327
0.000974335
0.00114372
0.00120841
0.00123497
0.00124672
0.00125197
0.00125409
0.00125464
0.00125437
0.00125368
0.00125278
0.00125181
0.00125083
0.00124989
0.001249
0.00124819
0.00124745
0.0012468
0.00124623
0.00124574
0.00124532
0.00124497
0.0012447
0.00124449
0.00124434
0.00124426
0.00124423
0.00124425
0.00124432
0.00124443
0.00124459
0.0012448
0.00124504
0.00124531
0.00124562
0.00124596
0.00124632
0.00124671
0.00124713
0.00124757
0.00124803
0.00124851
0.00124901
0.00124953
0.00125006
0.00125061
0.00125117
0.00125174
0.00125232
0.00125291
0.0012535
0.0012541
0.00125469
0.00125528
0.00125587
0.00125644
0.00125701
0.00125757
0.00125811
0.00125864
0.00125915
0.00125964
0.0012601
0.00126055
0.00126098
0.00126142
0.00126192
0.00126252
0.00126328
0.00126424
0.00126541
0.00126672
0.00126803
0.00126898
0.000713424
0.00121515
0.00157793
0.00177481
0.00188365
0.00194758
0.00198742
0.00201353
0.0020314
0.00204407
0.00205335
0.00206032
0.00206571
0.00206996
0.0020734
0.00207624
0.00207864
0.00208072
0.00208255
0.0020842
0.00208571
0.00208712
0.00208846
0.00208974
0.00209099
0.00209221
0.00209341
0.00209461
0.0020958
0.002097
0.0020982
0.00209941
0.00210063
0.00210186
0.00210309
0.00210435
0.00210561
0.00210687
0.00210813
0.00210941
0.00211069
0.00211198
0.00211327
0.00211458
0.00211588
0.00211719
0.00211849
0.0021198
0.0021211
0.0021224
0.00212369
0.00212497
0.00212623
0.00212746
0.00212867
0.00212984
0.00213097
0.00213206
0.00213311
0.00213413
0.00213509
0.00213599
0.00213683
0.00213761
0.00213833
0.00213904
0.0021398
0.00214073
0.00214196
0.00214366
0.00214592
0.00214875
0.00215192
0.00215496
0.00215687
0.00102124
0.00136022
0.0018715
0.00222328
0.00244808
0.00259473
0.00269401
0.00276382
0.00281468
0.00285291
0.00288244
0.00290581
0.00292469
0.00294025
0.00295329
0.00296439
0.00297397
0.00298236
0.00298979
0.00299644
0.00300247
0.00300798
0.00301307
0.0030178
0.00302224
0.00302642
0.0030304
0.0030342
0.00303785
0.00304136
0.00304477
0.00304807
0.00305129
0.00305444
0.00305752
0.00306055
0.00306352
0.00306643
0.00306929
0.0030721
0.00307487
0.0030776
0.00308029
0.00308294
0.00308556
0.00308815
0.00309069
0.0030932
0.00309567
0.00309811
0.00310049
0.00310283
0.0031051
0.0031073
0.00310942
0.00311145
0.00311339
0.00311523
0.00311699
0.00311865
0.0031202
0.00312163
0.00312293
0.0031241
0.00312516
0.0031262
0.00312735
0.00312886
0.00313099
0.00313405
0.00313822
0.00314346
0.00314931
0.00315472
0.00315777
0.00170708
0.00150447
0.00204415
0.00253669
0.00289421
0.00314704
0.00332847
0.0034619
0.00356263
0.0036406
0.00370233
0.00375222
0.00379326
0.00382758
0.0038567
0.00388174
0.00390351
0.00392266
0.00393966
0.00395491
0.00396869
0.00398124
0.00399275
0.00400339
0.00401327
0.00402251
0.00403119
0.00403938
0.00404715
0.00405454
0.00406161
0.00406838
0.0040749
0.00408118
0.00408725
0.00409313
0.00409884
0.00410437
0.00410974
0.00411496
0.00412005
0.00412502
0.00412986
0.00413459
0.0041392
0.00414371
0.00414811
0.00415241
0.00415662
0.00416071
0.0041647
0.00416857
0.0041723
0.00417588
0.0041793
0.00418255
0.00418563
0.00418853
0.00419127
0.00419382
0.00419617
0.00419831
0.00420022
0.0042019
0.00420339
0.00420485
0.00420652
0.00420879
0.00421213
0.00421701
0.00422374
0.00423219
0.00424152
0.0042499
0.00425405
0.00293021
0.00179432
0.00215557
0.00272719
0.0032116
0.00358299
0.00386409
0.004079
0.0042461
0.00437848
0.00448527
0.00457289
0.00464589
0.00470757
0.00476034
0.00480601
0.00484595
0.0048812
0.0049126
0.00494078
0.00496625
0.00498944
0.00501069
0.00503026
0.00504838
0.00506526
0.00508103
0.00509585
0.00510982
0.00512304
0.00513559
0.00514754
0.00515895
0.00516989
0.00518038
0.00519047
0.00520019
0.00520957
0.00521861
0.00522735
0.0052358
0.00524399
0.00525193
0.00525963
0.0052671
0.00527435
0.00528138
0.00528821
0.00529484
0.00530128
0.0053075
0.0053135
0.00531926
0.00532475
0.00532997
0.0053349
0.00533954
0.00534389
0.00534795
0.00535171
0.00535516
0.00535825
0.00536098
0.00536334
0.00536542
0.00536745
0.00536982
0.00537311
0.00537802
0.00538526
0.00539523
0.00540769
0.00542125
0.005433
0.00543793
0.00471652
0.00241031
0.00230969
0.00283433
0.00340742
0.00389369
0.00428366
0.0045937
0.00484179
0.00504269
0.00520757
0.00534471
0.00546027
0.00555879
0.00564371
0.00571766
0.00578263
0.00584021
0.00589162
0.00593786
0.00597972
0.00601784
0.00605276
0.0060849
0.00611463
0.00614226
0.00616804
0.00619219
0.00621489
0.0062363
0.00625656
0.00627578
0.00629407
0.00631151
0.00632818
0.00634415
0.00635947
0.00637418
0.00638831
0.00640192
0.00641503
0.00642767
0.00643987
0.00645164
0.00646302
0.00647402
0.00648464
0.00649492
0.00650485
0.00651445
0.00652369
0.00653257
0.00654105
0.00654912
0.00655676
0.00656394
0.00657068
0.00657697
0.00658282
0.00658821
0.00659312
0.0065975
0.00660132
0.00660462
0.00660752
0.00661034
0.00661366
0.00661828
0.0066252
0.00663537
0.00664928
0.00666647
0.00668487
0.00670018
0.00670518
0.00695534
0.00349985
0.00265963
0.00293574
0.00351092
0.00408367
0.00457876
0.00499055
0.00533047
0.0056121
0.00584735
0.00604576
0.00621481
0.00636025
0.00648655
0.00659718
0.00669488
0.0067818
0.00685966
0.00692986
0.00699353
0.00705158
0.00710479
0.00715379
0.0071991
0.00724119
0.00728043
0.00731714
0.00735159
0.00738404
0.00741468
0.00744368
0.00747122
0.00749741
0.00752238
0.00754623
0.00756905
0.00759092
0.00761187
0.00763198
0.00765131
0.00766989
0.00768777
0.00770498
0.00772156
0.00773753
0.00775292
0.00776776
0.00778206
0.00779583
0.00780906
0.00782173
0.00783381
0.00784527
0.00785609
0.00786625
0.00787576
0.00788461
0.00789282
0.00790037
0.00790721
0.00791331
0.00791862
0.00792319
0.00792721
0.00793114
0.00793573
0.00794207
0.00795147
0.00796512
0.0079836
0.00800613
0.00802974
0.0080485
0.00805255
0.00946494
0.00509827
0.00338174
0.00315982
0.00358556
0.0041774
0.00475296
0.00526158
0.00569759
0.00606845
0.00638432
0.00665477
0.00688795
0.00709051
0.00726779
0.00742409
0.00756284
0.00768683
0.0077983
0.00789909
0.00799071
0.00807441
0.00815122
0.00822202
0.00828754
0.0083484
0.00840513
0.00845819
0.00850797
0.0085548
0.00859898
0.00864076
0.00868036
0.00871798
0.00875378
0.00878793
0.00882054
0.00885172
0.00888157
0.00891016
0.00893758
0.00896389
0.00898916
0.00901344
0.00903678
0.00905921
0.00908079
0.00910155
0.00912151
0.00914069
0.00915907
0.00917665
0.00919338
0.00920923
0.00922418
0.0092382
0.00925131
0.00926351
0.00927479
0.00928516
0.00929454
0.0093029
0.00931019
0.00931649
0.00932205
0.00932747
0.00933374
0.00934223
0.00935457
0.0093722
0.00939574
0.009424
0.00945298
0.00947483
0.00947673
0.0120503
0.00712193
0.0046001
0.00367976
0.00374451
0.00423199
0.00482945
0.00541081
0.00593604
0.00639799
0.00680078
0.00715173
0.00745842
0.00772772
0.00796548
0.00817659
0.00836512
0.00853441
0.00868723
0.00882588
0.00895226
0.00906798
0.00917438
0.00927259
0.00936358
0.00944817
0.00952706
0.00960086
0.00967009
0.00973522
0.00979663
0.00985468
0.00990966
0.00996185
0.0100115
0.0100587
0.0101038
0.0101469
0.0101881
0.0102275
0.0102653
0.0103015
0.0103362
0.0103695
0.0104015
0.0104321
0.0104616
0.0104899
0.0105171
0.0105432
0.0105681
0.0105919
0.0106146
0.0106361
0.0106563
0.0106752
0.010693
0.0107095
0.0107247
0.0107387
0.0107514
0.0107627
0.0107726
0.0107812
0.0107888
0.0107962
0.0108046
0.0108157
0.0108314
0.0108534
0.0108824
0.0109165
0.0109508
0.0109753
0.0109739
0.0145382
0.00942111
0.00631631
0.00465971
0.00415424
0.00435399
0.00486444
0.00546284
0.00605162
0.00659513
0.00708406
0.00751953
0.00790638
0.0082504
0.0085572
0.00883188
0.00907883
0.00930184
0.0095041
0.00968833
0.00985683
0.0100115
0.0101541
0.010286
0.0104083
0.0105222
0.0106285
0.010728
0.0108215
0.0109094
0.0109923
0.0110706
0.0111448
0.0112153
0.0112822
0.0113459
0.0114067
0.0114647
0.0115201
0.0115731
0.0116238
0.0116724
0.011719
0.0117636
0.0118064
0.0118475
0.0118869
0.0119247
0.0119609
0.0119956
0.0120288
0.0120605
0.0120907
0.0121192
0.012146
0.0121713
0.0121948
0.0122168
0.0122371
0.0122557
0.0122726
0.0122877
0.012301
0.0123127
0.012323
0.012333
0.0123441
0.0123582
0.0123777
0.0124044
0.0124388
0.0124789
0.0125182
0.0125448
0.0125394
0.0167964
0.0118301
0.00841662
0.00616647
0.00499572
0.00470745
0.00496497
0.00547746
0.00607302
0.00666908
0.00723109
0.00774722
0.00821571
0.00863906
0.00902134
0.00936699
0.00968026
0.00996504
0.0102248
0.0104624
0.0106807
0.0108817
0.0110675
0.0112398
0.0113999
0.0115493
0.0116889
0.0118197
0.0119427
0.0120584
0.0121676
0.0122709
0.0123688
0.0124616
0.0125498
0.0126339
0.0127139
0.0127904
0.0128634
0.0129332
0.013
0.0130639
0.0131252
0.0131838
0.0132401
0.013294
0.0133457
0.0133953
0.0134428
0.0134882
0.0135317
0.0135732
0.0136126
0.0136499
0.0136851
0.0137181
0.013749
0.0137778
0.0138044
0.0138289
0.0138512
0.0138712
0.0138889
0.0139044
0.0139183
0.0139316
0.013946
0.0139637
0.0139872
0.0140187
0.0140587
0.0141045
0.0141486
0.014177
0.0141673
0.0187409
0.0141959
0.0107323
0.00812806
0.00637517
0.00548226
0.0052985
0.00556839
0.00606791
0.00665555
0.00725658
0.00783569
0.00837814
0.00887927
0.00933926
0.00976046
0.0101461
0.0104994
0.0108239
0.0111225
0.011398
0.0116528
0.0118892
0.0121089
0.0123137
0.0125051
0.0126843
0.0128526
0.0130109
0.0131601
0.0133011
0.0134345
0.0135609
0.0136809
0.013795
0.0139037
0.0140072
0.0141061
0.0142006
0.0142909
0.0143773
0.01446
0.0145392
0.0146151
0.0146878
0.0147575
0.0148243
0.0148883
0.0149496
0.0150083
0.0150644
0.0151179
0.0151688
0.0152169
0.0152624
0.0153051
0.0153451
0.0153824
0.0154169
0.0154487
0.0154777
0.0155038
0.0155271
0.0155476
0.015566
0.0155835
0.0156019
0.0156237
0.0156516
0.0156881
0.0157335
0.0157847
0.0158333
0.0158635
0.01585
0.0203353
0.0163925
0.0130921
0.0103772
0.00825299
0.00680513
0.00606205
0.00591225
0.00616261
0.00663481
0.00720686
0.00780792
0.00840069
0.00896709
0.00949942
0.00999542
0.0104556
0.0108818
0.0112765
0.0116424
0.0119818
0.0122974
0.0125913
0.0128656
0.013122
0.0133623
0.0135879
0.0138001
0.0140001
0.0141889
0.0143674
0.0145366
0.014697
0.0148495
0.0149946
0.0151328
0.0152646
0.0153904
0.0155107
0.0156258
0.0157358
0.0158412
0.0159421
0.0160389
0.0161315
0.0162203
0.0163055
0.016387
0.0164652
0.0165399
0.0166114
0.0166795
0.0167443
0.0168058
0.0168638
0.0169184
0.0169695
0.0170172
0.0170615
0.0171024
0.0171398
0.0171735
0.0172037
0.0172306
0.0172547
0.0172774
0.0173006
0.0173272
0.0173599
0.0174014
0.0174521
0.0175086
0.0175615
0.0175936
0.0175774
0.0215825
0.0183294
0.0153493
0.0127226
0.0104644
0.0086521
0.0073891
0.00671235
0.00654767
0.00675168
0.00718034
0.00772556
0.00831836
0.00891864
0.00950458
0.0100651
0.0105953
0.0110936
0.0115604
0.0119971
0.0124054
0.0127874
0.0131451
0.0134804
0.0137951
0.014091
0.0143697
0.0146324
0.0148806
0.0151154
0.0153378
0.0155487
0.0157492
0.0159398
0.0161214
0.0162946
0.0164598
0.0166177
0.0167687
0.0169132
0.0170515
0.017184
0.0173109
0.0174325
0.0175491
0.0176609
0.017768
0.0178707
0.0179691
0.0180632
0.0181532
0.018239
0.0183207
0.0183981
0.0184714
0.0185403
0.0186051
0.0186655
0.0187218
0.0187738
0.0188214
0.0188646
0.0189035
0.0189382
0.0189695
0.0189986
0.0190278
0.0190598
0.0190979
0.0191446
0.0192004
0.0192619
0.0193191
0.0193538
0.0193367
0.0225141
0.0199544
0.0173928
0.0149958
0.0127993
0.010854
0.00925304
0.00809649
0.00743
0.00721364
0.00734589
0.00771147
0.00821417
0.00878619
0.00938426
0.00998242
0.0105658
0.0111265
0.0116607
0.0121669
0.0126453
0.0130966
0.0135221
0.0139234
0.0143021
0.0146596
0.0149974
0.0153171
0.0156199
0.0159071
0.0161797
0.0164388
0.0166854
0.0169203
0.0171444
0.0173582
0.0175626
0.017758
0.017945
0.0181241
0.0182957
0.0184602
0.0186178
0.018769
0.018914
0.019053
0.0191863
0.0193141
0.0194366
0.0195538
0.0196659
0.0197729
0.0198747
0.0199714
0.0200629
0.0201493
0.0202304
0.0203062
0.0203769
0.0204424
0.0205026
0.0205574
0.0206069
0.0206514
0.0206915
0.0207286
0.020765
0.0208035
0.0208475
0.0208996
0.0209607
0.0210271
0.0210888
0.021127
0.0211115
0.0231786
0.0212515
0.0191504
0.0170697
0.0150687
0.0131822
0.011469
0.0100167
0.00891707
0.0082239
0.00792738
0.00796293
0.00824224
0.00868153
0.00921499
0.00979641
0.0103955
0.0109932
0.0115781
0.0121436
0.0126863
0.0132046
0.0136982
0.0141674
0.0146131
0.0150364
0.0154384
0.0158204
0.0161835
0.0165289
0.0168578
0.0171713
0.0174702
0.0177555
0.0180281
0.0182887
0.018538
0.0187768
0.0190055
0.0192248
0.0194351
0.0196369
0.0198305
0.0200162
0.0201945
0.0203655
0.0205296
0.020687
0.0208379
0.0209824
0.0211207
0.0212527
0.0213785
0.0214981
0.0216114
0.0217184
0.021819
0.0219134
0.0220014
0.0220831
0.0221584
0.0222273
0.0222898
0.0223461
0.0223971
0.022444
0.0224891
0.0225354
0.0225862
0.0226445
0.022711
0.0227825
0.0228491
0.0228921
0.0228809
0.0236309
0.0222362
0.0205882
0.0188628
0.0171328
0.0154307
0.0137891
0.0122607
0.0109209
0.00985089
0.00911003
0.00871324
0.00862895
0.00879609
0.00914584
0.0096168
0.0101611
0.0107443
0.0113431
0.011942
0.0125313
0.0131048
0.0136592
0.0141925
0.014704
0.0151937
0.0156619
0.0161093
0.0165367
0.0169451
0.0173354
0.0177085
0.0180653
0.0184068
0.0187338
0.0190471
0.0193473
0.0196353
0.0199117
0.0201769
0.0204317
0.0206764
0.0209114
0.0211371
0.0213539
0.0215621
0.021762
0.0219539
0.022138
0.0223144
0.0224833
0.0226447
0.0227986
0.0229451
0.023084
0.0232154
0.0233392
0.0234554
0.0235641
0.0236651
0.0237586
0.0238444
0.0239225
0.0239933
0.0240575
0.0241164
0.0241722
0.0242278
0.0242867
0.0243519
0.0244245
0.0245016
0.0245738
0.0246232
0.0246195
0.0239241
0.0229458
0.0217059
0.0203354
0.0189062
0.0174526
0.0159956
0.0145615
0.0131926
0.0119492
0.0109003
0.0101063
0.0095999
0.00937813
0.00940743
0.00963764
0.0100159
0.0104955
0.0110393
0.0116196
0.0122168
0.0128173
0.0134122
0.0139954
0.0145632
0.0151133
0.0156445
0.0161563
0.0166487
0.0171218
0.0175763
0.0180127
0.0184318
0.0188341
0.0192205
0.0195917
0.0199484
0.0202912
0.0206208
0.0209377
0.0212425
0.0215358
0.0218179
0.0220892
0.02235
0.0226008
0.0228419
0.0230735
0.0232958
0.0235091
0.0237134
0.0239089
0.0240955
0.0242732
0.0244421
0.024602
0.0247529
0.0248948
0.0250278
0.0251518
0.0252667
0.0253726
0.0254695
0.0255577
0.0256379
0.0257113
0.0257801
0.0258472
0.0259159
0.0259894
0.026069
0.0261526
0.0262315
0.0262891
0.0262963
0.0241048
0.0234303
0.0225301
0.0214842
0.0203512
0.0191647
0.0179427
0.0166986
0.0154511
0.0142309
0.0130828
0.0120624
0.0112256
0.0106148
0.010249
0.0101206
0.0102015
0.0104527
0.0108329
0.0113054
0.0118395
0.0124118
0.0130047
0.0136056
0.0142055
0.0147983
0.0153798
0.0159471
0.0164986
0.0170333
0.0175506
0.0180505
0.0185331
0.0189986
0.0194476
0.0198805
0.0202977
0.0206999
0.0210876
0.0214612
0.0218214
0.0221685
0.022503
0.0228253
0.0231358
0.0234346
0.0237221
0.0239987
0.0242646
0.0245199
0.0247647
0.0249992
0.0252233
0.0254371
0.0256404
0.0258333
0.0260157
0.0261875
0.0263489
0.0264996
0.0266399
0.0267695
0.0268887
0.0269977
0.027097
0.0271881
0.0272727
0.0273538
0.0274346
0.0275183
0.0276066
0.0276981
0.0277853
0.0278531
0.0278747
0.0242104
0.023743
0.0231051
0.0223339
0.0214686
0.0205374
0.0195569
0.0185366
0.0174843
0.0164115
0.0153381
0.0142947
0.0133225
0.0124679
0.011775
0.0112758
0.0109838
0.0108936
0.0109844
0.0112267
0.0115885
0.0120397
0.0125545
0.0131118
0.0136953
0.0142927
0.0148948
0.015495
0.0160885
0.0166719
0.0172429
0.0177999
0.018342
0.0188686
0.0193795
0.0198746
0.020354
0.0208179
0.0212667
0.0217006
0.0221201
0.0225254
0.0229169
0.023295
0.0236599
0.0240118
0.024351
0.0246777
0.0249922
0.0252946
0.0255851
0.0258636
0.0261302
0.0263848
0.0266275
0.026858
0.0270765
0.0272827
0.0274768
0.0276587
0.0278283
0.0279859
0.0281313
0.0282649
0.0283872
0.0284995
0.0286034
0.0287018
0.0287977
0.0288943
0.0289937
0.0290952
0.0291929
0.0292735
0.0293129
0.0242687
0.0239331
0.0234832
0.022928
0.0222874
0.0215809
0.0208224
0.0200202
0.0191788
0.0183021
0.0173958
0.0164709
0.015546
0.0146483
0.0138124
0.0130761
0.012475
0.0120354
0.0117707
0.0116797
0.0117493
0.0119586
0.012283
0.0126979
0.013181
0.0137132
0.014279
0.0148659
0.0154643
0.0160671
0.0166686
0.0172647
0.0178524
0.0184297
0.0189948
0.0195468
0.0200849
0.0206087
0.0211181
0.0216128
0.0220929
0.0225585
0.0230097
0.0234467
0.0238696
0.0242785
0.0246736
0.0250549
0.0254226
0.0257768
0.0261176
0.0264449
0.0267588
0.0270591
0.0273458
0.0276188
0.0278781
0.0281234
0.0283549
0.0285725
0.0287763
0.0289662
0.0291423
0.029305
0.0294548
0.0295926
0.0297201
0.0298398
0.0299547
0.0300679
0.0301819
0.0302966
0.0304076
0.0305041
0.0305652
0.0242989
0.0240415
0.0237167
0.023319
0.0228541
0.0223318
0.0217619
0.0211513
0.0205038
0.0198214
0.019105
0.0183565
0.0175807
0.0167867
0.0159902
0.015213
0.0144829
0.0138304
0.013285
0.0128702
0.0126008
0.0124808
0.0125047
0.0126592
0.0129266
0.0132877
0.0137233
0.0142163
0.0147516
0.0153169
0.015902
0.0164988
0.0171009
0.0177035
0.0183026
0.0188954
0.0194797
0.0200537
0.0206163
0.0211666
0.0217038
0.0222276
0.0227376
0.0232335
0.0237153
0.0241829
0.024636
0.0250746
0.0254987
0.0259082
0.026303
0.0266832
0.0270485
0.0273989
0.0277342
0.0280543
0.028359
0.0286483
0.0289222
0.0291805
0.0294233
0.0296507
0.0298628
0.0300598
0.0302421
0.0304108
0.0305672
0.0307135
0.0308525
0.0309873
0.0311204
0.0312527
0.0313813
0.0314977
0.0315847
0.0243137
0.0240994
0.0238516
0.0235602
0.0232227
0.0228417
0.0224217
0.0219673
0.021482
0.0209674
0.020424
0.0198512
0.0192489
0.0186176
0.0179607
0.017285
0.0166018
0.0159277
0.0152838
0.0146943
0.0141835
0.0137732
0.0134797
0.0133118
0.0132708
0.0133509
0.0135415
0.0138287
0.0141972
0.014632
0.0151192
0.0156466
0.0162035
0.0167812
0.0173722
0.0179709
0.0185723
0.0191727
0.0197691
0.0203591
0.0209409
0.0215128
0.0220738
0.022623
0.0231595
0.0236829
0.0241925
0.0246879
0.0251688
0.0256347
0.0260855
0.0265208
0.0269405
0.0273443
0.027732
0.0281033
0.028458
0.028796
0.0291173
0.0294217
0.0297093
0.02998
0.030234
0.0304715
0.0306929
0.0308989
0.0310909
0.0312706
0.0314405
0.0316036
0.0317625
0.0319185
0.0320704
0.0322122
0.0323302
0.0243203
0.0241281
0.0239241
0.023699
0.0234471
0.0231665
0.022858
0.0225234
0.0221648
0.0217837
0.0213807
0.0209556
0.0205075
0.0200352
0.0195375
0.0190143
0.0184671
0.0179
0.0173205
0.0167398
0.016173
0.0156382
0.0151549
0.0147427
0.0144182
0.0141938
0.0140765
0.0140677
0.0141634
0.0143559
0.0146348
0.0149883
0.0154045
0.0158718
0.0163798
0.0169191
0.0174816
0.0180606
0.0186501
0.0192456
0.019843
0.0204391
0.0210312
0.021617
0.0221949
0.0227633
0.0233208
0.0238665
0.0243995
0.0249188
0.0254237
0.0259137
0.0263883
0.026847
0.0272894
0.0277151
0.0281238
0.0285152
0.0288892
0.0292456
0.0295843
0.0299054
0.0302087
0.0304945
0.030763
0.0310149
0.0312511
0.0314731
0.031683
0.0318834
0.0320769
0.0322654
0.0324488
0.0326233
0.032779
0.0243232
0.0241413
0.0239602
0.0237729
0.0235739
0.0233596
0.0231282
0.0228796
0.0226142
0.0223328
0.0220359
0.0217237
0.0213958
0.0210513
0.020689
0.0203073
0.0199048
0.0194805
0.0190346
0.0185687
0.018087
0.0175959
0.0171052
0.0166273
0.0161768
0.0157695
0.0154209
0.0151448
0.014952
0.0148493
0.0148393
0.0149208
0.015089
0.0153369
0.0156558
0.0160361
0.0164686
0.016944
0.017454
0.017991
0.0185486
0.0191208
0.0197028
0.0202903
0.0208798
0.0214682
0.022053
0.0226319
0.0232031
0.023765
0.024316
0.0248549
0.0253808
0.0258927
0.0263899
0.0268717
0.0273376
0.0277869
0.0282194
0.0286345
0.0290322
0.0294121
0.0297741
0.0301182
0.0304444
0.0307531
0.0310449
0.0313209
0.0315826
0.0318324
0.0320724
0.0323049
0.0325305
0.0327476
0.0329496
0.0243243
0.0241468
0.0239767
0.0238093
0.0236402
0.0234659
0.0232838
0.0230926
0.0228914
0.0226801
0.0224587
0.0222274
0.021986
0.0217344
0.0214717
0.0211972
0.0209094
0.020607
0.0202885
0.0199526
0.0195985
0.0192262
0.0188373
0.0184347
0.0180237
0.0176116
0.0172079
0.016824
0.0164722
0.0161651
0.0159144
0.0157302
0.0156198
0.0155875
0.0156346
0.0157596
0.0159585
0.0162258
0.0165544
0.016937
0.0173659
0.0178339
0.0183339
0.0188596
0.0194053
0.0199659
0.0205369
0.0211144
0.021695
0.0222757
0.022854
0.0234275
0.0239942
0.0245525
0.0251008
0.0256379
0.0261626
0.0266739
0.0271708
0.0276525
0.0281183
0.0285676
0.0289998
0.0294146
0.0298115
0.0301905
0.0305518
0.0308959
0.0312239
0.0315372
0.0318379
0.032128
0.0324087
0.0326799
0.0329377
0.0243246
0.024149
0.0239836
0.0238256
0.0236718
0.0235195
0.0233663
0.0232101
0.0230498
0.0228845
0.0227135
0.0225367
0.0223538
0.0221647
0.0219692
0.0217669
0.0215573
0.0213397
0.021113
0.0208762
0.0206281
0.0203674
0.020093
0.0198044
0.0195013
0.0191846
0.0188565
0.0185202
0.018181
0.0178456
0.0175221
0.0172198
0.0169488
0.0167189
0.0165391
0.016417
0.0163585
0.016367
0.0164439
0.0165884
0.0167979
0.0170683
0.0173946
0.017771
0.0181917
0.0186507
0.0191422
0.0196607
0.0202012
0.0207592
0.0213304
0.0219109
0.0224972
0.0230862
0.0236751
0.0242614
0.0248428
0.025417
0.0259822
0.0265366
0.0270785
0.0276065
0.0281193
0.0286157
0.0290949
0.0295561
0.0299987
0.0304228
0.0308287
0.0312173
0.0315898
0.0319481
0.0322935
0.032627
0.0329466
0.0243248
0.0241497
0.0239862
0.0238322
0.0236855
0.023544
0.0234057
0.0232688
0.0231318
0.0229936
0.0228531
0.0227097
0.0225629
0.0224126
0.0222584
0.0221002
0.0219379
0.0217713
0.0216001
0.021424
0.0212425
0.0210549
0.0208606
0.0206585
0.0204481
0.0202285
0.0199992
0.0197601
0.0195117
0.0192553
0.018993
0.0187282
0.0184655
0.0182106
0.01797
0.0177515
0.0175626
0.0174112
0.0173045
0.0172486
0.0172484
0.0173073
0.0174269
0.0176074
0.0178476
0.0181448
0.0184956
0.0188957
0.0193404
0.0198248
0.0203436
0.0208918
0.0214642
0.0220559
0.0226622
0.0232788
0.0239015
0.0245263
0.0251497
0.0257683
0.0263792
0.0269797
0.0275673
0.02814
0.028696
0.0292338
0.0297523
0.0302508
0.030729
0.0311871
0.0316259
0.0320467
0.0324509
0.03284
0.0332132
0.0243248
0.0241499
0.023987
0.0238344
0.0236903
0.0235531
0.0234211
0.0232926
0.0231662
0.0230406
0.0229147
0.0227876
0.0226587
0.0225274
0.0223935
0.0222568
0.0221174
0.0219751
0.0218302
0.0216826
0.0215323
0.0213794
0.0212236
0.0210647
0.0209024
0.0207364
0.0205661
0.0203912
0.0202114
0.0200265
0.0198369
0.0196433
0.019447
0.0192503
0.0190561
0.0188685
0.0186921
0.0185325
0.0183958
0.0182885
0.0182169
0.0181872
0.0182048
0.0182742
0.0183987
0.0185805
0.0188201
0.0191169
0.019469
0.0198733
0.0203258
0.0208217
0.0213558
0.0219224
0.0225156
0.0231298
0.0237594
0.0243991
0.0250439
0.0256893
0.0263311
0.0269656
0.0275895
0.0282001
0.0287949
0.0293719
0.0299295
0.0304665
0.0309823
0.0314767
0.0319501
0.0324035
0.0328382
0.0332558
0.0336563
0.0243248
0.0241499
0.023987
0.0238344
0.0236903
0.0235531
0.0234211
0.0232926
0.0231662
0.0230406
0.0229147
0.0227876
0.0226587
0.0225274
0.0223935
0.0222568
0.0221174
0.0219751
0.0218302
0.0216826
0.0215323
0.0213794
0.0212236
0.0210647
0.0209025
0.0207364
0.0205662
0.0203913
0.0202114
0.0200266
0.019837
0.0196433
0.0194471
0.0192504
0.0190562
0.0188686
0.0186922
0.0185326
0.0183959
0.0182886
0.018217
0.0181873
0.0182049
0.0182743
0.0183988
0.0185806
0.0188202
0.019117
0.0194691
0.0198734
0.0203259
0.0208218
0.0213559
0.0219224
0.0225157
0.0231299
0.0237595
0.0243992
0.025044
0.0256894
0.0263311
0.0269656
0.0275896
0.0282001
0.0287949
0.0293718
0.0299294
0.0304664
0.0309823
0.0314768
0.0319506
0.0324046
0.0328403
0.0332593
0.0336617
0.0243248
0.0241497
0.0239862
0.0238322
0.0236855
0.023544
0.0234057
0.0232688
0.0231318
0.0229936
0.0228531
0.0227097
0.022563
0.0224127
0.0222585
0.0221003
0.021938
0.0217714
0.0216003
0.0214242
0.0212427
0.0210552
0.0208608
0.0206588
0.0204484
0.0202289
0.0199996
0.0197606
0.0195122
0.0192558
0.0189936
0.0187289
0.0184662
0.0182112
0.0179708
0.0177522
0.0175633
0.0174119
0.0173051
0.0172491
0.0172488
0.0173076
0.0174272
0.0176077
0.0178477
0.0181449
0.0184956
0.0188956
0.0193403
0.0198246
0.0203434
0.0208915
0.0214639
0.0220556
0.022662
0.0232786
0.0239013
0.0245261
0.0251495
0.0257682
0.0263791
0.0269795
0.0275671
0.0281397
0.0286957
0.0292335
0.029752
0.0302505
0.0307289
0.0311875
0.0316274
0.03205
0.032457
0.03285
0.0332281
0.0243246
0.024149
0.0239836
0.0238256
0.0236719
0.0235196
0.0233663
0.0232102
0.0230499
0.0228846
0.0227136
0.0225368
0.022354
0.0221649
0.0219695
0.0217672
0.0215577
0.0213401
0.0211135
0.0208768
0.0206287
0.0203681
0.0200938
0.0198052
0.0195022
0.0191857
0.0188576
0.0185214
0.0181822
0.0178468
0.0175233
0.0172211
0.0169501
0.01672
0.0165401
0.0164179
0.0163592
0.0163675
0.0164442
0.0165885
0.0167978
0.017068
0.0173941
0.0177705
0.018191
0.0186499
0.0191413
0.0196597
0.0202002
0.0207581
0.0213293
0.0219098
0.0224961
0.0230851
0.0236741
0.0242604
0.0248418
0.0254161
0.0259814
0.0265358
0.0270777
0.0276057
0.0281184
0.0286149
0.0290941
0.0295552
0.0299979
0.0304222
0.0308285
0.0312179
0.0315922
0.0319533
0.0323031
0.0326423
0.0329687
0.0243243
0.0241468
0.0239767
0.0238093
0.0236402
0.0234659
0.0232839
0.0230927
0.0228916
0.0226803
0.022459
0.0222278
0.0219865
0.0217349
0.0214724
0.0211979
0.0209102
0.020608
0.0202896
0.0199538
0.0195998
0.0192277
0.0188389
0.0184364
0.0180255
0.0176135
0.0172098
0.0168258
0.016474
0.0161667
0.0159159
0.0157315
0.0156208
0.0155882
0.015635
0.0157597
0.0159584
0.0162253
0.0165537
0.0169361
0.0173649
0.0178327
0.0183326
0.0188582
0.0194038
0.0199643
0.0205352
0.0211127
0.0216932
0.022274
0.0228523
0.0234258
0.0239926
0.0245509
0.0250992
0.0256364
0.0261612
0.0266725
0.0271694
0.0276512
0.028117
0.0285663
0.0289985
0.0294133
0.0298102
0.0301893
0.0305507
0.030895
0.0312236
0.0315383
0.0318414
0.0321353
0.0324216
0.0326999
0.0329657
0.0243232
0.0241413
0.0239602
0.023773
0.023574
0.0233598
0.0231285
0.02288
0.0226147
0.0223334
0.0220366
0.0217245
0.0213967
0.0210524
0.0206903
0.0203087
0.0199064
0.0194823
0.0190365
0.0185709
0.0180893
0.0175983
0.0171077
0.0166298
0.0161793
0.0157719
0.0154231
0.0151467
0.0149536
0.0148505
0.0148401
0.0149212
0.0150891
0.0153366
0.0156551
0.0160352
0.0164674
0.0169426
0.0174524
0.0179893
0.0185468
0.0191189
0.0197008
0.0202883
0.0208778
0.0214662
0.022051
0.0226299
0.0232012
0.0237631
0.0243141
0.0248531
0.0253791
0.0258911
0.0263884
0.0268703
0.0273362
0.0277856
0.028218
0.0286332
0.0290309
0.0294108
0.0297728
0.0301169
0.0304431
0.0307519
0.0310438
0.0313201
0.0315828
0.0318343
0.0320774
0.0323146
0.032547
0.0327725
0.0329834
0.0243204
0.0241281
0.0239242
0.0236991
0.0234473
0.0231669
0.0228585
0.0225241
0.0221657
0.0217847
0.0213819
0.0209571
0.0205092
0.020037
0.0195396
0.0190166
0.0184697
0.0179029
0.0173235
0.016743
0.0161762
0.0156413
0.0151579
0.0147454
0.0144205
0.0141957
0.014078
0.0140686
0.0141639
0.0143559
0.0146344
0.0149875
0.0154034
0.0158705
0.0163783
0.0169174
0.0174798
0.0180586
0.0186481
0.0192436
0.019841
0.020437
0.0210291
0.021615
0.0221929
0.0227613
0.023319
0.0238647
0.0243977
0.0249171
0.0254221
0.0259122
0.0263869
0.0268457
0.0272882
0.027714
0.0281228
0.0285142
0.0288883
0.0292447
0.0295834
0.0299044
0.0302078
0.0304936
0.0307621
0.031014
0.0312504
0.0314728
0.0316839
0.0318865
0.0320838
0.0322781
0.0324694
0.0326535
0.0328188
0.0243137
0.0240994
0.0238518
0.0235606
0.0232232
0.0228424
0.0224226
0.0219685
0.0214835
0.0209692
0.020426
0.0198536
0.0192515
0.0186206
0.017964
0.0172885
0.0166055
0.0159315
0.0152876
0.0146979
0.0141868
0.0137762
0.0134821
0.0133136
0.013272
0.0133516
0.0135417
0.0138283
0.0141964
0.0146309
0.0151179
0.015645
0.0162018
0.0167793
0.0173703
0.0179689
0.0185703
0.0191707
0.0197671
0.0203572
0.020939
0.021511
0.0220721
0.0226214
0.023158
0.0236814
0.0241911
0.0246866
0.0251676
0.0256336
0.0260845
0.02652
0.0269398
0.0273437
0.0277314
0.0281028
0.0284576
0.0287957
0.029117
0.0294214
0.0297089
0.0299797
0.0302337
0.0304712
0.0306926
0.0308987
0.0310908
0.0312711
0.0314424
0.0316082
0.0317716
0.0319345
0.0320956
0.032248
0.0323762
0.024299
0.0240417
0.0237171
0.0233196
0.022855
0.0223331
0.0217635
0.0211532
0.0205061
0.0198241
0.0191081
0.01836
0.0175845
0.0167909
0.0159945
0.0152174
0.0144873
0.0138346
0.0132887
0.0128734
0.0126033
0.0124826
0.0125058
0.0126596
0.0129265
0.0132871
0.0137223
0.014215
0.0147501
0.0153152
0.0159002
0.0164969
0.017099
0.0177016
0.0183008
0.0188936
0.019478
0.0200521
0.0206148
0.0211651
0.0217025
0.0222263
0.0227364
0.0232325
0.0237144
0.0241821
0.0246353
0.025074
0.0254982
0.0259078
0.0263028
0.0266831
0.0270485
0.027399
0.0277345
0.0280546
0.0283594
0.0286487
0.0289226
0.0291809
0.0294238
0.0296512
0.0298633
0.0300602
0.0302426
0.0304112
0.0305679
0.0307149
0.0308556
0.0309936
0.031132
0.0312722
0.031411
0.0315392
0.0316368
0.0242687
0.0239334
0.0234838
0.022929
0.0222889
0.0215829
0.0208248
0.0200231
0.0191822
0.018306
0.0174001
0.0164756
0.015551
0.0146534
0.0138173
0.0130808
0.0124791
0.0120388
0.0117733
0.0116814
0.0117503
0.0119589
0.0122827
0.0126972
0.0131799
0.0137118
0.0142774
0.0148642
0.0154626
0.0160653
0.0166668
0.017263
0.0178508
0.0184282
0.0189934
0.0195455
0.0200837
0.0206077
0.0211172
0.021612
0.0220923
0.022558
0.0230094
0.0234465
0.0238695
0.0242785
0.0246737
0.0250551
0.025423
0.0257773
0.0261182
0.0264457
0.0267597
0.0270601
0.0273469
0.02762
0.0278793
0.0281247
0.0283562
0.0285738
0.0287775
0.0289675
0.0291436
0.0293063
0.029456
0.0295938
0.0297216
0.0298422
0.029959
0.0300759
0.030196
0.0303195
0.030442
0.0305511
0.0306231
0.0242106
0.0237436
0.0231062
0.0223356
0.021471
0.0205404
0.0195605
0.0185407
0.0174889
0.0164166
0.0153436
0.0143003
0.013328
0.0124731
0.0117796
0.0112795
0.0109865
0.0108954
0.0109853
0.0112269
0.0115882
0.0120389
0.0125533
0.0131104
0.0136938
0.0142911
0.0148932
0.0154935
0.016087
0.0166705
0.0172416
0.0177988
0.018341
0.0188678
0.0193788
0.019874
0.0203535
0.0208176
0.0212666
0.0217007
0.0221203
0.0225257
0.0229174
0.0232956
0.0236606
0.0240126
0.0243519
0.0246788
0.0249934
0.025296
0.0255866
0.0258652
0.026132
0.0263867
0.0266295
0.0268601
0.0270785
0.0272848
0.0274788
0.0276607
0.0278304
0.0279879
0.0281334
0.0282669
0.0283892
0.0285015
0.0286057
0.028705
0.0288031
0.028904
0.0290102
0.0291215
0.0292315
0.0293255
0.0293761
0.0241052
0.0234313
0.0225319
0.0214868
0.0203546
0.0191688
0.0179474
0.0167039
0.0154569
0.014237
0.0130889
0.0120682
0.0112307
0.010619
0.0102521
0.0101227
0.0102026
0.010453
0.0108326
0.0113046
0.0118384
0.0124105
0.0130033
0.0136042
0.0142042
0.0147971
0.0153786
0.0159461
0.0164977
0.0170325
0.01755
0.01805
0.0185328
0.0189985
0.0194476
0.0198807
0.0202981
0.0207004
0.0210882
0.0214621
0.0218224
0.0221696
0.0225043
0.0228268
0.0231373
0.0234362
0.0237239
0.0240006
0.0242666
0.024522
0.024767
0.0250016
0.0252259
0.0254398
0.0256432
0.0258361
0.0260185
0.0261904
0.0263517
0.0265024
0.0266427
0.0267724
0.0268915
0.0270004
0.0270997
0.0271908
0.0272757
0.0273579
0.0274411
0.0275294
0.0276252
0.0277272
0.0278276
0.0279094
0.0279421
0.0239247
0.0229474
0.0217086
0.020339
0.0189108
0.0174579
0.0160015
0.0145679
0.0131992
0.0119556
0.0109061
0.0101111
0.00960357
0.0093806
0.0094088
0.00963812
0.0100157
0.0104949
0.0110383
0.0116184
0.0122156
0.0128162
0.0134111
0.0139944
0.0145623
0.0151126
0.015644
0.0161559
0.0166484
0.0171218
0.0175765
0.018013
0.0184323
0.0188348
0.0192214
0.0195927
0.0199496
0.0202925
0.0206223
0.0209394
0.0212444
0.0215377
0.02182
0.0220914
0.0223524
0.0226033
0.0228445
0.0230762
0.0232986
0.023512
0.0237165
0.0239121
0.0240988
0.0242767
0.0244456
0.0246055
0.0247564
0.0248983
0.0250313
0.0251553
0.0252702
0.0253761
0.025473
0.0255612
0.0256412
0.0257146
0.0257838
0.025852
0.0259234
0.0260018
0.0260893
0.026184
0.0262768
0.0263487
0.026367
0.0236319
0.0222386
0.020592
0.0188676
0.0171386
0.0154372
0.0137959
0.0122677
0.0109275
0.0098566
0.00911452
0.00871637
0.00863081
0.00879691
0.00914588
0.00961631
0.0101603
0.0107434
0.0113421
0.0119411
0.0125304
0.0131041
0.0136586
0.0141921
0.0147038
0.0151937
0.015662
0.0161096
0.0165373
0.0169458
0.0173363
0.0177096
0.0180666
0.0184083
0.0187354
0.0190488
0.0193493
0.0196374
0.0199139
0.0201793
0.0204342
0.020679
0.0209142
0.02114
0.0213569
0.0215653
0.0217653
0.0219573
0.0221415
0.022318
0.022487
0.0226485
0.0228026
0.0229491
0.0230881
0.0232195
0.0233433
0.0234595
0.0235681
0.0236692
0.0237627
0.0238485
0.0239266
0.0239973
0.0240614
0.0241202
0.0241763
0.0242332
0.0242949
0.0243653
0.0244461
0.0245346
0.024621
0.024685
0.0246923
0.0231803
0.021255
0.0191554
0.0170758
0.0150755
0.0131895
0.0114763
0.0100234
0.00892264
0.00822801
0.00793002
0.00796429
0.00824265
0.0086813
0.00921438
0.00979562
0.0103946
0.0109924
0.0115774
0.0121431
0.012686
0.0132045
0.0136983
0.0141677
0.0146136
0.0150371
0.0154393
0.0158215
0.0161848
0.0165304
0.0168595
0.0171731
0.0174722
0.0177577
0.0180304
0.0182912
0.0185407
0.0187796
0.0190085
0.0192279
0.0194383
0.0196402
0.0198339
0.0200198
0.0201981
0.0203693
0.0205335
0.020691
0.020842
0.0209866
0.021125
0.0212571
0.021383
0.0215027
0.021616
0.021723
0.0218236
0.0219179
0.0220059
0.0220876
0.0221629
0.0222318
0.0222943
0.0223506
0.0224014
0.0224482
0.0224937
0.0225412
0.0225949
0.0226584
0.0227333
0.0228164
0.0228973
0.0229549
0.0229545
0.0225166
0.019959
0.0173989
0.0150028
0.0128069
0.0108615
0.00925981
0.00810193
0.00743379
0.00721587
0.00734688
0.00771161
0.00821381
0.00878559
0.00938359
0.0099818
0.0105653
0.0111262
0.0116606
0.012167
0.0126456
0.0130971
0.0135229
0.0139244
0.0143032
0.014661
0.014999
0.0153189
0.0156219
0.0159092
0.016182
0.0164413
0.016688
0.0169231
0.0171473
0.0173613
0.0175658
0.0177613
0.0179485
0.0181277
0.0182994
0.018464
0.0186218
0.018773
0.0189181
0.0190572
0.0191906
0.0193185
0.019441
0.0195584
0.0196706
0.0197777
0.0198796
0.0199764
0.0200679
0.0201542
0.0202353
0.0203111
0.0203818
0.0204473
0.0205075
0.0205623
0.0206118
0.0206561
0.020696
0.0207331
0.0207698
0.0208095
0.0208563
0.0209137
0.0209831
0.0210611
0.0211369
0.0211894
0.0211845
0.021586
0.0183353
0.0153564
0.0127304
0.0104721
0.00865899
0.00739448
0.00671592
0.0065496
0.00675241
0.00718033
0.00772518
0.00831785
0.00891816
0.00950422
0.0100649
0.0105953
0.0110939
0.0115609
0.0119978
0.0124064
0.0127886
0.0131465
0.013482
0.013797
0.0140931
0.0143719
0.0146348
0.0148832
0.0151181
0.0153406
0.0155518
0.0157524
0.0159432
0.0161249
0.0162981
0.0164635
0.0166215
0.0167726
0.0169172
0.0170556
0.0171882
0.0173152
0.0174369
0.0175536
0.0176655
0.0177727
0.0178754
0.0179738
0.0180681
0.0181581
0.0182441
0.0183258
0.0184034
0.0184766
0.0185456
0.0186102
0.0186707
0.0187269
0.0187789
0.0188265
0.0188698
0.0189086
0.0189432
0.0189742
0.0190033
0.0190328
0.0190659
0.0191067
0.0191585
0.0192224
0.0192951
0.0193659
0.0194145
0.0194079
0.02034
0.0163994
0.0130999
0.0103851
0.00826007
0.00681057
0.00606552
0.005914
0.00616319
0.00663475
0.00720653
0.00780755
0.00840042
0.00896701
0.00949957
0.00999581
0.0104562
0.0108827
0.0112777
0.0116437
0.0119834
0.0122992
0.0125933
0.0128678
0.0131244
0.0133649
0.0135907
0.013803
0.0140031
0.0141921
0.0143708
0.01454
0.0147006
0.0148532
0.0149984
0.0151367
0.0152686
0.0153946
0.015515
0.0156301
0.0157403
0.0158457
0.0159467
0.0160435
0.0161363
0.0162251
0.0163103
0.0163919
0.0164701
0.016545
0.0166165
0.0166848
0.0167497
0.0168111
0.0168691
0.0169237
0.0169748
0.0170225
0.0170667
0.0171076
0.017145
0.0171788
0.0172089
0.0172356
0.0172596
0.0172821
0.0173056
0.0173332
0.0173685
0.0174147
0.017473
0.0175401
0.017606
0.0176515
0.0176454
0.0187468
0.0142036
0.0107404
0.00813539
0.00638082
0.00548578
0.00530019
0.00556891
0.00606785
0.0066553
0.00725637
0.00783565
0.00837832
0.00887971
0.00933996
0.00976142
0.0101473
0.0105009
0.0108256
0.0111245
0.0114002
0.0116552
0.0118917
0.0121116
0.0123165
0.0125081
0.0126875
0.0128559
0.0130143
0.0131637
0.0133048
0.0134382
0.0135648
0.0136849
0.0137991
0.0139078
0.0140115
0.0141105
0.014205
0.0142954
0.0143819
0.0144647
0.0145439
0.0146199
0.0146927
0.0147624
0.0148292
0.0148933
0.0149547
0.0150135
0.0150696
0.0151232
0.0151741
0.0152223
0.0152678
0.0153105
0.0153504
0.0153876
0.0154221
0.0154539
0.0154829
0.0155091
0.0155322
0.0155526
0.0155709
0.0155882
0.0156068
0.0156295
0.0156597
0.0157005
0.0157529
0.015814
0.0158747
0.0159173
0.0159137
0.0168034
0.0118383
0.00842427
0.00617248
0.00499947
0.0047092
0.00496549
0.00547744
0.00607288
0.00666903
0.00723126
0.00774764
0.00821641
0.00864003
0.00902258
0.00936849
0.009682
0.009967
0.0102269
0.0104648
0.0106832
0.0108844
0.0110704
0.0112428
0.0114031
0.0115526
0.0116923
0.0118233
0.0119463
0.0120622
0.0121715
0.0122749
0.0123728
0.0124657
0.0125541
0.0126381
0.0127183
0.0127948
0.0128679
0.0129378
0.0130046
0.0130686
0.0131299
0.0131886
0.0132449
0.0132989
0.0133506
0.0134002
0.0134478
0.0134933
0.0135369
0.0135784
0.0136178
0.0136552
0.0136904
0.0137234
0.0137542
0.013783
0.0138096
0.0138341
0.0138563
0.0138763
0.013894
0.0139094
0.0139231
0.0139362
0.0139507
0.0139692
0.0139947
0.01403
0.0140763
0.0141309
0.014186
0.0142259
0.0142256
0.014546
0.00942907
0.00632284
0.0046639
0.0041562
0.00435459
0.00486448
0.00546279
0.00605172
0.00659547
0.00708469
0.00752045
0.00790758
0.00825186
0.00855892
0.00883382
0.00908099
0.0093042
0.00950664
0.00969104
0.00985969
0.0100145
0.0101572
0.0102892
0.0104117
0.0105257
0.0106321
0.0107317
0.0108253
0.0109132
0.0109962
0.0110747
0.0111489
0.0112194
0.0112864
0.0113502
0.011411
0.0114691
0.0115246
0.0115776
0.0116284
0.011677
0.0117236
0.0117683
0.0118112
0.0118522
0.0118917
0.0119295
0.0119658
0.0120005
0.0120338
0.0120656
0.0120957
0.0121243
0.0121511
0.0121763
0.0121999
0.0122217
0.012242
0.0122606
0.0122776
0.0122927
0.012306
0.0123175
0.0123276
0.0123375
0.0123486
0.0123633
0.0123845
0.0124144
0.0124543
0.0125021
0.0125512
0.0125881
0.0125915
0.0120585
0.00712909
0.00460496
0.00368212
0.00374525
0.0042321
0.00482949
0.00541102
0.00593653
0.00639878
0.00680186
0.00715309
0.00746005
0.00772958
0.00796756
0.00817887
0.00836758
0.00853703
0.00869001
0.00882879
0.00895531
0.00907114
0.00917765
0.00927596
0.00936704
0.00945172
0.00953069
0.00960457
0.00967387
0.00973907
0.00980054
0.00985865
0.00991369
0.00996593
0.0100156
0.0100629
0.0101081
0.0101512
0.0101925
0.0102319
0.0102697
0.0103059
0.0103407
0.010374
0.010406
0.0104367
0.0104662
0.0104945
0.0105217
0.0105478
0.0105728
0.0105967
0.0106194
0.0106409
0.0106611
0.01068
0.0106977
0.0107142
0.0107294
0.0107434
0.0107561
0.0107674
0.0107773
0.0107857
0.0107932
0.0108005
0.0108089
0.0108204
0.0108374
0.0108622
0.0108956
0.0109364
0.010979
0.0110125
0.0110191
0.00947284
0.00510404
0.00338476
0.00316083
0.00358575
0.0041775
0.00475325
0.00526217
0.00569849
0.00606964
0.00638579
0.00665649
0.0068899
0.00709265
0.00727012
0.00742658
0.00756548
0.0076896
0.00780119
0.00790209
0.00799381
0.0080776
0.00815449
0.00822537
0.00829096
0.00835189
0.00840869
0.00846181
0.00851164
0.00855853
0.00860275
0.00864458
0.00868422
0.00872188
0.00875772
0.0087919
0.00882455
0.00885577
0.00888565
0.00891427
0.00894172
0.00896806
0.00899336
0.00901766
0.00904102
0.00906347
0.00908507
0.00910584
0.00912583
0.00914504
0.00916346
0.00918107
0.00919783
0.0092137
0.00922864
0.00924265
0.00925572
0.00926788
0.00927914
0.0092895
0.0092989
0.00930726
0.00931452
0.00932073
0.00932614
0.00933141
0.00933764
0.00934645
0.00935981
0.00937959
0.00940677
0.0094404
0.00947629
0.00950581
0.00951473
0.00696228
0.00350386
0.0026611
0.00293606
0.00351106
0.004084
0.0045794
0.0049915
0.00533172
0.00561362
0.00584911
0.00604773
0.00621695
0.00636255
0.006489
0.00659976
0.00669757
0.00678459
0.00686254
0.00693283
0.00699656
0.00705469
0.00710796
0.00715701
0.00720239
0.00724452
0.00728381
0.00732056
0.00735506
0.00738754
0.00741821
0.00744725
0.00747482
0.00750104
0.00752604
0.00754992
0.00757277
0.00759466
0.00761564
0.00763577
0.00765512
0.00767372
0.00769162
0.00770885
0.00772544
0.00774142
0.00775683
0.00777168
0.007786
0.00779979
0.00781304
0.00782574
0.00783785
0.00784932
0.00786014
0.00787028
0.00787976
0.00788859
0.00789678
0.00790432
0.00791117
0.00791727
0.00792256
0.00792706
0.00793096
0.00793474
0.00793927
0.00794583
0.00795597
0.00797124
0.00799253
0.00801927
0.00804839
0.00807339
0.00808338
0.00472193
0.00241259
0.00231024
0.0028345
0.00340776
0.00389434
0.00428463
0.00459496
0.00484331
0.00504442
0.00520949
0.00534679
0.00546248
0.00556112
0.00564615
0.00572019
0.00578525
0.0058429
0.00589438
0.00594068
0.00598259
0.00602076
0.00605572
0.0060879
0.00611767
0.00614534
0.00617115
0.00619533
0.00621806
0.0062395
0.00625978
0.00627903
0.00629734
0.0063148
0.00633149
0.00634747
0.00636281
0.00637754
0.00639169
0.00640531
0.00641844
0.00643109
0.0064433
0.0064551
0.00646648
0.00647749
0.00648812
0.00649841
0.00650835
0.00651796
0.00652723
0.00653612
0.00654463
0.00655271
0.00656034
0.00656751
0.00657423
0.0065805
0.00658633
0.00659171
0.00659663
0.00660101
0.00660482
0.00660806
0.00661086
0.00661357
0.00661682
0.00662156
0.006629
0.00664032
0.00665631
0.00667665
0.00669924
0.00671941
0.0067292
0.00293379
0.00179532
0.00215579
0.0027275
0.00321222
0.00358393
0.00386531
0.00408045
0.00424775
0.00438029
0.00448722
0.00457495
0.00464805
0.0047098
0.00476265
0.00480838
0.00484838
0.00488368
0.00491512
0.00494334
0.00496885
0.00499207
0.00501335
0.00503294
0.00505109
0.00506799
0.00508379
0.00509863
0.00511261
0.00512585
0.00513842
0.00515038
0.00516181
0.00517276
0.00518326
0.00519337
0.00520311
0.00521249
0.00522154
0.00523029
0.00523876
0.00524696
0.00525491
0.00526261
0.00527009
0.00527734
0.00528438
0.00529122
0.00529786
0.0053043
0.00531054
0.00531656
0.00532233
0.00532783
0.00533305
0.00533797
0.00534259
0.00534692
0.00535097
0.00535473
0.00535818
0.00536128
0.00536399
0.00536631
0.00536832
0.00537026
0.00537257
0.00537591
0.00538115
0.00538918
0.0054006
0.00541529
0.00543188
0.00544721
0.00545578
0.00170896
0.00150482
0.0020444
0.00253723
0.00289507
0.00314817
0.00332982
0.00346341
0.00356428
0.00364235
0.00370417
0.00375413
0.00379524
0.00382961
0.00385877
0.00388384
0.00390565
0.00392483
0.00394186
0.00395713
0.00397093
0.0039835
0.00399503
0.00400568
0.00401558
0.00402484
0.00403353
0.00404173
0.00404951
0.00405692
0.00406399
0.00407078
0.0040773
0.00408359
0.00408967
0.00409555
0.00410127
0.00410681
0.00411218
0.00411742
0.00412251
0.00412748
0.00413233
0.00413706
0.00414168
0.0041462
0.0041506
0.00415491
0.00415911
0.00416322
0.00416721
0.00417109
0.00417483
0.00417842
0.00418184
0.00418508
0.00418815
0.00419104
0.00419377
0.00419631
0.00419867
0.00420081
0.00420271
0.00420436
0.00420581
0.0042072
0.00420882
0.00421112
0.00421465
0.00422003
0.0042277
0.00423763
0.004249
0.00425983
0.00426656
0.00102197
0.00136042
0.00187193
0.00222402
0.00244908
0.00259591
0.00269532
0.00276524
0.00281618
0.00285447
0.00288405
0.00290745
0.00292637
0.00294196
0.00295502
0.00296614
0.00297574
0.00298414
0.00299158
0.00299825
0.00300429
0.00300981
0.00301491
0.00301965
0.00302409
0.00302829
0.00303227
0.00303608
0.00303973
0.00304325
0.00304666
0.00304997
0.0030532
0.00305635
0.00305944
0.00306246
0.00306544
0.00306835
0.00307121
0.00307403
0.0030768
0.00307953
0.00308223
0.00308489
0.00308751
0.00309009
0.00309264
0.00309515
0.00309763
0.00310007
0.00310246
0.0031048
0.00310708
0.00310928
0.0031114
0.00311342
0.00311535
0.0031172
0.00311895
0.0031206
0.00312216
0.00312359
0.00312488
0.00312604
0.00312707
0.00312806
0.00312918
0.00313069
0.00313293
0.00313627
0.003141
0.00314713
0.00315421
0.00316116
0.00316585
0.00071366
0.00121543
0.00157851
0.00177563
0.00188461
0.00194865
0.00198855
0.00201472
0.00203262
0.00204532
0.00205461
0.0020616
0.002067
0.00207126
0.00207471
0.00207756
0.00207997
0.00208205
0.00208389
0.00208554
0.00208706
0.00208847
0.00208981
0.0020911
0.00209235
0.00209357
0.00209478
0.00209598
0.00209717
0.00209837
0.00209958
0.00210079
0.00210201
0.00210324
0.00210448
0.00210573
0.00210699
0.00210825
0.00210952
0.0021108
0.00211208
0.00211337
0.00211467
0.00211597
0.00211728
0.00211859
0.00211989
0.0021212
0.00212251
0.00212381
0.0021251
0.00212638
0.00212764
0.00212888
0.00213008
0.00213125
0.00213238
0.00213347
0.00213452
0.00213553
0.00213649
0.0021374
0.00213824
0.002139
0.00213971
0.00214039
0.00214113
0.00214205
0.00214334
0.00214518
0.00214772
0.00215099
0.0021548
0.00215865
0.00216145
0.000607514
0.000974735
0.00114433
0.00120912
0.00123574
0.00124751
0.00125278
0.00125492
0.00125547
0.00125521
0.00125452
0.00125362
0.00125265
0.00125168
0.00125073
0.00124985
0.00124904
0.0012483
0.00124765
0.00124708
0.00124659
0.00124617
0.00124583
0.00124555
0.00124534
0.0012452
0.00124511
0.00124508
0.0012451
0.00124517
0.00124529
0.00124545
0.00124565
0.00124589
0.00124617
0.00124648
0.00124682
0.00124718
0.00124757
0.00124799
0.00124843
0.00124889
0.00124937
0.00124987
0.00125039
0.00125092
0.00125147
0.00125203
0.0012526
0.00125319
0.00125377
0.00125437
0.00125497
0.00125556
0.00125615
0.00125673
0.00125731
0.00125788
0.00125843
0.00125898
0.00125951
0.00126002
0.00126051
0.00126097
0.0012614
0.00126182
0.00126226
0.00126275
0.00126337
0.00126417
0.00126523
0.00126656
0.00126811
0.00126972
0.00127101
0.000506411
0.000492149
0.000480643
0.000472531
0.000466284
0.000461356
0.00045739
0.000454134
0.000451416
0.000449115
0.000447145
0.000445444
0.000443964
0.00044267
0.000441533
0.00044053
0.000439645
0.000438861
0.000438167
0.000437552
0.000437007
0.000436526
0.000436101
0.000435728
0.000435401
0.000435117
0.000434871
0.000434661
0.000434483
0.000434335
0.000434215
0.00043412
0.000434049
0.000434
0.000433971
0.000433961
0.000433968
0.000433992
0.000434031
0.000434085
0.000434152
0.000434231
0.000434322
0.000434423
0.000434534
0.000434655
0.000434785
0.000434922
0.000435067
0.000435218
0.000435375
0.000435537
0.000435704
0.000435875
0.000436048
0.000436224
0.000436401
0.000436579
0.000436758
0.000436936
0.000437114
0.000437289
0.000437461
0.00043763
0.000437797
0.000437961
0.000438126
0.000438294
0.00043847
0.000438655
0.00043885
0.000439048
0.000439235
0.000439385
0.000439462
)
;

boundaryField
{
    lowerWall
    {
        type            nutkWallFunction;
        Cmu             0.09;
        kappa           0.41;
        E               9.8;
        value           nonuniform List<scalar> 
75
(
6.12961e-05
5.95672e-05
5.81686e-05
5.71801e-05
5.64177e-05
5.58154e-05
5.53301e-05
5.49314e-05
5.45982e-05
5.4316e-05
5.40742e-05
5.38653e-05
5.36836e-05
5.35245e-05
5.33848e-05
5.32616e-05
5.31527e-05
5.30563e-05
5.29708e-05
5.28952e-05
5.28282e-05
5.27689e-05
5.27166e-05
5.26707e-05
5.26304e-05
5.25954e-05
5.25652e-05
5.25392e-05
5.25173e-05
5.24991e-05
5.24843e-05
5.24726e-05
5.24639e-05
5.24578e-05
5.24542e-05
5.2453e-05
5.2454e-05
5.24569e-05
5.24617e-05
5.24683e-05
5.24765e-05
5.24863e-05
5.24975e-05
5.251e-05
5.25237e-05
5.25386e-05
5.25545e-05
5.25714e-05
5.25892e-05
5.26079e-05
5.26272e-05
5.26472e-05
5.26677e-05
5.26887e-05
5.27101e-05
5.27317e-05
5.27535e-05
5.27755e-05
5.27975e-05
5.28195e-05
5.28413e-05
5.28629e-05
5.28842e-05
5.29051e-05
5.29257e-05
5.29462e-05
5.29668e-05
5.29877e-05
5.30091e-05
5.30311e-05
5.30531e-05
5.30739e-05
5.30914e-05
5.31024e-05
5.31029e-05
)
;
    }
    upperWall
    {
        type            nutkWallFunction;
        Cmu             0.09;
        kappa           0.41;
        E               9.8;
        value           nonuniform List<scalar> 
75
(
6.13382e-05
5.96092e-05
5.821e-05
5.72211e-05
5.64583e-05
5.58556e-05
5.537e-05
5.49711e-05
5.46377e-05
5.43553e-05
5.41134e-05
5.39044e-05
5.37225e-05
5.35634e-05
5.34236e-05
5.33003e-05
5.31913e-05
5.30948e-05
5.30094e-05
5.29336e-05
5.28666e-05
5.28073e-05
5.2755e-05
5.2709e-05
5.26688e-05
5.26337e-05
5.26034e-05
5.25775e-05
5.25556e-05
5.25373e-05
5.25225e-05
5.25108e-05
5.25021e-05
5.2496e-05
5.24924e-05
5.24912e-05
5.24922e-05
5.24951e-05
5.24999e-05
5.25065e-05
5.25147e-05
5.25245e-05
5.25357e-05
5.25482e-05
5.25619e-05
5.25768e-05
5.25928e-05
5.26097e-05
5.26275e-05
5.26462e-05
5.26655e-05
5.26855e-05
5.27061e-05
5.2727e-05
5.27484e-05
5.277e-05
5.27919e-05
5.28139e-05
5.28359e-05
5.28579e-05
5.28797e-05
5.29013e-05
5.29226e-05
5.29435e-05
5.29641e-05
5.29846e-05
5.30053e-05
5.30264e-05
5.30484e-05
5.30712e-05
5.30944e-05
5.31169e-05
5.31362e-05
5.31486e-05
5.31498e-05
)
;
    }
    inlet
    {
        type            calculated;
        value           uniform 0.0245118;
    }
    outlet
    {
        type            calculated;
        value           nonuniform List<scalar> 
60
(
0.000439065
0.00126898
0.00215687
0.00315777
0.00425405
0.00543793
0.00670518
0.00805255
0.00947673
0.0109739
0.0125394
0.0141673
0.01585
0.0175774
0.0193367
0.0211115
0.0228809
0.0246195
0.0262963
0.0278747
0.0293129
0.0305652
0.0315847
0.0323302
0.032779
0.0329496
0.0329377
0.0329466
0.0332132
0.0336563
0.0336617
0.0332281
0.0329687
0.0329657
0.0329834
0.0328188
0.0323762
0.0316368
0.0306231
0.0293761
0.0279421
0.026367
0.0246923
0.0229545
0.0211845
0.0194079
0.0176454
0.0159137
0.0142256
0.0125915
0.0110191
0.00951473
0.00808338
0.0067292
0.00545578
0.00426656
0.00316585
0.00216145
0.00127101
0.000439462
)
;
    }
    frontAndBack
    {
        type            empty;
    }
}


// ************************************************************************* //
