/*--------------------------------*- C++ -*----------------------------------*\
  =========                 |
  \\      /  F ield         | OpenFOAM: The Open Source CFD Toolbox
   \\    /   O peration     | Website:  https://openfoam.org
    \\  /    A nd           | Version:  7
     \\/     M anipulation  |
\*---------------------------------------------------------------------------*/
FoamFile
{
    version     2.0;
    format      ascii;
    class       volScalarField;
    location    "100";
    object      nut;
}
// * * * * * * * * * * * * * * * * * * * * * * * * * * * * * * * * * * * * * //

dimensions      [0 2 -1 0 0 0 0];

internalField   nonuniform List<scalar> 
4500
(
0.000506153
0.000491797
0.000483272
0.000526635
0.000629585
0.000707704
0.000750348
0.000774583
0.000790309
0.000801015
0.000808213
0.000812824
0.000815622
0.000817255
0.000818164
0.000818673
0.000818949
0.000819089
0.000819164
0.000819195
0.000819222
0.000819248
0.000819259
0.000819271
0.000819279
0.000819277
0.00081927
0.00081927
0.00081927
0.000819263
0.000819262
0.000819236
0.000819202
0.00081914
0.000819084
0.000818994
0.000818904
0.000818776
0.000818668
0.000818506
0.000818364
0.000818231
0.000818086
0.000817902
0.00081771
0.000817582
0.000817509
0.000817449
0.000817375
0.00081725
0.000817232
0.00081731
0.000817349
0.000817306
0.00081718
0.000816976
0.000816869
0.00081692
0.000816835
0.000816897
0.000816755
0.000816772
0.000816762
0.000816841
0.000816713
0.000816668
0.000816549
0.00081654
0.000816485
0.000816565
0.000816773
0.000817147
0.000817549
0.000817857
0.000818167
0.00060745
0.000975624
0.00115936
0.0020025
0.00417528
0.00555253
0.00625493
0.00662597
0.00685109
0.0069924
0.00708333
0.0071391
0.00717281
0.00719214
0.00720319
0.00720932
0.00721284
0.0072146
0.00721563
0.00721604
0.00721646
0.00721683
0.00721699
0.00721721
0.00721734
0.00721728
0.0072172
0.00721714
0.0072172
0.00721702
0.00721707
0.0072166
0.00721608
0.00721496
0.00721417
0.00721264
0.00721119
0.00720896
0.00720736
0.0072046
0.00720229
0.00720003
0.0071976
0.00719424
0.00719073
0.00718858
0.00718768
0.007187
0.00718566
0.00718315
0.00718253
0.00718373
0.00718469
0.00718419
0.00718189
0.00717814
0.00717597
0.00717675
0.00717522
0.00717655
0.00717351
0.0071738
0.00717354
0.00717554
0.00717337
0.00717339
0.00717048
0.0071698
0.00716855
0.00717015
0.00717339
0.00717941
0.00718556
0.00719038
0.00719512
0.000713364
0.00121627
0.00160104
0.00438012
0.0102673
0.0135566
0.0151945
0.0160726
0.0166204
0.0169735
0.0172061
0.0173514
0.0174402
0.0174915
0.0175208
0.0175371
0.0175463
0.017551
0.0175537
0.0175548
0.0175558
0.0175567
0.0175571
0.0175576
0.0175579
0.0175578
0.0175576
0.0175575
0.0175576
0.0175572
0.0175574
0.0175563
0.0175552
0.0175527
0.017551
0.0175475
0.0175443
0.0175393
0.0175358
0.0175296
0.0175245
0.0175194
0.017514
0.0175065
0.0174986
0.0174938
0.0174919
0.0174903
0.0174872
0.0174815
0.0174802
0.0174831
0.0174854
0.0174843
0.017479
0.0174706
0.0174658
0.0174677
0.0174642
0.0174674
0.0174603
0.0174612
0.0174606
0.0174651
0.0174601
0.0174604
0.0174538
0.0174526
0.01745
0.0174538
0.0174611
0.0174747
0.0174885
0.0174992
0.0175099
0.00102084
0.00136031
0.00191068
0.00750471
0.0174481
0.0228219
0.0255294
0.0270132
0.0279602
0.0285835
0.0290004
0.0292637
0.0294256
0.0295196
0.0295733
0.029603
0.0296197
0.0296282
0.029633
0.029635
0.0296366
0.0296382
0.0296388
0.0296397
0.0296401
0.02964
0.0296397
0.0296395
0.0296399
0.0296392
0.0296395
0.0296378
0.0296362
0.0296324
0.0296299
0.0296246
0.0296197
0.029612
0.0296067
0.0295971
0.0295892
0.0295815
0.0295732
0.0295616
0.0295493
0.0295419
0.0295389
0.0295363
0.0295315
0.0295227
0.0295207
0.0295254
0.0295291
0.0295275
0.0295196
0.0295066
0.0294991
0.0295021
0.0294967
0.0295018
0.0294909
0.0294923
0.0294912
0.0294983
0.0294907
0.0294913
0.0294813
0.0294798
0.0294762
0.0294823
0.0294937
0.0295146
0.0295359
0.0295525
0.0295691
0.00170648
0.00150366
0.00212543
0.0110815
0.0250902
0.0327152
0.0366352
0.0388269
0.0402488
0.0411988
0.0418405
0.0422492
0.0425013
0.0426481
0.0427318
0.0427782
0.042804
0.0428172
0.0428245
0.0428276
0.04283
0.0428323
0.0428332
0.0428344
0.042835
0.0428348
0.0428344
0.0428342
0.0428347
0.0428338
0.0428343
0.0428322
0.0428301
0.0428251
0.042822
0.042815
0.0428085
0.0427983
0.0427914
0.0427786
0.042768
0.0427578
0.0427469
0.0427314
0.0427149
0.0427049
0.0427008
0.0426972
0.0426907
0.042679
0.0426763
0.0426827
0.042688
0.0426862
0.0426758
0.0426586
0.0426483
0.0426524
0.0426453
0.0426522
0.0426377
0.0426396
0.042638
0.0426474
0.0426376
0.0426388
0.0426258
0.0426241
0.0426199
0.0426283
0.0426436
0.0426715
0.0426999
0.0427221
0.0427444
0.00293005
0.00179554
0.00232812
0.014845
0.0328839
0.0429428
0.0482249
0.0512291
0.0532014
0.054534
0.0554406
0.0560216
0.056381
0.0565909
0.0567105
0.0567767
0.0568134
0.0568322
0.0568425
0.056847
0.0568503
0.0568533
0.0568545
0.056856
0.0568568
0.0568566
0.0568561
0.0568559
0.0568566
0.0568555
0.0568562
0.0568537
0.0568513
0.0568452
0.0568415
0.056833
0.056825
0.0568126
0.0568042
0.0567885
0.0567754
0.0567629
0.0567496
0.0567305
0.0567099
0.0566974
0.0566921
0.0566876
0.0566795
0.0566651
0.0566616
0.0566695
0.0566766
0.056675
0.0566624
0.0566414
0.0566284
0.0566331
0.0566247
0.0566333
0.0566156
0.0566178
0.0566157
0.0566272
0.0566157
0.0566176
0.0566021
0.0566005
0.056596
0.0566066
0.0566257
0.0566599
0.0566952
0.0567227
0.0567506
0.00471766
0.00241981
0.00264083
0.0185764
0.0406228
0.0533049
0.0601011
0.0640238
0.0666222
0.0683933
0.0696052
0.0703863
0.0708708
0.0711546
0.0713164
0.0714058
0.0714552
0.0714807
0.0714945
0.0715008
0.0715049
0.0715087
0.0715102
0.0715122
0.0715131
0.0715129
0.0715123
0.0715121
0.071513
0.0715117
0.0715127
0.0715098
0.0715071
0.0715002
0.0714961
0.0714862
0.0714769
0.0714624
0.0714528
0.0714344
0.0714189
0.0714043
0.0713888
0.0713666
0.0713421
0.071327
0.0713206
0.0713152
0.0713056
0.0712888
0.0712843
0.0712937
0.0713026
0.0713013
0.071287
0.0712626
0.0712469
0.0712522
0.0712426
0.0712528
0.0712324
0.0712346
0.071232
0.0712455
0.0712326
0.0712355
0.0712181
0.0712166
0.0712123
0.071225
0.0712476
0.0712879
0.0713295
0.0713622
0.0713953
0.00695831
0.00352356
0.00319882
0.022098
0.0481369
0.063631
0.0720953
0.0770442
0.0803454
0.0826122
0.0841713
0.0851819
0.0858108
0.0861805
0.0863915
0.0865081
0.0865724
0.0866057
0.0866237
0.0866319
0.0866371
0.0866417
0.0866436
0.086646
0.0866471
0.0866468
0.0866463
0.086646
0.086647
0.0866457
0.086647
0.0866438
0.0866409
0.0866333
0.0866288
0.0866178
0.0866072
0.0865909
0.0865801
0.0865594
0.0865417
0.0865251
0.0865076
0.0864825
0.0864545
0.0864368
0.0864292
0.0864229
0.086412
0.086393
0.0863876
0.0863982
0.086409
0.0864084
0.0863927
0.0863654
0.0863471
0.0863526
0.0863421
0.0863537
0.086331
0.0863332
0.08633
0.0863452
0.0863316
0.0863355
0.0863166
0.0863155
0.0863116
0.0863265
0.0863525
0.0863983
0.0864459
0.0864836
0.0865217
0.0094697
0.00513703
0.0040968
0.0252656
0.0552689
0.0737587
0.0840476
0.0901337
0.0942166
0.0970392
0.0989904
0.100263
0.101058
0.101528
0.101796
0.101945
0.102026
0.102069
0.102092
0.102102
0.102109
0.102114
0.102116
0.102119
0.102121
0.10212
0.10212
0.102119
0.102121
0.102119
0.102121
0.102117
0.102114
0.102106
0.102101
0.102089
0.102078
0.10206
0.102048
0.102025
0.102005
0.101987
0.101968
0.10194
0.101909
0.101889
0.10188
0.101873
0.10186
0.10184
0.101833
0.101845
0.101858
0.101858
0.101841
0.101811
0.101791
0.101796
0.101785
0.101798
0.101773
0.101775
0.101771
0.101788
0.101774
0.101779
0.101759
0.101759
0.101755
0.101772
0.101802
0.101853
0.101906
0.101949
0.101991
0.0120563
0.00717093
0.00534672
0.027962
0.0618637
0.0835245
0.0957983
0.103138
0.108086
0.111529
0.113923
0.115494
0.116481
0.117067
0.117403
0.117589
0.117691
0.117745
0.117773
0.117787
0.117794
0.117801
0.117804
0.117807
0.117808
0.117808
0.117808
0.117807
0.117809
0.117807
0.117809
0.117806
0.117802
0.117794
0.117789
0.117776
0.117763
0.117744
0.117731
0.117707
0.117685
0.117665
0.117644
0.117614
0.11758
0.117557
0.117547
0.117539
0.117526
0.117503
0.117496
0.117508
0.117523
0.117524
0.117507
0.117475
0.117452
0.117457
0.117445
0.117459
0.117434
0.117435
0.117431
0.117449
0.117435
0.117441
0.117421
0.117421
0.117418
0.117438
0.11747
0.117526
0.117585
0.117632
0.117679
0.0145446
0.00947297
0.00688899
0.0300921
0.0677651
0.0927599
0.107185
0.115901
0.121806
0.125941
0.128834
0.130748
0.131957
0.132679
0.133094
0.133325
0.133452
0.133519
0.133554
0.133571
0.13358
0.133588
0.133591
0.133595
0.133597
0.133597
0.133596
0.133596
0.133597
0.133596
0.133598
0.133594
0.133591
0.133582
0.133577
0.133563
0.13355
0.133529
0.133515
0.133489
0.133466
0.133444
0.133422
0.13339
0.133353
0.133328
0.133317
0.133308
0.133293
0.13327
0.133261
0.133274
0.133291
0.133293
0.133275
0.133242
0.133217
0.133222
0.133209
0.133225
0.133198
0.133199
0.133194
0.133213
0.133199
0.133207
0.133187
0.133187
0.133186
0.133207
0.133243
0.133303
0.133367
0.133418
0.13347
0.0168025
0.011878
0.00863886
0.0315819
0.0728151
0.101289
0.118038
0.128266
0.135227
0.140135
0.143592
0.145901
0.147369
0.148252
0.148762
0.149047
0.149203
0.149286
0.149329
0.14935
0.149362
0.149371
0.149375
0.149379
0.149381
0.149381
0.14938
0.14938
0.149382
0.14938
0.149382
0.149379
0.149375
0.149366
0.149361
0.149347
0.149332
0.149311
0.149296
0.149269
0.149244
0.149221
0.149197
0.149164
0.149124
0.149097
0.149084
0.149074
0.149059
0.149034
0.149025
0.149038
0.149056
0.14906
0.149042
0.149008
0.148981
0.148985
0.148972
0.148988
0.148961
0.148962
0.148956
0.148976
0.148962
0.148971
0.148952
0.148953
0.148953
0.148976
0.149015
0.149079
0.149148
0.149204
0.149259
0.0187462
0.0142354
0.0105207
0.0323799
0.0768554
0.108927
0.12818
0.140065
0.148194
0.153968
0.158068
0.160833
0.162606
0.16368
0.164304
0.164654
0.164846
0.164948
0.165002
0.165028
0.165043
0.165053
0.165058
0.165062
0.165064
0.165065
0.165064
0.165064
0.165065
0.165064
0.165066
0.165063
0.165059
0.16505
0.165044
0.16503
0.165015
0.164992
0.164977
0.164949
0.164922
0.164898
0.164873
0.164838
0.164796
0.164767
0.164753
0.164742
0.164726
0.1647
0.16469
0.164704
0.164723
0.164728
0.16471
0.164675
0.164647
0.16465
0.164637
0.164654
0.164626
0.164626
0.164621
0.164641
0.164628
0.164638
0.164619
0.164621
0.164622
0.164648
0.164689
0.164758
0.164831
0.164891
0.16495
0.0203395
0.0164222
0.0124743
0.032461
0.07973
0.11548
0.137423
0.151126
0.160548
0.167294
0.172129
0.175424
0.177558
0.178861
0.179624
0.180053
0.180289
0.180415
0.180482
0.180514
0.180532
0.180544
0.180549
0.180555
0.180557
0.180557
0.180557
0.180557
0.180558
0.180557
0.180559
0.180556
0.180552
0.180543
0.180537
0.180523
0.180507
0.180483
0.180467
0.180438
0.180411
0.180385
0.180359
0.180323
0.18028
0.180248
0.180233
0.180221
0.180204
0.180177
0.180167
0.18018
0.1802
0.180206
0.18019
0.180154
0.180125
0.180127
0.180114
0.180131
0.180103
0.180103
0.180097
0.180118
0.180106
0.180117
0.180099
0.180102
0.180105
0.180132
0.180176
0.180248
0.180325
0.180389
0.180452
0.0215856
0.0183501
0.0144449
0.0318334
0.0812911
0.120743
0.145565
0.16126
0.172118
0.179958
0.185636
0.189553
0.192116
0.193695
0.194626
0.195153
0.195444
0.195599
0.195682
0.195723
0.195744
0.195758
0.195765
0.19577
0.195773
0.195774
0.195773
0.195773
0.195775
0.195773
0.195776
0.195773
0.195769
0.19576
0.195754
0.19574
0.195723
0.195699
0.195682
0.195653
0.195624
0.195597
0.19557
0.195533
0.195488
0.195455
0.195438
0.195426
0.195408
0.195381
0.195369
0.195382
0.195403
0.195411
0.195395
0.19536
0.195329
0.19533
0.195317
0.195334
0.195307
0.195307
0.1953
0.195321
0.19531
0.195323
0.195306
0.19531
0.195313
0.195342
0.195389
0.195464
0.195545
0.195613
0.195678
0.0225162
0.019968
0.016371
0.0305468
0.0814073
0.124504
0.152387
0.170265
0.182718
0.191794
0.198442
0.20309
0.206166
0.208082
0.209219
0.209866
0.210226
0.210418
0.21052
0.210571
0.210597
0.210614
0.210622
0.210628
0.210632
0.210632
0.210632
0.210632
0.210634
0.210632
0.210635
0.210632
0.210628
0.210619
0.210613
0.210599
0.210582
0.210557
0.21054
0.21051
0.21048
0.210452
0.210424
0.210387
0.210341
0.210306
0.210288
0.210274
0.210256
0.210228
0.210216
0.210228
0.21025
0.210259
0.210244
0.21021
0.210179
0.210179
0.210166
0.210182
0.210156
0.210155
0.210149
0.210169
0.21016
0.210173
0.210158
0.210163
0.210168
0.210198
0.210247
0.210324
0.210408
0.21048
0.210548
0.02318
0.0212605
0.0181794
0.0287024
0.0799744
0.126546
0.157656
0.177919
0.192143
0.202618
0.210389
0.215901
0.219594
0.221919
0.22331
0.224107
0.224551
0.22479
0.224917
0.224981
0.225014
0.225033
0.225043
0.22505
0.225054
0.225055
0.225055
0.225055
0.225057
0.225055
0.225058
0.225055
0.225052
0.225042
0.225036
0.225022
0.225006
0.224981
0.224963
0.224933
0.224902
0.224873
0.224845
0.224806
0.22476
0.224724
0.224704
0.22469
0.224671
0.224643
0.22463
0.224641
0.224663
0.224673
0.22466
0.224627
0.224596
0.224595
0.224582
0.224598
0.224573
0.224572
0.224565
0.224585
0.224577
0.224592
0.224579
0.224583
0.22459
0.224622
0.224673
0.224752
0.224838
0.224913
0.224984
0.0236317
0.0222424
0.0197919
0.0264636
0.0769321
0.126652
0.161119
0.183976
0.20017
0.21223
0.221304
0.22784
0.232279
0.235104
0.23681
0.237794
0.238344
0.238641
0.238799
0.238879
0.23892
0.238944
0.238956
0.238964
0.238968
0.238969
0.23897
0.23897
0.238971
0.23897
0.238972
0.23897
0.238967
0.238957
0.238952
0.238938
0.238921
0.238896
0.238878
0.238848
0.238818
0.238788
0.238759
0.23872
0.238674
0.238637
0.238615
0.2386
0.238581
0.238553
0.238539
0.238549
0.238571
0.238582
0.238571
0.23854
0.238509
0.238506
0.238494
0.238509
0.238486
0.238484
0.238478
0.238497
0.23849
0.238506
0.238495
0.238501
0.238509
0.238542
0.238594
0.238674
0.238762
0.23884
0.238912
0.0239245
0.0229505
0.0211413
0.0240671
0.0722848
0.12462
0.162508
0.18817
0.206548
0.220407
0.230999
0.238757
0.244099
0.247538
0.249633
0.25085
0.251534
0.251904
0.252102
0.252202
0.252254
0.252282
0.252297
0.252306
0.252311
0.252313
0.252313
0.252313
0.252315
0.252313
0.252316
0.252314
0.252311
0.252302
0.252296
0.252283
0.252267
0.252242
0.252223
0.252194
0.252163
0.252133
0.252103
0.252065
0.252019
0.251981
0.251958
0.251942
0.251922
0.251895
0.25188
0.251889
0.25191
0.251923
0.251914
0.251885
0.251855
0.251851
0.251839
0.251853
0.251832
0.25183
0.251824
0.251842
0.251837
0.251853
0.251845
0.251851
0.251861
0.251895
0.251947
0.252028
0.252117
0.252198
0.252271
0.024105
0.0234341
0.0221903
0.0218305
0.0661287
0.120277
0.161549
0.190208
0.211002
0.226907
0.239272
0.248491
0.254932
0.259128
0.261706
0.263214
0.264065
0.264528
0.264775
0.264901
0.264966
0.265001
0.265018
0.265029
0.265035
0.265037
0.265038
0.265038
0.265039
0.265038
0.26504
0.265039
0.265036
0.265027
0.265022
0.265009
0.264993
0.264969
0.26495
0.264922
0.264891
0.264861
0.264831
0.264794
0.264748
0.26471
0.264686
0.264669
0.264649
0.264622
0.264607
0.264614
0.264634
0.264648
0.264642
0.264616
0.264587
0.264582
0.26457
0.264583
0.264565
0.264563
0.264557
0.264574
0.264571
0.264587
0.264581
0.264588
0.264599
0.264634
0.264687
0.264767
0.264857
0.26494
0.265014
0.0242105
0.023746
0.0229409
0.020144
0.0586839
0.113507
0.157967
0.189779
0.213229
0.231463
0.245911
0.256886
0.264669
0.269798
0.272975
0.274845
0.275904
0.276483
0.276793
0.276952
0.277033
0.277076
0.277097
0.27711
0.277116
0.277119
0.27712
0.27712
0.277122
0.277121
0.277123
0.277121
0.277119
0.277111
0.277106
0.277094
0.277079
0.277055
0.277037
0.277009
0.276979
0.276949
0.276919
0.276882
0.276838
0.2768
0.276775
0.276757
0.276737
0.276711
0.276695
0.276701
0.27672
0.276735
0.276731
0.276708
0.276682
0.276676
0.276664
0.276676
0.276661
0.276659
0.276653
0.27667
0.276668
0.276685
0.276681
0.276689
0.276702
0.276737
0.27679
0.276869
0.276959
0.277043
0.277117
0.0242687
0.0239355
0.023432
0.0194081
0.0503292
0.104293
0.151508
0.186556
0.212907
0.233797
0.250704
0.2638
0.273224
0.2795
0.283417
0.285736
0.287056
0.28778
0.288166
0.288367
0.288468
0.28852
0.288547
0.288561
0.288569
0.288572
0.288573
0.288574
0.288575
0.288574
0.288576
0.288575
0.288573
0.288566
0.288561
0.28855
0.288536
0.288513
0.288495
0.288469
0.28844
0.28841
0.28838
0.288345
0.288303
0.288265
0.288239
0.28822
0.2882
0.288175
0.288159
0.288163
0.288181
0.288197
0.288196
0.288177
0.288153
0.288146
0.288136
0.288146
0.288134
0.288132
0.288128
0.288143
0.288143
0.288159
0.288159
0.288168
0.288182
0.288217
0.28827
0.288347
0.288436
0.288521
0.288595
0.0242989
0.0240433
0.023724
0.0198333
0.0416342
0.0927657
0.141974
0.180214
0.2097
0.233628
0.253459
0.269127
0.280557
0.28824
0.293065
0.295935
0.297573
0.298474
0.298956
0.299206
0.299333
0.299397
0.299429
0.299446
0.299455
0.299459
0.299461
0.299461
0.299462
0.299462
0.299463
0.299463
0.299461
0.299455
0.29945
0.29944
0.299426
0.299406
0.299387
0.299363
0.299335
0.299306
0.299277
0.299243
0.299203
0.299166
0.29914
0.29912
0.2991
0.299076
0.299061
0.299064
0.29908
0.299096
0.299098
0.299083
0.299063
0.299056
0.299046
0.299055
0.299046
0.299045
0.299042
0.299055
0.299057
0.299073
0.299075
0.299085
0.299101
0.299136
0.299189
0.299264
0.299351
0.299436
0.29951
0.0243137
0.0241007
0.0238808
0.0211262
0.0333803
0.0792862
0.12927
0.170454
0.203281
0.230707
0.254042
0.272837
0.286708
0.296097
0.302019
0.305554
0.307574
0.308688
0.309284
0.309593
0.309749
0.309828
0.309866
0.309886
0.309896
0.309901
0.309903
0.309903
0.309904
0.309904
0.309906
0.309905
0.309903
0.309898
0.309894
0.309885
0.309872
0.309853
0.309835
0.309812
0.309785
0.309757
0.309729
0.309697
0.30966
0.309624
0.309597
0.309577
0.309558
0.309535
0.309521
0.309522
0.309537
0.309554
0.309558
0.309548
0.309531
0.309524
0.309516
0.309524
0.309518
0.309518
0.309516
0.309528
0.309531
0.309546
0.309551
0.309562
0.30958
0.309615
0.309667
0.30974
0.309825
0.30991
0.309984
0.0243204
0.024129
0.0239562
0.0225273
0.0265613
0.0645423
0.113494
0.15706
0.193381
0.224878
0.252451
0.275038
0.29184
0.303254
0.310466
0.314775
0.31724
0.318599
0.319326
0.319703
0.319893
0.319987
0.320033
0.320056
0.320067
0.320072
0.320074
0.320075
0.320076
0.320076
0.320077
0.320076
0.320075
0.32007
0.320066
0.320058
0.320046
0.320028
0.320011
0.319989
0.319964
0.319936
0.319909
0.319879
0.319844
0.319811
0.319784
0.319764
0.319744
0.319723
0.31971
0.319711
0.319725
0.319742
0.319749
0.319741
0.319728
0.319722
0.319716
0.319723
0.31972
0.319722
0.319722
0.319733
0.319737
0.31975
0.319756
0.319769
0.319789
0.319824
0.319875
0.319946
0.32003
0.320115
0.320189
0.0243232
0.024142
0.0239883
0.0234532
0.0222986
0.0496711
0.095063
0.13999
0.179894
0.216205
0.248931
0.276055
0.296276
0.31
0.318661
0.323829
0.326782
0.328408
0.329275
0.329724
0.329949
0.330059
0.330112
0.330138
0.33015
0.330156
0.330158
0.330159
0.330159
0.330159
0.33016
0.33016
0.330159
0.330154
0.33015
0.330142
0.330131
0.330114
0.330097
0.330076
0.330051
0.330025
0.329998
0.329969
0.329938
0.329906
0.32988
0.329859
0.32984
0.329821
0.329809
0.32981
0.329824
0.32984
0.329848
0.329844
0.329834
0.329829
0.329825
0.329832
0.329833
0.329836
0.329838
0.329848
0.329852
0.329863
0.32987
0.329883
0.329905
0.329941
0.329993
0.330062
0.330145
0.330232
0.330306
0.0243243
0.0241474
0.0239999
0.0238631
0.0213099
0.0363671
0.074928
0.119573
0.16311
0.205233
0.244164
0.276506
0.300486
0.316668
0.326833
0.332878
0.336321
0.338212
0.339217
0.339734
0.339991
0.340116
0.340175
0.340203
0.340216
0.340221
0.340223
0.340224
0.340224
0.340224
0.340225
0.340224
0.340223
0.340219
0.340214
0.340206
0.340195
0.340178
0.340162
0.34014
0.340116
0.340089
0.340063
0.340035
0.340005
0.339975
0.33995
0.339929
0.33991
0.339892
0.339882
0.339884
0.339898
0.339914
0.339923
0.33992
0.339913
0.339909
0.339908
0.339915
0.339918
0.339923
0.339928
0.339937
0.339942
0.339949
0.339956
0.339969
0.339993
0.34003
0.340082
0.340151
0.340235
0.340324
0.3404
0.0243247
0.0241495
0.0240032
0.0239802
0.022561
0.0268589
0.0549162
0.096961
0.14427
0.193419
0.239417
0.277228
0.304905
0.323402
0.334944
0.341775
0.34565
0.347768
0.348887
0.349459
0.349741
0.349876
0.349939
0.349967
0.34998
0.349985
0.349986
0.349986
0.349987
0.349986
0.349987
0.349986
0.349984
0.34998
0.349974
0.349965
0.349954
0.349937
0.349919
0.349896
0.349872
0.349844
0.349818
0.349789
0.349761
0.349731
0.349708
0.349685
0.349668
0.34965
0.349643
0.349646
0.349662
0.349677
0.349686
0.349682
0.349676
0.349673
0.349675
0.349681
0.349687
0.349694
0.349702
0.34971
0.349715
0.349718
0.349723
0.349736
0.349762
0.3498
0.349853
0.349924
0.350011
0.350103
0.350183
0.0243248
0.0241502
0.0240036
0.0239913
0.0237413
0.0231901
0.0383331
0.0752728
0.126657
0.183493
0.236267
0.278775
0.309415
0.329693
0.342267
0.349672
0.353855
0.356129
0.357324
0.357929
0.358225
0.358364
0.358427
0.358455
0.358466
0.35847
0.358471
0.35847
0.35847
0.35847
0.35847
0.358469
0.358466
0.358461
0.358455
0.358444
0.358432
0.358414
0.358395
0.35837
0.358345
0.358316
0.358289
0.358258
0.35823
0.358201
0.358178
0.358155
0.358138
0.35812
0.358115
0.358121
0.358139
0.358153
0.358161
0.358155
0.358149
0.358147
0.358151
0.358157
0.358165
0.358172
0.358183
0.358191
0.358197
0.358196
0.358199
0.35821
0.358238
0.358276
0.358331
0.358404
0.358494
0.358592
0.358675
0.0243249
0.0241504
0.0240034
0.0239834
0.0241321
0.0239875
0.0302659
0.0614581
0.11596
0.178253
0.235228
0.280407
0.312662
0.333892
0.347011
0.354715
0.359053
0.361403
0.362632
0.36325
0.36355
0.363689
0.36375
0.363776
0.363786
0.36379
0.36379
0.363789
0.363788
0.363787
0.363788
0.363785
0.363783
0.363777
0.36377
0.363758
0.363744
0.363726
0.363706
0.36368
0.363654
0.363623
0.363596
0.363563
0.363534
0.363505
0.363484
0.36346
0.363443
0.363425
0.363423
0.363431
0.363451
0.363463
0.363471
0.363462
0.363456
0.363453
0.36346
0.363465
0.363473
0.363481
0.363496
0.363503
0.363511
0.363506
0.363507
0.363517
0.363547
0.363585
0.36364
0.363713
0.363806
0.363906
0.363991
0.0243249
0.0241504
0.0240035
0.0239844
0.0241242
0.0240116
0.030433
0.0615738
0.11585
0.177985
0.234914
0.280103
0.312379
0.333628
0.346758
0.35447
0.358811
0.361162
0.362391
0.363009
0.363308
0.363446
0.363507
0.363533
0.363543
0.363546
0.363546
0.363544
0.363544
0.363543
0.363543
0.36354
0.363538
0.363531
0.363524
0.363512
0.363499
0.36348
0.363461
0.363433
0.363408
0.363378
0.363351
0.363317
0.363289
0.36326
0.363241
0.363216
0.363201
0.363183
0.363184
0.363193
0.363214
0.363223
0.363231
0.36322
0.363216
0.363213
0.363222
0.363224
0.363233
0.36324
0.363258
0.363264
0.363275
0.363268
0.363269
0.363279
0.36331
0.363346
0.3634
0.36347
0.363561
0.36366
0.363744
0.0243248
0.0241502
0.0240039
0.023991
0.0236821
0.0233638
0.0388709
0.0755277
0.126303
0.18272
0.235364
0.277891
0.308588
0.328917
0.341524
0.348949
0.353141
0.355419
0.356614
0.357218
0.357513
0.35765
0.357712
0.357738
0.357749
0.357752
0.357752
0.357751
0.357751
0.35775
0.35775
0.357747
0.357745
0.357739
0.357733
0.35772
0.357708
0.35769
0.357673
0.357646
0.357623
0.357593
0.357569
0.357534
0.357509
0.357481
0.357464
0.357439
0.357426
0.357408
0.357411
0.357419
0.357441
0.357447
0.357454
0.357443
0.357443
0.35744
0.35745
0.357449
0.35746
0.357465
0.357486
0.35749
0.357503
0.357494
0.357498
0.357509
0.357541
0.357574
0.357624
0.357689
0.357775
0.357869
0.357949
0.0243247
0.0241495
0.0240039
0.0239641
0.0224267
0.0274527
0.0557446
0.0972028
0.143684
0.192256
0.238038
0.275849
0.303597
0.322161
0.333751
0.340609
0.344498
0.34662
0.347741
0.348311
0.348592
0.348725
0.348785
0.348812
0.348823
0.348827
0.348827
0.348827
0.348827
0.348826
0.348826
0.348823
0.348821
0.348815
0.34881
0.348797
0.348787
0.348769
0.348754
0.348727
0.348707
0.348678
0.348655
0.348621
0.348599
0.348572
0.348557
0.34853
0.348519
0.348502
0.348508
0.348515
0.348536
0.348537
0.348546
0.348534
0.348537
0.348534
0.348546
0.348542
0.348554
0.348558
0.34858
0.34858
0.348595
0.348583
0.34859
0.348602
0.348636
0.348666
0.348713
0.348772
0.348853
0.348941
0.349016
0.0243243
0.0241474
0.024001
0.0237903
0.0213375
0.0374516
0.0759037
0.1197
0.162319
0.203803
0.242457
0.274759
0.298796
0.315043
0.325258
0.331332
0.334791
0.336687
0.337692
0.338207
0.338462
0.338585
0.338641
0.338667
0.338678
0.338682
0.338683
0.338683
0.338683
0.338682
0.338683
0.338679
0.338678
0.338672
0.338667
0.338654
0.338645
0.338627
0.338613
0.338585
0.338567
0.338537
0.338516
0.338481
0.338463
0.338435
0.338422
0.338392
0.338384
0.338365
0.338376
0.338381
0.338402
0.338398
0.338407
0.338392
0.3384
0.338395
0.33841
0.338401
0.338416
0.338418
0.338443
0.338437
0.338453
0.338435
0.338445
0.338458
0.338494
0.33852
0.338566
0.338622
0.338699
0.338784
0.338855
0.0243232
0.0241419
0.0239892
0.0232503
0.022833
0.0511593
0.0960531
0.139955
0.178929
0.214604
0.247025
0.27407
0.294321
0.308096
0.3168
0.321993
0.324959
0.326588
0.327454
0.3279
0.328122
0.32823
0.32828
0.328303
0.328314
0.328318
0.328319
0.328319
0.32832
0.328319
0.328319
0.328316
0.328315
0.328308
0.328304
0.328289
0.328281
0.328261
0.328248
0.328217
0.328201
0.32817
0.32815
0.328113
0.328098
0.328069
0.328058
0.328024
0.328017
0.327997
0.328012
0.328016
0.328038
0.328027
0.328036
0.328017
0.328029
0.328023
0.32804
0.328026
0.328044
0.328044
0.328071
0.328058
0.328076
0.328048
0.328062
0.328075
0.328115
0.328137
0.328183
0.328237
0.328314
0.328397
0.328466
0.0243203
0.0241288
0.0239553
0.0221457
0.0277004
0.0662931
0.114404
0.156855
0.192277
0.223174
0.250439
0.272922
0.289728
0.301172
0.308416
0.312742
0.315216
0.316575
0.317299
0.317672
0.317859
0.31795
0.317993
0.318013
0.318022
0.318026
0.318027
0.318027
0.318028
0.318027
0.318028
0.318024
0.318023
0.318015
0.318012
0.317994
0.317987
0.317966
0.317952
0.317919
0.317904
0.317869
0.317851
0.31781
0.317799
0.317768
0.317759
0.317719
0.317715
0.317692
0.317713
0.317716
0.317739
0.31772
0.31773
0.317705
0.317721
0.317712
0.317732
0.317712
0.317734
0.317731
0.317762
0.31774
0.31776
0.317722
0.31774
0.317751
0.317795
0.317813
0.317862
0.317915
0.317995
0.318077
0.318146
0.0243136
0.0241002
0.0238736
0.0206806
0.035063
0.0811601
0.130045
0.170089
0.202074
0.228952
0.251993
0.27067
0.284523
0.293923
0.299865
0.303408
0.305433
0.306543
0.307135
0.307439
0.307592
0.307667
0.307703
0.30772
0.307728
0.307731
0.307732
0.307732
0.307734
0.307732
0.307734
0.307728
0.307728
0.307719
0.307716
0.307696
0.307689
0.307665
0.307652
0.307614
0.307602
0.307563
0.307546
0.307501
0.307493
0.30746
0.307453
0.307407
0.307406
0.307379
0.307407
0.307407
0.307433
0.307407
0.307417
0.307384
0.307406
0.307392
0.307417
0.30739
0.307417
0.307409
0.307445
0.307414
0.307437
0.307386
0.307409
0.307419
0.307468
0.307482
0.307533
0.307586
0.30767
0.307752
0.307823
0.0242988
0.0240425
0.0237017
0.0196177
0.0437508
0.0946499
0.14259
0.179713
0.208426
0.231859
0.251419
0.266965
0.278363
0.286041
0.290875
0.293747
0.295384
0.296279
0.296756
0.297
0.297124
0.297184
0.297214
0.297227
0.297235
0.297237
0.297238
0.297237
0.29724
0.297238
0.29724
0.297233
0.297234
0.297224
0.29722
0.297197
0.297191
0.297165
0.297153
0.29711
0.297099
0.297057
0.297041
0.296992
0.296988
0.296951
0.296947
0.296894
0.296897
0.296866
0.296901
0.296899
0.296928
0.296893
0.296905
0.296864
0.296891
0.296873
0.296902
0.296868
0.2969
0.296888
0.296929
0.296889
0.296915
0.296851
0.296879
0.296888
0.296941
0.296951
0.297006
0.297059
0.297148
0.297231
0.297302
0.0242686
0.023934
0.0233807
0.0196687
0.0527563
0.106107
0.151964
0.185947
0.211598
0.232046
0.248708
0.261684
0.271067
0.277327
0.281244
0.283559
0.284875
0.285589
0.285971
0.286164
0.286263
0.286312
0.286336
0.286347
0.286353
0.286354
0.286356
0.286354
0.286357
0.286356
0.286358
0.28635
0.286351
0.28634
0.286337
0.286311
0.286306
0.286277
0.286265
0.286219
0.28621
0.286164
0.28615
0.286096
0.286095
0.286056
0.286055
0.285996
0.286002
0.285966
0.286009
0.286005
0.286037
0.285993
0.286007
0.285958
0.28599
0.285969
0.286001
0.28596
0.285997
0.285981
0.286027
0.285978
0.286008
0.285932
0.285966
0.285972
0.286031
0.286035
0.286095
0.286148
0.286241
0.286324
0.286396
0.0242104
0.0237436
0.0228429
0.0209435
0.0613007
0.1152
0.158273
0.189091
0.211912
0.229756
0.243985
0.254845
0.262583
0.267687
0.270858
0.272719
0.273773
0.274341
0.274645
0.274798
0.274876
0.274915
0.274935
0.274943
0.274949
0.274949
0.27495
0.274949
0.274953
0.274951
0.274954
0.274945
0.274946
0.274933
0.274931
0.274902
0.274898
0.274867
0.274856
0.274806
0.274799
0.27475
0.274738
0.274679
0.274683
0.274641
0.274643
0.274578
0.274587
0.274548
0.274597
0.274591
0.274626
0.274575
0.27459
0.274534
0.274571
0.274546
0.274583
0.274534
0.274576
0.274555
0.274607
0.274549
0.274584
0.274496
0.274536
0.27454
0.274603
0.274603
0.274666
0.274719
0.274816
0.274898
0.274971
0.0241049
0.0234303
0.0220292
0.0231141
0.0688286
0.121819
0.161725
0.189468
0.209702
0.225264
0.237435
0.246545
0.25294
0.257108
0.259676
0.261171
0.262015
0.262466
0.262707
0.262827
0.26289
0.262921
0.262937
0.262944
0.262949
0.262948
0.26295
0.262948
0.262952
0.26295
0.262953
0.262943
0.262945
0.262931
0.262929
0.262898
0.262896
0.262863
0.262853
0.262799
0.262795
0.262742
0.262732
0.26267
0.262678
0.262633
0.262638
0.262567
0.262581
0.262538
0.262593
0.262584
0.262622
0.262564
0.262582
0.262518
0.262561
0.262531
0.262572
0.262517
0.262564
0.262539
0.262596
0.26253
0.26257
0.26247
0.262516
0.262518
0.262585
0.262579
0.262646
0.262698
0.262798
0.262879
0.262953
0.0239245
0.0229451
0.0209099
0.0257426
0.0749814
0.126002
0.162576
0.187404
0.205287
0.218845
0.229266
0.236923
0.242219
0.245628
0.24771
0.248913
0.24959
0.249947
0.250139
0.250233
0.250282
0.250308
0.250321
0.250326
0.250331
0.25033
0.250331
0.250329
0.250334
0.250331
0.250335
0.250324
0.250327
0.250312
0.25031
0.250277
0.250276
0.250241
0.250233
0.250176
0.250175
0.250119
0.250112
0.250046
0.250057
0.25001
0.250018
0.249944
0.249961
0.249914
0.249974
0.249963
0.250004
0.249939
0.24996
0.24989
0.249937
0.249904
0.249949
0.249887
0.249939
0.24991
0.249971
0.249898
0.249943
0.249834
0.249885
0.249884
0.249954
0.249944
0.250014
0.250065
0.250167
0.250246
0.250319
0.0236319
0.0222352
0.0194989
0.0284352
0.0795598
0.127875
0.1611
0.183207
0.198965
0.210762
0.219686
0.22613
0.230525
0.233318
0.23501
0.235979
0.236522
0.236806
0.236959
0.237032
0.237072
0.237092
0.237103
0.237108
0.237112
0.237111
0.237112
0.23711
0.237114
0.237112
0.237116
0.237104
0.237108
0.237092
0.237091
0.237056
0.237057
0.23702
0.237013
0.236954
0.236955
0.236898
0.236892
0.236824
0.236839
0.23679
0.236801
0.236723
0.236743
0.236693
0.236758
0.236744
0.236788
0.236717
0.23674
0.236665
0.236716
0.23668
0.236728
0.236662
0.236717
0.236684
0.23675
0.236671
0.23672
0.236602
0.236659
0.236656
0.236728
0.236713
0.236785
0.236834
0.236937
0.237013
0.237086
0.0231805
0.0212517
0.0178526
0.0308811
0.0824866
0.127617
0.157574
0.177165
0.191009
0.201255
0.208895
0.214322
0.217975
0.220267
0.221645
0.222427
0.222864
0.223089
0.223212
0.223269
0.223302
0.223318
0.223327
0.223331
0.223334
0.223333
0.223334
0.223332
0.223337
0.223334
0.223338
0.223327
0.22333
0.223314
0.223313
0.223277
0.223279
0.223242
0.223236
0.223176
0.223179
0.22312
0.223117
0.223047
0.223065
0.223014
0.223028
0.222947
0.22297
0.222917
0.222986
0.22297
0.223015
0.222941
0.222966
0.222887
0.222941
0.222903
0.222953
0.222882
0.222941
0.222905
0.222973
0.222889
0.222942
0.222818
0.222879
0.222873
0.222947
0.222929
0.223002
0.223049
0.223152
0.223225
0.223296
0.0225173
0.0199582
0.0160525
0.0328532
0.0837725
0.125438
0.152262
0.169545
0.181665
0.190543
0.197078
0.20165
0.204688
0.206572
0.207697
0.208329
0.208682
0.208861
0.208959
0.209004
0.20903
0.209044
0.209052
0.209054
0.209058
0.209056
0.209057
0.209055
0.20906
0.209057
0.209062
0.20905
0.209054
0.209037
0.209037
0.209
0.209003
0.208966
0.208961
0.2089
0.208905
0.208845
0.208844
0.208774
0.208793
0.208742
0.208758
0.208675
0.208701
0.208646
0.208717
0.2087
0.208746
0.208668
0.208695
0.208613
0.20867
0.208629
0.208681
0.208608
0.208669
0.20863
0.2087
0.208613
0.208669
0.20854
0.208604
0.208596
0.208671
0.208649
0.208722
0.208767
0.208869
0.208938
0.209008
0.0215875
0.0183403
0.0141813
0.0341984
0.0834899
0.121553
0.145414
0.160585
0.171156
0.178826
0.184405
0.188254
0.190783
0.192332
0.193251
0.193764
0.194049
0.194192
0.194271
0.194306
0.194328
0.194339
0.194346
0.194348
0.194351
0.19435
0.19435
0.194349
0.194353
0.194351
0.194355
0.194343
0.194347
0.19433
0.19433
0.194294
0.194298
0.19426
0.194256
0.194195
0.194202
0.194142
0.194143
0.194072
0.194094
0.194042
0.19406
0.193976
0.194004
0.193948
0.19402
0.194001
0.194048
0.193968
0.193996
0.193912
0.193972
0.193929
0.193982
0.193907
0.193969
0.193928
0.194
0.193911
0.193969
0.193837
0.193903
0.193893
0.193967
0.193942
0.194015
0.194057
0.194157
0.194223
0.19429
0.0203424
0.0164137
0.0123052
0.0348255
0.0817519
0.116181
0.137262
0.150507
0.159683
0.166283
0.171034
0.174268
0.176372
0.177647
0.178399
0.178815
0.179046
0.17916
0.179224
0.179252
0.17927
0.179279
0.179285
0.179287
0.17929
0.179288
0.179289
0.179287
0.179292
0.179289
0.179293
0.179281
0.179286
0.179269
0.179269
0.179233
0.179238
0.179201
0.179198
0.179137
0.179145
0.179086
0.179088
0.179018
0.179041
0.17899
0.179008
0.178925
0.178954
0.178897
0.17897
0.17895
0.178997
0.178916
0.178945
0.17886
0.17892
0.178877
0.178931
0.178854
0.178916
0.178874
0.178947
0.178857
0.178916
0.178783
0.17885
0.178838
0.178911
0.178884
0.178956
0.178995
0.179092
0.179154
0.179219
0.0187503
0.0142295
0.0104701
0.0346945
0.0786964
0.109534
0.128021
0.13951
0.147429
0.153079
0.157109
0.159819
0.161567
0.162614
0.16323
0.163567
0.163756
0.163846
0.163898
0.16392
0.163935
0.163943
0.163948
0.163949
0.163952
0.16395
0.163951
0.163949
0.163954
0.163951
0.163956
0.163943
0.163948
0.163932
0.163932
0.163896
0.163902
0.163866
0.163864
0.163804
0.163813
0.163755
0.163758
0.163689
0.163713
0.163663
0.163683
0.1636
0.16363
0.163573
0.163646
0.163624
0.163671
0.16359
0.163619
0.163535
0.163595
0.163552
0.163605
0.163528
0.16359
0.163548
0.16362
0.16353
0.16359
0.163456
0.163524
0.16351
0.163582
0.163552
0.163623
0.163659
0.163752
0.16381
0.163872
0.0168078
0.0118756
0.00870969
0.0338057
0.0744756
0.101815
0.117891
0.127778
0.134563
0.139368
0.142766
0.145027
0.146474
0.147332
0.147836
0.148109
0.148262
0.148334
0.148377
0.148394
0.148406
0.148413
0.148418
0.148419
0.148422
0.14842
0.14842
0.148419
0.148423
0.148421
0.148425
0.148413
0.148418
0.148402
0.148402
0.148368
0.148373
0.148338
0.148337
0.148279
0.148289
0.148233
0.148237
0.14817
0.148194
0.148145
0.148165
0.148085
0.148114
0.148058
0.14813
0.148108
0.148153
0.148074
0.148103
0.14802
0.148079
0.148036
0.148088
0.148013
0.148073
0.148031
0.148103
0.148013
0.148072
0.147941
0.148008
0.147993
0.148062
0.148031
0.1481
0.148132
0.148221
0.148274
0.148333
0.014551
0.00947409
0.0070619
0.0321918
0.0692482
0.0932152
0.107056
0.115484
0.121243
0.125292
0.128136
0.13001
0.131201
0.131901
0.132311
0.132532
0.132657
0.132714
0.132748
0.132762
0.132772
0.132778
0.132782
0.132783
0.132786
0.132784
0.132785
0.132783
0.132787
0.132785
0.132789
0.132777
0.132782
0.132767
0.132767
0.132734
0.13274
0.132706
0.132706
0.13265
0.13266
0.132606
0.132611
0.132547
0.132571
0.132524
0.132544
0.132466
0.132495
0.132441
0.13251
0.132488
0.132532
0.132454
0.132483
0.132402
0.13246
0.132418
0.132469
0.132395
0.132454
0.132412
0.132482
0.132395
0.132452
0.132325
0.13239
0.132374
0.13244
0.132408
0.132474
0.132503
0.132587
0.132636
0.132691
0.0120633
0.00717483
0.00558203
0.0299105
0.0631744
0.0839188
0.0956926
0.102791
0.10762
0.110993
0.113348
0.114885
0.115857
0.116424
0.116756
0.116933
0.117034
0.117079
0.117108
0.117118
0.117127
0.117132
0.117136
0.117136
0.117138
0.117137
0.117137
0.117136
0.11714
0.117138
0.117141
0.11713
0.117135
0.11712
0.117121
0.117089
0.117096
0.117064
0.117063
0.117011
0.117021
0.11697
0.116975
0.116914
0.116938
0.116893
0.116913
0.116839
0.116867
0.116815
0.11688
0.116859
0.116901
0.116826
0.116854
0.116777
0.116833
0.116792
0.11684
0.116769
0.116825
0.116786
0.116852
0.116768
0.116824
0.116701
0.116763
0.116747
0.116809
0.116778
0.11684
0.116866
0.116944
0.116988
0.11704
0.00947675
0.00514208
0.00434273
0.0270406
0.056413
0.0740994
0.0839666
0.0898543
0.0938414
0.0966086
0.0985293
0.0997733
0.100557
0.10101
0.101276
0.101417
0.101498
0.101533
0.101556
0.101564
0.101572
0.101577
0.10158
0.10158
0.101582
0.10158
0.101581
0.10158
0.101583
0.101581
0.101585
0.101574
0.101579
0.101565
0.101566
0.101536
0.101542
0.101513
0.101513
0.101463
0.101474
0.101426
0.101432
0.101375
0.101397
0.101356
0.101375
0.101305
0.101331
0.101282
0.101344
0.101324
0.101362
0.101292
0.101318
0.101246
0.101298
0.10126
0.101305
0.101238
0.10129
0.101253
0.101315
0.101237
0.101289
0.101173
0.101231
0.101215
0.101273
0.101243
0.1013
0.101323
0.101395
0.101435
0.101483
0.00696468
0.00352792
0.00340807
0.0236799
0.0491204
0.0639236
0.0720389
0.0768277
0.0800539
0.0822778
0.0838138
0.0848011
0.0854213
0.0857776
0.0859873
0.0860978
0.0861619
0.0861885
0.0862071
0.086213
0.0862198
0.0862235
0.0862262
0.0862264
0.0862283
0.0862268
0.0862274
0.086226
0.0862296
0.0862276
0.0862308
0.0862213
0.0862252
0.0862126
0.0862134
0.0861862
0.086192
0.0861649
0.0861653
0.0861201
0.0861297
0.0860865
0.086092
0.0860399
0.0860606
0.0860228
0.086041
0.0859766
0.0860009
0.0859557
0.0860122
0.0859933
0.0860286
0.0859639
0.0859876
0.085921
0.0859694
0.0859342
0.0859755
0.0859139
0.0859615
0.0859274
0.0859848
0.0859119
0.0859603
0.0858528
0.0859064
0.0858907
0.0859437
0.0859153
0.0859675
0.0859874
0.0860526
0.0860877
0.0861311
0.00472267
0.00242231
0.00278864
0.0199467
0.0414517
0.0535533
0.060067
0.0638637
0.0664052
0.0681442
0.0693393
0.0701019
0.0705802
0.0708531
0.0710145
0.0710989
0.0711487
0.0711684
0.0711831
0.0711874
0.0711931
0.0711962
0.0711985
0.0711986
0.0712003
0.0711989
0.0711995
0.0711982
0.0712014
0.0711996
0.0712025
0.071194
0.0711974
0.0711862
0.0711868
0.0711626
0.0711679
0.0711438
0.0711443
0.071104
0.0711128
0.0710744
0.0710795
0.0710331
0.0710517
0.0710182
0.0710348
0.070977
0.0709987
0.0709582
0.0710087
0.0709917
0.0710231
0.0709649
0.070986
0.0709263
0.0709697
0.0709382
0.0709751
0.0709197
0.070962
0.0709317
0.0709832
0.0709176
0.0709609
0.0708642
0.0709119
0.0708974
0.0709446
0.0709187
0.0709652
0.0709821
0.0710396
0.07107
0.0711084
0.00293331
0.00179629
0.0024165
0.0159846
0.0335637
0.0431498
0.0482098
0.0511178
0.0530485
0.0543579
0.0552531
0.0558199
0.0561752
0.0563764
0.0564964
0.0565585
0.0565959
0.0566099
0.0566213
0.0566243
0.0566289
0.0566314
0.0566334
0.0566334
0.0566348
0.0566336
0.0566341
0.056633
0.0566358
0.0566343
0.0566367
0.0566293
0.0566323
0.0566225
0.0566231
0.0566022
0.0566068
0.0565861
0.0565866
0.0565519
0.0565596
0.0565267
0.0565313
0.0564912
0.0565074
0.0564787
0.0564932
0.0564432
0.0564619
0.0564269
0.0564704
0.0564558
0.0564827
0.0564322
0.0564502
0.0563987
0.0564361
0.056409
0.0564407
0.0563928
0.0564289
0.0564031
0.0564476
0.0563908
0.056428
0.0563441
0.0563849
0.0563722
0.0564128
0.0563902
0.0564301
0.0564443
0.0564931
0.0565189
0.0565518
0.00170809
0.00150353
0.00217115
0.0119705
0.0256257
0.0328823
0.0366349
0.0387561
0.040149
0.0410832
0.0417176
0.0421159
0.0423654
0.0425057
0.0425901
0.0426334
0.04266
0.0426695
0.0426778
0.0426797
0.0426834
0.0426853
0.0426869
0.0426868
0.042688
0.042687
0.0426874
0.0426866
0.0426888
0.0426876
0.0426895
0.0426835
0.0426858
0.0426779
0.0426782
0.0426612
0.0426649
0.0426481
0.0426484
0.0426201
0.0426263
0.0425996
0.0426033
0.0425707
0.0425838
0.0425606
0.0425726
0.0425315
0.0425466
0.042518
0.0425535
0.0425417
0.0425635
0.042522
0.0425365
0.0424943
0.0425248
0.0425028
0.0425286
0.0424894
0.0425186
0.0424978
0.0425342
0.0424876
0.0425179
0.0424488
0.0424819
0.0424714
0.0425046
0.042486
0.0425186
0.0425299
0.0425695
0.0425903
0.0426172
0.00102136
0.00136011
0.00193142
0.00812553
0.0178426
0.0229502
0.0255392
0.0269744
0.0279024
0.0285156
0.0289282
0.0291844
0.0293449
0.0294343
0.0294887
0.0295163
0.0295338
0.0295396
0.0295451
0.0295463
0.029549
0.0295503
0.0295515
0.0295514
0.0295523
0.0295516
0.0295519
0.0295512
0.0295529
0.029552
0.0295535
0.0295489
0.0295506
0.0295446
0.0295448
0.029532
0.0295347
0.0295221
0.0295223
0.029501
0.0295055
0.0294855
0.0294883
0.0294637
0.0294734
0.0294562
0.0294652
0.0294342
0.0294453
0.0294239
0.0294505
0.0294418
0.029458
0.0294267
0.0294373
0.0294055
0.0294283
0.029412
0.0294312
0.0294017
0.0294234
0.029408
0.0294354
0.0294003
0.0294229
0.0293706
0.029395
0.0293872
0.0294122
0.0293983
0.0294228
0.0294312
0.0294609
0.0294765
0.0294969
0.000713447
0.00121634
0.00160943
0.00472868
0.0105214
0.0136462
0.0152096
0.0160575
0.0165941
0.0169414
0.0171717
0.0173126
0.0174006
0.017449
0.0174789
0.017494
0.0175037
0.0175067
0.0175099
0.0175106
0.0175122
0.017513
0.0175138
0.0175137
0.0175143
0.0175138
0.017514
0.0175136
0.0175146
0.0175141
0.017515
0.0175121
0.0175131
0.0175092
0.0175093
0.017501
0.0175027
0.0174946
0.0174946
0.0174808
0.0174836
0.0174707
0.0174724
0.0174565
0.0174626
0.0174517
0.0174574
0.0174373
0.0174442
0.0174305
0.0174475
0.0174422
0.0174525
0.0174322
0.0174388
0.0174183
0.0174328
0.0174224
0.0174347
0.0174158
0.0174295
0.0174198
0.0174374
0.0174149
0.0174291
0.0173953
0.0174106
0.0174057
0.0174218
0.017413
0.0174287
0.0174342
0.0174533
0.0174636
0.0174769
0.000607564
0.000975956
0.00116253
0.00211684
0.0042859
0.00559882
0.00626784
0.00662499
0.006845
0.00698373
0.00707357
0.00712738
0.00716066
0.00717874
0.00718998
0.00719558
0.00719934
0.00720039
0.00720165
0.00720189
0.00720257
0.00720292
0.00720326
0.00720323
0.00720348
0.00720327
0.00720336
0.00720316
0.00720362
0.00720341
0.00720379
0.00720252
0.00720292
0.00720124
0.0072012
0.00719758
0.00719819
0.00719467
0.00719458
0.00718854
0.00718958
0.00718401
0.00718457
0.00717766
0.00718014
0.00717544
0.00717784
0.00716909
0.00717185
0.0071659
0.00717321
0.00717107
0.00717552
0.00716672
0.00716931
0.00716042
0.00716653
0.00716216
0.00716743
0.00715924
0.007165
0.00716096
0.00716857
0.00715886
0.00716482
0.0071501
0.00715634
0.00715435
0.0071614
0.00715775
0.00716452
0.00716709
0.00717549
0.00718018
0.00718617
0.000506495
0.00049208
0.000483838
0.000530167
0.000634138
0.000709862
0.000750987
0.000774544
0.000790011
0.000800605
0.000807766
0.000812301
0.000815085
0.000816662
0.00081758
0.000818067
0.000818352
0.000818458
0.000818539
0.000818562
0.0008186
0.000818626
0.000818644
0.000818646
0.000818657
0.000818648
0.000818648
0.00081864
0.000818661
0.000818655
0.000818672
0.000818606
0.000818617
0.000818533
0.00081852
0.000818325
0.000818333
0.000818152
0.000818126
0.000817799
0.00081782
0.000817535
0.000817525
0.000817145
0.000817225
0.000817002
0.000817118
0.000816675
0.00081678
0.000816471
0.000816831
0.000816786
0.000817022
0.000816582
0.000816665
0.000816186
0.000816463
0.000816284
0.000816542
0.000816142
0.000816396
0.00081623
0.000816631
0.000816173
0.00081647
0.000815714
0.000815974
0.000815913
0.000816283
0.000816147
0.000816529
0.000816746
0.000817237
0.000817545
0.000817911
)
;

boundaryField
{
    lowerWall
    {
        type            nutkWallFunction;
        Cmu             0.09;
        kappa           0.41;
        E               9.8;
        value           nonuniform List<scalar> 
75
(
6.13088e-05
5.95709e-05
5.87986e-05
6.51132e-05
7.76656e-05
8.64e-05
9.10476e-05
9.36683e-05
9.53558e-05
9.64903e-05
9.72408e-05
9.7715e-05
9.79987e-05
9.81628e-05
9.82533e-05
9.8304e-05
9.83312e-05
9.8345e-05
9.83523e-05
9.83555e-05
9.83581e-05
9.83611e-05
9.83622e-05
9.83635e-05
9.83642e-05
9.83642e-05
9.83634e-05
9.83632e-05
9.83635e-05
9.83625e-05
9.83623e-05
9.83591e-05
9.83551e-05
9.83476e-05
9.8341e-05
9.83304e-05
9.83199e-05
9.83047e-05
9.82921e-05
9.8273e-05
9.82566e-05
9.82411e-05
9.82241e-05
9.82027e-05
9.81805e-05
9.81659e-05
9.81576e-05
9.81506e-05
9.81422e-05
9.81275e-05
9.81262e-05
9.81357e-05
9.81398e-05
9.81342e-05
9.81192e-05
9.80951e-05
9.80834e-05
9.80901e-05
9.80795e-05
9.80873e-05
9.80699e-05
9.80727e-05
9.80715e-05
9.80809e-05
9.8065e-05
9.806e-05
9.8046e-05
9.80455e-05
9.80386e-05
9.80485e-05
9.80736e-05
9.81186e-05
9.81659e-05
9.82016e-05
9.82379e-05
)
;
    }
    upperWall
    {
        type            nutkWallFunction;
        Cmu             0.09;
        kappa           0.41;
        E               9.8;
        value           nonuniform List<scalar> 
75
(
6.13496e-05
5.96044e-05
5.88935e-05
6.55854e-05
7.81955e-05
8.66421e-05
9.11201e-05
9.36662e-05
9.53256e-05
9.64476e-05
9.71939e-05
9.76585e-05
9.79406e-05
9.80976e-05
9.81893e-05
9.82372e-05
9.82657e-05
9.82752e-05
9.82834e-05
9.82854e-05
9.82897e-05
9.82925e-05
9.82945e-05
9.82944e-05
9.82958e-05
9.82948e-05
9.82949e-05
9.8294e-05
9.82964e-05
9.82956e-05
9.82977e-05
9.82896e-05
9.82912e-05
9.8281e-05
9.82797e-05
9.82562e-05
9.82579e-05
9.8236e-05
9.82335e-05
9.81941e-05
9.8198e-05
9.81636e-05
9.81635e-05
9.81176e-05
9.81289e-05
9.81019e-05
9.8117e-05
9.8063e-05
9.80774e-05
9.80398e-05
9.80849e-05
9.80784e-05
9.8107e-05
9.80526e-05
9.80643e-05
9.80059e-05
9.80414e-05
9.80191e-05
9.8051e-05
9.80016e-05
9.80338e-05
9.80131e-05
9.80624e-05
9.80055e-05
9.80432e-05
9.79503e-05
9.79848e-05
9.79767e-05
9.8022e-05
9.80045e-05
9.80519e-05
9.8077e-05
9.81357e-05
9.8171e-05
9.82143e-05
)
;
    }
    inlet
    {
        type            calculated;
        value           uniform 0.0245118;
    }
    outlet
    {
        type            calculated;
        value           nonuniform List<scalar> 
60
(
0.000818167
0.00719512
0.0175099
0.0295691
0.0427444
0.0567506
0.0713953
0.0865217
0.101991
0.117679
0.13347
0.149259
0.16495
0.180452
0.195678
0.210548
0.224984
0.238912
0.252271
0.265014
0.277117
0.288595
0.29951
0.309984
0.320189
0.330306
0.3404
0.350183
0.358675
0.363991
0.363744
0.357949
0.349016
0.338855
0.328466
0.318146
0.307823
0.297302
0.286396
0.274971
0.262953
0.250319
0.237086
0.223296
0.209008
0.19429
0.179219
0.163872
0.148333
0.132691
0.11704
0.101483
0.0861311
0.0711084
0.0565518
0.0426172
0.0294969
0.0174769
0.00718617
0.000817911
)
;
    }
    frontAndBack
    {
        type            empty;
    }
}


// ************************************************************************* //
