/*--------------------------------*- C++ -*----------------------------------*\
  =========                 |
  \\      /  F ield         | OpenFOAM: The Open Source CFD Toolbox
   \\    /   O peration     | Website:  https://openfoam.org
    \\  /    A nd           | Version:  7
     \\/     M anipulation  |
\*---------------------------------------------------------------------------*/
FoamFile
{
    version     2.0;
    format      ascii;
    class       vectorField;
    location    "constant/polyMesh";
    object      points;
}
// * * * * * * * * * * * * * * * * * * * * * * * * * * * * * * * * * * * * * //


1922
(
(0 0 0)
(0.035 0 0)
(0.07 0 0)
(0.105 0 0)
(0.14 0 0)
(0.175 0 0)
(0.21 0 0)
(0.245 0 0)
(0.28 0 0)
(0.315 0 0)
(0.35 0 0)
(0.385 0 0)
(0.42 0 0)
(0.455 0 0)
(0.49 0 0)
(0.525 0 0)
(0.56 0 0)
(0.595 0 0)
(0.63 0 0)
(0.665 0 0)
(0.7 0 0)
(0.735 0 0)
(0.77 0 0)
(0.805 0 0)
(0.84 0 0)
(0.875 0 0)
(0.91 0 0)
(0.945 0 0)
(0.98 0 0)
(1.015 0 0)
(1.05 0 0)
(0 0.035 0)
(0.035 0.035 0)
(0.07 0.035 0)
(0.105 0.035 0)
(0.14 0.035 0)
(0.175 0.035 0)
(0.21 0.035 0)
(0.245 0.035 0)
(0.28 0.035 0)
(0.315 0.035 0)
(0.35 0.035 0)
(0.385 0.035 0)
(0.42 0.035 0)
(0.455 0.035 0)
(0.49 0.035 0)
(0.525 0.035 0)
(0.56 0.035 0)
(0.595 0.035 0)
(0.63 0.035 0)
(0.665 0.035 0)
(0.7 0.035 0)
(0.735 0.035 0)
(0.77 0.035 0)
(0.805 0.035 0)
(0.84 0.035 0)
(0.875 0.035 0)
(0.91 0.035 0)
(0.945 0.035 0)
(0.98 0.035 0)
(1.015 0.035 0)
(1.05 0.035 0)
(0 0.07 0)
(0.035 0.07 0)
(0.07 0.07 0)
(0.105 0.07 0)
(0.14 0.07 0)
(0.175 0.07 0)
(0.21 0.07 0)
(0.245 0.07 0)
(0.28 0.07 0)
(0.315 0.07 0)
(0.35 0.07 0)
(0.385 0.07 0)
(0.42 0.07 0)
(0.455 0.07 0)
(0.49 0.07 0)
(0.525 0.07 0)
(0.56 0.07 0)
(0.595 0.07 0)
(0.63 0.07 0)
(0.665 0.07 0)
(0.7 0.07 0)
(0.735 0.07 0)
(0.77 0.07 0)
(0.805 0.07 0)
(0.84 0.07 0)
(0.875 0.07 0)
(0.91 0.07 0)
(0.945 0.07 0)
(0.98 0.07 0)
(1.015 0.07 0)
(1.05 0.07 0)
(0 0.105 0)
(0.035 0.105 0)
(0.07 0.105 0)
(0.105 0.105 0)
(0.14 0.105 0)
(0.175 0.105 0)
(0.21 0.105 0)
(0.245 0.105 0)
(0.28 0.105 0)
(0.315 0.105 0)
(0.35 0.105 0)
(0.385 0.105 0)
(0.42 0.105 0)
(0.455 0.105 0)
(0.49 0.105 0)
(0.525 0.105 0)
(0.56 0.105 0)
(0.595 0.105 0)
(0.63 0.105 0)
(0.665 0.105 0)
(0.7 0.105 0)
(0.735 0.105 0)
(0.77 0.105 0)
(0.805 0.105 0)
(0.84 0.105 0)
(0.875 0.105 0)
(0.91 0.105 0)
(0.945 0.105 0)
(0.98 0.105 0)
(1.015 0.105 0)
(1.05 0.105 0)
(0 0.14 0)
(0.035 0.14 0)
(0.07 0.14 0)
(0.105 0.14 0)
(0.14 0.14 0)
(0.175 0.14 0)
(0.21 0.14 0)
(0.245 0.14 0)
(0.28 0.14 0)
(0.315 0.14 0)
(0.35 0.14 0)
(0.385 0.14 0)
(0.42 0.14 0)
(0.455 0.14 0)
(0.49 0.14 0)
(0.525 0.14 0)
(0.56 0.14 0)
(0.595 0.14 0)
(0.63 0.14 0)
(0.665 0.14 0)
(0.7 0.14 0)
(0.735 0.14 0)
(0.77 0.14 0)
(0.805 0.14 0)
(0.84 0.14 0)
(0.875 0.14 0)
(0.91 0.14 0)
(0.945 0.14 0)
(0.98 0.14 0)
(1.015 0.14 0)
(1.05 0.14 0)
(0 0.175 0)
(0.035 0.175 0)
(0.07 0.175 0)
(0.105 0.175 0)
(0.14 0.175 0)
(0.175 0.175 0)
(0.21 0.175 0)
(0.245 0.175 0)
(0.28 0.175 0)
(0.315 0.175 0)
(0.35 0.175 0)
(0.385 0.175 0)
(0.42 0.175 0)
(0.455 0.175 0)
(0.49 0.175 0)
(0.525 0.175 0)
(0.56 0.175 0)
(0.595 0.175 0)
(0.63 0.175 0)
(0.665 0.175 0)
(0.7 0.175 0)
(0.735 0.175 0)
(0.77 0.175 0)
(0.805 0.175 0)
(0.84 0.175 0)
(0.875 0.175 0)
(0.91 0.175 0)
(0.945 0.175 0)
(0.98 0.175 0)
(1.015 0.175 0)
(1.05 0.175 0)
(0 0.21 0)
(0.035 0.21 0)
(0.07 0.21 0)
(0.105 0.21 0)
(0.14 0.21 0)
(0.175 0.21 0)
(0.21 0.21 0)
(0.245 0.21 0)
(0.28 0.21 0)
(0.315 0.21 0)
(0.35 0.21 0)
(0.385 0.21 0)
(0.42 0.21 0)
(0.455 0.21 0)
(0.49 0.21 0)
(0.525 0.21 0)
(0.56 0.21 0)
(0.595 0.21 0)
(0.63 0.21 0)
(0.665 0.21 0)
(0.7 0.21 0)
(0.735 0.21 0)
(0.77 0.21 0)
(0.805 0.21 0)
(0.84 0.21 0)
(0.875 0.21 0)
(0.91 0.21 0)
(0.945 0.21 0)
(0.98 0.21 0)
(1.015 0.21 0)
(1.05 0.21 0)
(0 0.245 0)
(0.035 0.245 0)
(0.07 0.245 0)
(0.105 0.245 0)
(0.14 0.245 0)
(0.175 0.245 0)
(0.21 0.245 0)
(0.245 0.245 0)
(0.28 0.245 0)
(0.315 0.245 0)
(0.35 0.245 0)
(0.385 0.245 0)
(0.42 0.245 0)
(0.455 0.245 0)
(0.49 0.245 0)
(0.525 0.245 0)
(0.56 0.245 0)
(0.595 0.245 0)
(0.63 0.245 0)
(0.665 0.245 0)
(0.7 0.245 0)
(0.735 0.245 0)
(0.77 0.245 0)
(0.805 0.245 0)
(0.84 0.245 0)
(0.875 0.245 0)
(0.91 0.245 0)
(0.945 0.245 0)
(0.98 0.245 0)
(1.015 0.245 0)
(1.05 0.245 0)
(0 0.28 0)
(0.035 0.28 0)
(0.07 0.28 0)
(0.105 0.28 0)
(0.14 0.28 0)
(0.175 0.28 0)
(0.21 0.28 0)
(0.245 0.28 0)
(0.28 0.28 0)
(0.315 0.28 0)
(0.35 0.28 0)
(0.385 0.28 0)
(0.42 0.28 0)
(0.455 0.28 0)
(0.49 0.28 0)
(0.525 0.28 0)
(0.56 0.28 0)
(0.595 0.28 0)
(0.63 0.28 0)
(0.665 0.28 0)
(0.7 0.28 0)
(0.735 0.28 0)
(0.77 0.28 0)
(0.805 0.28 0)
(0.84 0.28 0)
(0.875 0.28 0)
(0.91 0.28 0)
(0.945 0.28 0)
(0.98 0.28 0)
(1.015 0.28 0)
(1.05 0.28 0)
(0 0.315 0)
(0.035 0.315 0)
(0.07 0.315 0)
(0.105 0.315 0)
(0.14 0.315 0)
(0.175 0.315 0)
(0.21 0.315 0)
(0.245 0.315 0)
(0.28 0.315 0)
(0.315 0.315 0)
(0.35 0.315 0)
(0.385 0.315 0)
(0.42 0.315 0)
(0.455 0.315 0)
(0.49 0.315 0)
(0.525 0.315 0)
(0.56 0.315 0)
(0.595 0.315 0)
(0.63 0.315 0)
(0.665 0.315 0)
(0.7 0.315 0)
(0.735 0.315 0)
(0.77 0.315 0)
(0.805 0.315 0)
(0.84 0.315 0)
(0.875 0.315 0)
(0.91 0.315 0)
(0.945 0.315 0)
(0.98 0.315 0)
(1.015 0.315 0)
(1.05 0.315 0)
(0 0.35 0)
(0.035 0.35 0)
(0.07 0.35 0)
(0.105 0.35 0)
(0.14 0.35 0)
(0.175 0.35 0)
(0.21 0.35 0)
(0.245 0.35 0)
(0.28 0.35 0)
(0.315 0.35 0)
(0.35 0.35 0)
(0.385 0.35 0)
(0.42 0.35 0)
(0.455 0.35 0)
(0.49 0.35 0)
(0.525 0.35 0)
(0.56 0.35 0)
(0.595 0.35 0)
(0.63 0.35 0)
(0.665 0.35 0)
(0.7 0.35 0)
(0.735 0.35 0)
(0.77 0.35 0)
(0.805 0.35 0)
(0.84 0.35 0)
(0.875 0.35 0)
(0.91 0.35 0)
(0.945 0.35 0)
(0.98 0.35 0)
(1.015 0.35 0)
(1.05 0.35 0)
(0 0.385 0)
(0.035 0.385 0)
(0.07 0.385 0)
(0.105 0.385 0)
(0.14 0.385 0)
(0.175 0.385 0)
(0.21 0.385 0)
(0.245 0.385 0)
(0.28 0.385 0)
(0.315 0.385 0)
(0.35 0.385 0)
(0.385 0.385 0)
(0.42 0.385 0)
(0.455 0.385 0)
(0.49 0.385 0)
(0.525 0.385 0)
(0.56 0.385 0)
(0.595 0.385 0)
(0.63 0.385 0)
(0.665 0.385 0)
(0.7 0.385 0)
(0.735 0.385 0)
(0.77 0.385 0)
(0.805 0.385 0)
(0.84 0.385 0)
(0.875 0.385 0)
(0.91 0.385 0)
(0.945 0.385 0)
(0.98 0.385 0)
(1.015 0.385 0)
(1.05 0.385 0)
(0 0.42 0)
(0.035 0.42 0)
(0.07 0.42 0)
(0.105 0.42 0)
(0.14 0.42 0)
(0.175 0.42 0)
(0.21 0.42 0)
(0.245 0.42 0)
(0.28 0.42 0)
(0.315 0.42 0)
(0.35 0.42 0)
(0.385 0.42 0)
(0.42 0.42 0)
(0.455 0.42 0)
(0.49 0.42 0)
(0.525 0.42 0)
(0.56 0.42 0)
(0.595 0.42 0)
(0.63 0.42 0)
(0.665 0.42 0)
(0.7 0.42 0)
(0.735 0.42 0)
(0.77 0.42 0)
(0.805 0.42 0)
(0.84 0.42 0)
(0.875 0.42 0)
(0.91 0.42 0)
(0.945 0.42 0)
(0.98 0.42 0)
(1.015 0.42 0)
(1.05 0.42 0)
(0 0.455 0)
(0.035 0.455 0)
(0.07 0.455 0)
(0.105 0.455 0)
(0.14 0.455 0)
(0.175 0.455 0)
(0.21 0.455 0)
(0.245 0.455 0)
(0.28 0.455 0)
(0.315 0.455 0)
(0.35 0.455 0)
(0.385 0.455 0)
(0.42 0.455 0)
(0.455 0.455 0)
(0.49 0.455 0)
(0.525 0.455 0)
(0.56 0.455 0)
(0.595 0.455 0)
(0.63 0.455 0)
(0.665 0.455 0)
(0.7 0.455 0)
(0.735 0.455 0)
(0.77 0.455 0)
(0.805 0.455 0)
(0.84 0.455 0)
(0.875 0.455 0)
(0.91 0.455 0)
(0.945 0.455 0)
(0.98 0.455 0)
(1.015 0.455 0)
(1.05 0.455 0)
(0 0.49 0)
(0.035 0.49 0)
(0.07 0.49 0)
(0.105 0.49 0)
(0.14 0.49 0)
(0.175 0.49 0)
(0.21 0.49 0)
(0.245 0.49 0)
(0.28 0.49 0)
(0.315 0.49 0)
(0.35 0.49 0)
(0.385 0.49 0)
(0.42 0.49 0)
(0.455 0.49 0)
(0.49 0.49 0)
(0.525 0.49 0)
(0.56 0.49 0)
(0.595 0.49 0)
(0.63 0.49 0)
(0.665 0.49 0)
(0.7 0.49 0)
(0.735 0.49 0)
(0.77 0.49 0)
(0.805 0.49 0)
(0.84 0.49 0)
(0.875 0.49 0)
(0.91 0.49 0)
(0.945 0.49 0)
(0.98 0.49 0)
(1.015 0.49 0)
(1.05 0.49 0)
(0 0.525 0)
(0.035 0.525 0)
(0.07 0.525 0)
(0.105 0.525 0)
(0.14 0.525 0)
(0.175 0.525 0)
(0.21 0.525 0)
(0.245 0.525 0)
(0.28 0.525 0)
(0.315 0.525 0)
(0.35 0.525 0)
(0.385 0.525 0)
(0.42 0.525 0)
(0.455 0.525 0)
(0.49 0.525 0)
(0.525 0.525 0)
(0.56 0.525 0)
(0.595 0.525 0)
(0.63 0.525 0)
(0.665 0.525 0)
(0.7 0.525 0)
(0.735 0.525 0)
(0.77 0.525 0)
(0.805 0.525 0)
(0.84 0.525 0)
(0.875 0.525 0)
(0.91 0.525 0)
(0.945 0.525 0)
(0.98 0.525 0)
(1.015 0.525 0)
(1.05 0.525 0)
(0 0.56 0)
(0.035 0.56 0)
(0.07 0.56 0)
(0.105 0.56 0)
(0.14 0.56 0)
(0.175 0.56 0)
(0.21 0.56 0)
(0.245 0.56 0)
(0.28 0.56 0)
(0.315 0.56 0)
(0.35 0.56 0)
(0.385 0.56 0)
(0.42 0.56 0)
(0.455 0.56 0)
(0.49 0.56 0)
(0.525 0.56 0)
(0.56 0.56 0)
(0.595 0.56 0)
(0.63 0.56 0)
(0.665 0.56 0)
(0.7 0.56 0)
(0.735 0.56 0)
(0.77 0.56 0)
(0.805 0.56 0)
(0.84 0.56 0)
(0.875 0.56 0)
(0.91 0.56 0)
(0.945 0.56 0)
(0.98 0.56 0)
(1.015 0.56 0)
(1.05 0.56 0)
(0 0.595 0)
(0.035 0.595 0)
(0.07 0.595 0)
(0.105 0.595 0)
(0.14 0.595 0)
(0.175 0.595 0)
(0.21 0.595 0)
(0.245 0.595 0)
(0.28 0.595 0)
(0.315 0.595 0)
(0.35 0.595 0)
(0.385 0.595 0)
(0.42 0.595 0)
(0.455 0.595 0)
(0.49 0.595 0)
(0.525 0.595 0)
(0.56 0.595 0)
(0.595 0.595 0)
(0.63 0.595 0)
(0.665 0.595 0)
(0.7 0.595 0)
(0.735 0.595 0)
(0.77 0.595 0)
(0.805 0.595 0)
(0.84 0.595 0)
(0.875 0.595 0)
(0.91 0.595 0)
(0.945 0.595 0)
(0.98 0.595 0)
(1.015 0.595 0)
(1.05 0.595 0)
(0 0.63 0)
(0.035 0.63 0)
(0.07 0.63 0)
(0.105 0.63 0)
(0.14 0.63 0)
(0.175 0.63 0)
(0.21 0.63 0)
(0.245 0.63 0)
(0.28 0.63 0)
(0.315 0.63 0)
(0.35 0.63 0)
(0.385 0.63 0)
(0.42 0.63 0)
(0.455 0.63 0)
(0.49 0.63 0)
(0.525 0.63 0)
(0.56 0.63 0)
(0.595 0.63 0)
(0.63 0.63 0)
(0.665 0.63 0)
(0.7 0.63 0)
(0.735 0.63 0)
(0.77 0.63 0)
(0.805 0.63 0)
(0.84 0.63 0)
(0.875 0.63 0)
(0.91 0.63 0)
(0.945 0.63 0)
(0.98 0.63 0)
(1.015 0.63 0)
(1.05 0.63 0)
(0 0.665 0)
(0.035 0.665 0)
(0.07 0.665 0)
(0.105 0.665 0)
(0.14 0.665 0)
(0.175 0.665 0)
(0.21 0.665 0)
(0.245 0.665 0)
(0.28 0.665 0)
(0.315 0.665 0)
(0.35 0.665 0)
(0.385 0.665 0)
(0.42 0.665 0)
(0.455 0.665 0)
(0.49 0.665 0)
(0.525 0.665 0)
(0.56 0.665 0)
(0.595 0.665 0)
(0.63 0.665 0)
(0.665 0.665 0)
(0.7 0.665 0)
(0.735 0.665 0)
(0.77 0.665 0)
(0.805 0.665 0)
(0.84 0.665 0)
(0.875 0.665 0)
(0.91 0.665 0)
(0.945 0.665 0)
(0.98 0.665 0)
(1.015 0.665 0)
(1.05 0.665 0)
(0 0.7 0)
(0.035 0.7 0)
(0.07 0.7 0)
(0.105 0.7 0)
(0.14 0.7 0)
(0.175 0.7 0)
(0.21 0.7 0)
(0.245 0.7 0)
(0.28 0.7 0)
(0.315 0.7 0)
(0.35 0.7 0)
(0.385 0.7 0)
(0.42 0.7 0)
(0.455 0.7 0)
(0.49 0.7 0)
(0.525 0.7 0)
(0.56 0.7 0)
(0.595 0.7 0)
(0.63 0.7 0)
(0.665 0.7 0)
(0.7 0.7 0)
(0.735 0.7 0)
(0.77 0.7 0)
(0.805 0.7 0)
(0.84 0.7 0)
(0.875 0.7 0)
(0.91 0.7 0)
(0.945 0.7 0)
(0.98 0.7 0)
(1.015 0.7 0)
(1.05 0.7 0)
(0 0.735 0)
(0.035 0.735 0)
(0.07 0.735 0)
(0.105 0.735 0)
(0.14 0.735 0)
(0.175 0.735 0)
(0.21 0.735 0)
(0.245 0.735 0)
(0.28 0.735 0)
(0.315 0.735 0)
(0.35 0.735 0)
(0.385 0.735 0)
(0.42 0.735 0)
(0.455 0.735 0)
(0.49 0.735 0)
(0.525 0.735 0)
(0.56 0.735 0)
(0.595 0.735 0)
(0.63 0.735 0)
(0.665 0.735 0)
(0.7 0.735 0)
(0.735 0.735 0)
(0.77 0.735 0)
(0.805 0.735 0)
(0.84 0.735 0)
(0.875 0.735 0)
(0.91 0.735 0)
(0.945 0.735 0)
(0.98 0.735 0)
(1.015 0.735 0)
(1.05 0.735 0)
(0 0.77 0)
(0.035 0.77 0)
(0.07 0.77 0)
(0.105 0.77 0)
(0.14 0.77 0)
(0.175 0.77 0)
(0.21 0.77 0)
(0.245 0.77 0)
(0.28 0.77 0)
(0.315 0.77 0)
(0.35 0.77 0)
(0.385 0.77 0)
(0.42 0.77 0)
(0.455 0.77 0)
(0.49 0.77 0)
(0.525 0.77 0)
(0.56 0.77 0)
(0.595 0.77 0)
(0.63 0.77 0)
(0.665 0.77 0)
(0.7 0.77 0)
(0.735 0.77 0)
(0.77 0.77 0)
(0.805 0.77 0)
(0.84 0.77 0)
(0.875 0.77 0)
(0.91 0.77 0)
(0.945 0.77 0)
(0.98 0.77 0)
(1.015 0.77 0)
(1.05 0.77 0)
(0 0.805 0)
(0.035 0.805 0)
(0.07 0.805 0)
(0.105 0.805 0)
(0.14 0.805 0)
(0.175 0.805 0)
(0.21 0.805 0)
(0.245 0.805 0)
(0.28 0.805 0)
(0.315 0.805 0)
(0.35 0.805 0)
(0.385 0.805 0)
(0.42 0.805 0)
(0.455 0.805 0)
(0.49 0.805 0)
(0.525 0.805 0)
(0.56 0.805 0)
(0.595 0.805 0)
(0.63 0.805 0)
(0.665 0.805 0)
(0.7 0.805 0)
(0.735 0.805 0)
(0.77 0.805 0)
(0.805 0.805 0)
(0.84 0.805 0)
(0.875 0.805 0)
(0.91 0.805 0)
(0.945 0.805 0)
(0.98 0.805 0)
(1.015 0.805 0)
(1.05 0.805 0)
(0 0.84 0)
(0.035 0.84 0)
(0.07 0.84 0)
(0.105 0.84 0)
(0.14 0.84 0)
(0.175 0.84 0)
(0.21 0.84 0)
(0.245 0.84 0)
(0.28 0.84 0)
(0.315 0.84 0)
(0.35 0.84 0)
(0.385 0.84 0)
(0.42 0.84 0)
(0.455 0.84 0)
(0.49 0.84 0)
(0.525 0.84 0)
(0.56 0.84 0)
(0.595 0.84 0)
(0.63 0.84 0)
(0.665 0.84 0)
(0.7 0.84 0)
(0.735 0.84 0)
(0.77 0.84 0)
(0.805 0.84 0)
(0.84 0.84 0)
(0.875 0.84 0)
(0.91 0.84 0)
(0.945 0.84 0)
(0.98 0.84 0)
(1.015 0.84 0)
(1.05 0.84 0)
(0 0.875 0)
(0.035 0.875 0)
(0.07 0.875 0)
(0.105 0.875 0)
(0.14 0.875 0)
(0.175 0.875 0)
(0.21 0.875 0)
(0.245 0.875 0)
(0.28 0.875 0)
(0.315 0.875 0)
(0.35 0.875 0)
(0.385 0.875 0)
(0.42 0.875 0)
(0.455 0.875 0)
(0.49 0.875 0)
(0.525 0.875 0)
(0.56 0.875 0)
(0.595 0.875 0)
(0.63 0.875 0)
(0.665 0.875 0)
(0.7 0.875 0)
(0.735 0.875 0)
(0.77 0.875 0)
(0.805 0.875 0)
(0.84 0.875 0)
(0.875 0.875 0)
(0.91 0.875 0)
(0.945 0.875 0)
(0.98 0.875 0)
(1.015 0.875 0)
(1.05 0.875 0)
(0 0.91 0)
(0.035 0.91 0)
(0.07 0.91 0)
(0.105 0.91 0)
(0.14 0.91 0)
(0.175 0.91 0)
(0.21 0.91 0)
(0.245 0.91 0)
(0.28 0.91 0)
(0.315 0.91 0)
(0.35 0.91 0)
(0.385 0.91 0)
(0.42 0.91 0)
(0.455 0.91 0)
(0.49 0.91 0)
(0.525 0.91 0)
(0.56 0.91 0)
(0.595 0.91 0)
(0.63 0.91 0)
(0.665 0.91 0)
(0.7 0.91 0)
(0.735 0.91 0)
(0.77 0.91 0)
(0.805 0.91 0)
(0.84 0.91 0)
(0.875 0.91 0)
(0.91 0.91 0)
(0.945 0.91 0)
(0.98 0.91 0)
(1.015 0.91 0)
(1.05 0.91 0)
(0 0.945 0)
(0.035 0.945 0)
(0.07 0.945 0)
(0.105 0.945 0)
(0.14 0.945 0)
(0.175 0.945 0)
(0.21 0.945 0)
(0.245 0.945 0)
(0.28 0.945 0)
(0.315 0.945 0)
(0.35 0.945 0)
(0.385 0.945 0)
(0.42 0.945 0)
(0.455 0.945 0)
(0.49 0.945 0)
(0.525 0.945 0)
(0.56 0.945 0)
(0.595 0.945 0)
(0.63 0.945 0)
(0.665 0.945 0)
(0.7 0.945 0)
(0.735 0.945 0)
(0.77 0.945 0)
(0.805 0.945 0)
(0.84 0.945 0)
(0.875 0.945 0)
(0.91 0.945 0)
(0.945 0.945 0)
(0.98 0.945 0)
(1.015 0.945 0)
(1.05 0.945 0)
(0 0.98 0)
(0.035 0.98 0)
(0.07 0.98 0)
(0.105 0.98 0)
(0.14 0.98 0)
(0.175 0.98 0)
(0.21 0.98 0)
(0.245 0.98 0)
(0.28 0.98 0)
(0.315 0.98 0)
(0.35 0.98 0)
(0.385 0.98 0)
(0.42 0.98 0)
(0.455 0.98 0)
(0.49 0.98 0)
(0.525 0.98 0)
(0.56 0.98 0)
(0.595 0.98 0)
(0.63 0.98 0)
(0.665 0.98 0)
(0.7 0.98 0)
(0.735 0.98 0)
(0.77 0.98 0)
(0.805 0.98 0)
(0.84 0.98 0)
(0.875 0.98 0)
(0.91 0.98 0)
(0.945 0.98 0)
(0.98 0.98 0)
(1.015 0.98 0)
(1.05 0.98 0)
(0 1.015 0)
(0.035 1.015 0)
(0.07 1.015 0)
(0.105 1.015 0)
(0.14 1.015 0)
(0.175 1.015 0)
(0.21 1.015 0)
(0.245 1.015 0)
(0.28 1.015 0)
(0.315 1.015 0)
(0.35 1.015 0)
(0.385 1.015 0)
(0.42 1.015 0)
(0.455 1.015 0)
(0.49 1.015 0)
(0.525 1.015 0)
(0.56 1.015 0)
(0.595 1.015 0)
(0.63 1.015 0)
(0.665 1.015 0)
(0.7 1.015 0)
(0.735 1.015 0)
(0.77 1.015 0)
(0.805 1.015 0)
(0.84 1.015 0)
(0.875 1.015 0)
(0.91 1.015 0)
(0.945 1.015 0)
(0.98 1.015 0)
(1.015 1.015 0)
(1.05 1.015 0)
(0 1.05 0)
(0.035 1.05 0)
(0.07 1.05 0)
(0.105 1.05 0)
(0.14 1.05 0)
(0.175 1.05 0)
(0.21 1.05 0)
(0.245 1.05 0)
(0.28 1.05 0)
(0.315 1.05 0)
(0.35 1.05 0)
(0.385 1.05 0)
(0.42 1.05 0)
(0.455 1.05 0)
(0.49 1.05 0)
(0.525 1.05 0)
(0.56 1.05 0)
(0.595 1.05 0)
(0.63 1.05 0)
(0.665 1.05 0)
(0.7 1.05 0)
(0.735 1.05 0)
(0.77 1.05 0)
(0.805 1.05 0)
(0.84 1.05 0)
(0.875 1.05 0)
(0.91 1.05 0)
(0.945 1.05 0)
(0.98 1.05 0)
(1.015 1.05 0)
(1.05 1.05 0)
(0 0 0.1)
(0.035 0 0.1)
(0.07 0 0.1)
(0.105 0 0.1)
(0.14 0 0.1)
(0.175 0 0.1)
(0.21 0 0.1)
(0.245 0 0.1)
(0.28 0 0.1)
(0.315 0 0.1)
(0.35 0 0.1)
(0.385 0 0.1)
(0.42 0 0.1)
(0.455 0 0.1)
(0.49 0 0.1)
(0.525 0 0.1)
(0.56 0 0.1)
(0.595 0 0.1)
(0.63 0 0.1)
(0.665 0 0.1)
(0.7 0 0.1)
(0.735 0 0.1)
(0.77 0 0.1)
(0.805 0 0.1)
(0.84 0 0.1)
(0.875 0 0.1)
(0.91 0 0.1)
(0.945 0 0.1)
(0.98 0 0.1)
(1.015 0 0.1)
(1.05 0 0.1)
(0 0.035 0.1)
(0.035 0.035 0.1)
(0.07 0.035 0.1)
(0.105 0.035 0.1)
(0.14 0.035 0.1)
(0.175 0.035 0.1)
(0.21 0.035 0.1)
(0.245 0.035 0.1)
(0.28 0.035 0.1)
(0.315 0.035 0.1)
(0.35 0.035 0.1)
(0.385 0.035 0.1)
(0.42 0.035 0.1)
(0.455 0.035 0.1)
(0.49 0.035 0.1)
(0.525 0.035 0.1)
(0.56 0.035 0.1)
(0.595 0.035 0.1)
(0.63 0.035 0.1)
(0.665 0.035 0.1)
(0.7 0.035 0.1)
(0.735 0.035 0.1)
(0.77 0.035 0.1)
(0.805 0.035 0.1)
(0.84 0.035 0.1)
(0.875 0.035 0.1)
(0.91 0.035 0.1)
(0.945 0.035 0.1)
(0.98 0.035 0.1)
(1.015 0.035 0.1)
(1.05 0.035 0.1)
(0 0.07 0.1)
(0.035 0.07 0.1)
(0.07 0.07 0.1)
(0.105 0.07 0.1)
(0.14 0.07 0.1)
(0.175 0.07 0.1)
(0.21 0.07 0.1)
(0.245 0.07 0.1)
(0.28 0.07 0.1)
(0.315 0.07 0.1)
(0.35 0.07 0.1)
(0.385 0.07 0.1)
(0.42 0.07 0.1)
(0.455 0.07 0.1)
(0.49 0.07 0.1)
(0.525 0.07 0.1)
(0.56 0.07 0.1)
(0.595 0.07 0.1)
(0.63 0.07 0.1)
(0.665 0.07 0.1)
(0.7 0.07 0.1)
(0.735 0.07 0.1)
(0.77 0.07 0.1)
(0.805 0.07 0.1)
(0.84 0.07 0.1)
(0.875 0.07 0.1)
(0.91 0.07 0.1)
(0.945 0.07 0.1)
(0.98 0.07 0.1)
(1.015 0.07 0.1)
(1.05 0.07 0.1)
(0 0.105 0.1)
(0.035 0.105 0.1)
(0.07 0.105 0.1)
(0.105 0.105 0.1)
(0.14 0.105 0.1)
(0.175 0.105 0.1)
(0.21 0.105 0.1)
(0.245 0.105 0.1)
(0.28 0.105 0.1)
(0.315 0.105 0.1)
(0.35 0.105 0.1)
(0.385 0.105 0.1)
(0.42 0.105 0.1)
(0.455 0.105 0.1)
(0.49 0.105 0.1)
(0.525 0.105 0.1)
(0.56 0.105 0.1)
(0.595 0.105 0.1)
(0.63 0.105 0.1)
(0.665 0.105 0.1)
(0.7 0.105 0.1)
(0.735 0.105 0.1)
(0.77 0.105 0.1)
(0.805 0.105 0.1)
(0.84 0.105 0.1)
(0.875 0.105 0.1)
(0.91 0.105 0.1)
(0.945 0.105 0.1)
(0.98 0.105 0.1)
(1.015 0.105 0.1)
(1.05 0.105 0.1)
(0 0.14 0.1)
(0.035 0.14 0.1)
(0.07 0.14 0.1)
(0.105 0.14 0.1)
(0.14 0.14 0.1)
(0.175 0.14 0.1)
(0.21 0.14 0.1)
(0.245 0.14 0.1)
(0.28 0.14 0.1)
(0.315 0.14 0.1)
(0.35 0.14 0.1)
(0.385 0.14 0.1)
(0.42 0.14 0.1)
(0.455 0.14 0.1)
(0.49 0.14 0.1)
(0.525 0.14 0.1)
(0.56 0.14 0.1)
(0.595 0.14 0.1)
(0.63 0.14 0.1)
(0.665 0.14 0.1)
(0.7 0.14 0.1)
(0.735 0.14 0.1)
(0.77 0.14 0.1)
(0.805 0.14 0.1)
(0.84 0.14 0.1)
(0.875 0.14 0.1)
(0.91 0.14 0.1)
(0.945 0.14 0.1)
(0.98 0.14 0.1)
(1.015 0.14 0.1)
(1.05 0.14 0.1)
(0 0.175 0.1)
(0.035 0.175 0.1)
(0.07 0.175 0.1)
(0.105 0.175 0.1)
(0.14 0.175 0.1)
(0.175 0.175 0.1)
(0.21 0.175 0.1)
(0.245 0.175 0.1)
(0.28 0.175 0.1)
(0.315 0.175 0.1)
(0.35 0.175 0.1)
(0.385 0.175 0.1)
(0.42 0.175 0.1)
(0.455 0.175 0.1)
(0.49 0.175 0.1)
(0.525 0.175 0.1)
(0.56 0.175 0.1)
(0.595 0.175 0.1)
(0.63 0.175 0.1)
(0.665 0.175 0.1)
(0.7 0.175 0.1)
(0.735 0.175 0.1)
(0.77 0.175 0.1)
(0.805 0.175 0.1)
(0.84 0.175 0.1)
(0.875 0.175 0.1)
(0.91 0.175 0.1)
(0.945 0.175 0.1)
(0.98 0.175 0.1)
(1.015 0.175 0.1)
(1.05 0.175 0.1)
(0 0.21 0.1)
(0.035 0.21 0.1)
(0.07 0.21 0.1)
(0.105 0.21 0.1)
(0.14 0.21 0.1)
(0.175 0.21 0.1)
(0.21 0.21 0.1)
(0.245 0.21 0.1)
(0.28 0.21 0.1)
(0.315 0.21 0.1)
(0.35 0.21 0.1)
(0.385 0.21 0.1)
(0.42 0.21 0.1)
(0.455 0.21 0.1)
(0.49 0.21 0.1)
(0.525 0.21 0.1)
(0.56 0.21 0.1)
(0.595 0.21 0.1)
(0.63 0.21 0.1)
(0.665 0.21 0.1)
(0.7 0.21 0.1)
(0.735 0.21 0.1)
(0.77 0.21 0.1)
(0.805 0.21 0.1)
(0.84 0.21 0.1)
(0.875 0.21 0.1)
(0.91 0.21 0.1)
(0.945 0.21 0.1)
(0.98 0.21 0.1)
(1.015 0.21 0.1)
(1.05 0.21 0.1)
(0 0.245 0.1)
(0.035 0.245 0.1)
(0.07 0.245 0.1)
(0.105 0.245 0.1)
(0.14 0.245 0.1)
(0.175 0.245 0.1)
(0.21 0.245 0.1)
(0.245 0.245 0.1)
(0.28 0.245 0.1)
(0.315 0.245 0.1)
(0.35 0.245 0.1)
(0.385 0.245 0.1)
(0.42 0.245 0.1)
(0.455 0.245 0.1)
(0.49 0.245 0.1)
(0.525 0.245 0.1)
(0.56 0.245 0.1)
(0.595 0.245 0.1)
(0.63 0.245 0.1)
(0.665 0.245 0.1)
(0.7 0.245 0.1)
(0.735 0.245 0.1)
(0.77 0.245 0.1)
(0.805 0.245 0.1)
(0.84 0.245 0.1)
(0.875 0.245 0.1)
(0.91 0.245 0.1)
(0.945 0.245 0.1)
(0.98 0.245 0.1)
(1.015 0.245 0.1)
(1.05 0.245 0.1)
(0 0.28 0.1)
(0.035 0.28 0.1)
(0.07 0.28 0.1)
(0.105 0.28 0.1)
(0.14 0.28 0.1)
(0.175 0.28 0.1)
(0.21 0.28 0.1)
(0.245 0.28 0.1)
(0.28 0.28 0.1)
(0.315 0.28 0.1)
(0.35 0.28 0.1)
(0.385 0.28 0.1)
(0.42 0.28 0.1)
(0.455 0.28 0.1)
(0.49 0.28 0.1)
(0.525 0.28 0.1)
(0.56 0.28 0.1)
(0.595 0.28 0.1)
(0.63 0.28 0.1)
(0.665 0.28 0.1)
(0.7 0.28 0.1)
(0.735 0.28 0.1)
(0.77 0.28 0.1)
(0.805 0.28 0.1)
(0.84 0.28 0.1)
(0.875 0.28 0.1)
(0.91 0.28 0.1)
(0.945 0.28 0.1)
(0.98 0.28 0.1)
(1.015 0.28 0.1)
(1.05 0.28 0.1)
(0 0.315 0.1)
(0.035 0.315 0.1)
(0.07 0.315 0.1)
(0.105 0.315 0.1)
(0.14 0.315 0.1)
(0.175 0.315 0.1)
(0.21 0.315 0.1)
(0.245 0.315 0.1)
(0.28 0.315 0.1)
(0.315 0.315 0.1)
(0.35 0.315 0.1)
(0.385 0.315 0.1)
(0.42 0.315 0.1)
(0.455 0.315 0.1)
(0.49 0.315 0.1)
(0.525 0.315 0.1)
(0.56 0.315 0.1)
(0.595 0.315 0.1)
(0.63 0.315 0.1)
(0.665 0.315 0.1)
(0.7 0.315 0.1)
(0.735 0.315 0.1)
(0.77 0.315 0.1)
(0.805 0.315 0.1)
(0.84 0.315 0.1)
(0.875 0.315 0.1)
(0.91 0.315 0.1)
(0.945 0.315 0.1)
(0.98 0.315 0.1)
(1.015 0.315 0.1)
(1.05 0.315 0.1)
(0 0.35 0.1)
(0.035 0.35 0.1)
(0.07 0.35 0.1)
(0.105 0.35 0.1)
(0.14 0.35 0.1)
(0.175 0.35 0.1)
(0.21 0.35 0.1)
(0.245 0.35 0.1)
(0.28 0.35 0.1)
(0.315 0.35 0.1)
(0.35 0.35 0.1)
(0.385 0.35 0.1)
(0.42 0.35 0.1)
(0.455 0.35 0.1)
(0.49 0.35 0.1)
(0.525 0.35 0.1)
(0.56 0.35 0.1)
(0.595 0.35 0.1)
(0.63 0.35 0.1)
(0.665 0.35 0.1)
(0.7 0.35 0.1)
(0.735 0.35 0.1)
(0.77 0.35 0.1)
(0.805 0.35 0.1)
(0.84 0.35 0.1)
(0.875 0.35 0.1)
(0.91 0.35 0.1)
(0.945 0.35 0.1)
(0.98 0.35 0.1)
(1.015 0.35 0.1)
(1.05 0.35 0.1)
(0 0.385 0.1)
(0.035 0.385 0.1)
(0.07 0.385 0.1)
(0.105 0.385 0.1)
(0.14 0.385 0.1)
(0.175 0.385 0.1)
(0.21 0.385 0.1)
(0.245 0.385 0.1)
(0.28 0.385 0.1)
(0.315 0.385 0.1)
(0.35 0.385 0.1)
(0.385 0.385 0.1)
(0.42 0.385 0.1)
(0.455 0.385 0.1)
(0.49 0.385 0.1)
(0.525 0.385 0.1)
(0.56 0.385 0.1)
(0.595 0.385 0.1)
(0.63 0.385 0.1)
(0.665 0.385 0.1)
(0.7 0.385 0.1)
(0.735 0.385 0.1)
(0.77 0.385 0.1)
(0.805 0.385 0.1)
(0.84 0.385 0.1)
(0.875 0.385 0.1)
(0.91 0.385 0.1)
(0.945 0.385 0.1)
(0.98 0.385 0.1)
(1.015 0.385 0.1)
(1.05 0.385 0.1)
(0 0.42 0.1)
(0.035 0.42 0.1)
(0.07 0.42 0.1)
(0.105 0.42 0.1)
(0.14 0.42 0.1)
(0.175 0.42 0.1)
(0.21 0.42 0.1)
(0.245 0.42 0.1)
(0.28 0.42 0.1)
(0.315 0.42 0.1)
(0.35 0.42 0.1)
(0.385 0.42 0.1)
(0.42 0.42 0.1)
(0.455 0.42 0.1)
(0.49 0.42 0.1)
(0.525 0.42 0.1)
(0.56 0.42 0.1)
(0.595 0.42 0.1)
(0.63 0.42 0.1)
(0.665 0.42 0.1)
(0.7 0.42 0.1)
(0.735 0.42 0.1)
(0.77 0.42 0.1)
(0.805 0.42 0.1)
(0.84 0.42 0.1)
(0.875 0.42 0.1)
(0.91 0.42 0.1)
(0.945 0.42 0.1)
(0.98 0.42 0.1)
(1.015 0.42 0.1)
(1.05 0.42 0.1)
(0 0.455 0.1)
(0.035 0.455 0.1)
(0.07 0.455 0.1)
(0.105 0.455 0.1)
(0.14 0.455 0.1)
(0.175 0.455 0.1)
(0.21 0.455 0.1)
(0.245 0.455 0.1)
(0.28 0.455 0.1)
(0.315 0.455 0.1)
(0.35 0.455 0.1)
(0.385 0.455 0.1)
(0.42 0.455 0.1)
(0.455 0.455 0.1)
(0.49 0.455 0.1)
(0.525 0.455 0.1)
(0.56 0.455 0.1)
(0.595 0.455 0.1)
(0.63 0.455 0.1)
(0.665 0.455 0.1)
(0.7 0.455 0.1)
(0.735 0.455 0.1)
(0.77 0.455 0.1)
(0.805 0.455 0.1)
(0.84 0.455 0.1)
(0.875 0.455 0.1)
(0.91 0.455 0.1)
(0.945 0.455 0.1)
(0.98 0.455 0.1)
(1.015 0.455 0.1)
(1.05 0.455 0.1)
(0 0.49 0.1)
(0.035 0.49 0.1)
(0.07 0.49 0.1)
(0.105 0.49 0.1)
(0.14 0.49 0.1)
(0.175 0.49 0.1)
(0.21 0.49 0.1)
(0.245 0.49 0.1)
(0.28 0.49 0.1)
(0.315 0.49 0.1)
(0.35 0.49 0.1)
(0.385 0.49 0.1)
(0.42 0.49 0.1)
(0.455 0.49 0.1)
(0.49 0.49 0.1)
(0.525 0.49 0.1)
(0.56 0.49 0.1)
(0.595 0.49 0.1)
(0.63 0.49 0.1)
(0.665 0.49 0.1)
(0.7 0.49 0.1)
(0.735 0.49 0.1)
(0.77 0.49 0.1)
(0.805 0.49 0.1)
(0.84 0.49 0.1)
(0.875 0.49 0.1)
(0.91 0.49 0.1)
(0.945 0.49 0.1)
(0.98 0.49 0.1)
(1.015 0.49 0.1)
(1.05 0.49 0.1)
(0 0.525 0.1)
(0.035 0.525 0.1)
(0.07 0.525 0.1)
(0.105 0.525 0.1)
(0.14 0.525 0.1)
(0.175 0.525 0.1)
(0.21 0.525 0.1)
(0.245 0.525 0.1)
(0.28 0.525 0.1)
(0.315 0.525 0.1)
(0.35 0.525 0.1)
(0.385 0.525 0.1)
(0.42 0.525 0.1)
(0.455 0.525 0.1)
(0.49 0.525 0.1)
(0.525 0.525 0.1)
(0.56 0.525 0.1)
(0.595 0.525 0.1)
(0.63 0.525 0.1)
(0.665 0.525 0.1)
(0.7 0.525 0.1)
(0.735 0.525 0.1)
(0.77 0.525 0.1)
(0.805 0.525 0.1)
(0.84 0.525 0.1)
(0.875 0.525 0.1)
(0.91 0.525 0.1)
(0.945 0.525 0.1)
(0.98 0.525 0.1)
(1.015 0.525 0.1)
(1.05 0.525 0.1)
(0 0.56 0.1)
(0.035 0.56 0.1)
(0.07 0.56 0.1)
(0.105 0.56 0.1)
(0.14 0.56 0.1)
(0.175 0.56 0.1)
(0.21 0.56 0.1)
(0.245 0.56 0.1)
(0.28 0.56 0.1)
(0.315 0.56 0.1)
(0.35 0.56 0.1)
(0.385 0.56 0.1)
(0.42 0.56 0.1)
(0.455 0.56 0.1)
(0.49 0.56 0.1)
(0.525 0.56 0.1)
(0.56 0.56 0.1)
(0.595 0.56 0.1)
(0.63 0.56 0.1)
(0.665 0.56 0.1)
(0.7 0.56 0.1)
(0.735 0.56 0.1)
(0.77 0.56 0.1)
(0.805 0.56 0.1)
(0.84 0.56 0.1)
(0.875 0.56 0.1)
(0.91 0.56 0.1)
(0.945 0.56 0.1)
(0.98 0.56 0.1)
(1.015 0.56 0.1)
(1.05 0.56 0.1)
(0 0.595 0.1)
(0.035 0.595 0.1)
(0.07 0.595 0.1)
(0.105 0.595 0.1)
(0.14 0.595 0.1)
(0.175 0.595 0.1)
(0.21 0.595 0.1)
(0.245 0.595 0.1)
(0.28 0.595 0.1)
(0.315 0.595 0.1)
(0.35 0.595 0.1)
(0.385 0.595 0.1)
(0.42 0.595 0.1)
(0.455 0.595 0.1)
(0.49 0.595 0.1)
(0.525 0.595 0.1)
(0.56 0.595 0.1)
(0.595 0.595 0.1)
(0.63 0.595 0.1)
(0.665 0.595 0.1)
(0.7 0.595 0.1)
(0.735 0.595 0.1)
(0.77 0.595 0.1)
(0.805 0.595 0.1)
(0.84 0.595 0.1)
(0.875 0.595 0.1)
(0.91 0.595 0.1)
(0.945 0.595 0.1)
(0.98 0.595 0.1)
(1.015 0.595 0.1)
(1.05 0.595 0.1)
(0 0.63 0.1)
(0.035 0.63 0.1)
(0.07 0.63 0.1)
(0.105 0.63 0.1)
(0.14 0.63 0.1)
(0.175 0.63 0.1)
(0.21 0.63 0.1)
(0.245 0.63 0.1)
(0.28 0.63 0.1)
(0.315 0.63 0.1)
(0.35 0.63 0.1)
(0.385 0.63 0.1)
(0.42 0.63 0.1)
(0.455 0.63 0.1)
(0.49 0.63 0.1)
(0.525 0.63 0.1)
(0.56 0.63 0.1)
(0.595 0.63 0.1)
(0.63 0.63 0.1)
(0.665 0.63 0.1)
(0.7 0.63 0.1)
(0.735 0.63 0.1)
(0.77 0.63 0.1)
(0.805 0.63 0.1)
(0.84 0.63 0.1)
(0.875 0.63 0.1)
(0.91 0.63 0.1)
(0.945 0.63 0.1)
(0.98 0.63 0.1)
(1.015 0.63 0.1)
(1.05 0.63 0.1)
(0 0.665 0.1)
(0.035 0.665 0.1)
(0.07 0.665 0.1)
(0.105 0.665 0.1)
(0.14 0.665 0.1)
(0.175 0.665 0.1)
(0.21 0.665 0.1)
(0.245 0.665 0.1)
(0.28 0.665 0.1)
(0.315 0.665 0.1)
(0.35 0.665 0.1)
(0.385 0.665 0.1)
(0.42 0.665 0.1)
(0.455 0.665 0.1)
(0.49 0.665 0.1)
(0.525 0.665 0.1)
(0.56 0.665 0.1)
(0.595 0.665 0.1)
(0.63 0.665 0.1)
(0.665 0.665 0.1)
(0.7 0.665 0.1)
(0.735 0.665 0.1)
(0.77 0.665 0.1)
(0.805 0.665 0.1)
(0.84 0.665 0.1)
(0.875 0.665 0.1)
(0.91 0.665 0.1)
(0.945 0.665 0.1)
(0.98 0.665 0.1)
(1.015 0.665 0.1)
(1.05 0.665 0.1)
(0 0.7 0.1)
(0.035 0.7 0.1)
(0.07 0.7 0.1)
(0.105 0.7 0.1)
(0.14 0.7 0.1)
(0.175 0.7 0.1)
(0.21 0.7 0.1)
(0.245 0.7 0.1)
(0.28 0.7 0.1)
(0.315 0.7 0.1)
(0.35 0.7 0.1)
(0.385 0.7 0.1)
(0.42 0.7 0.1)
(0.455 0.7 0.1)
(0.49 0.7 0.1)
(0.525 0.7 0.1)
(0.56 0.7 0.1)
(0.595 0.7 0.1)
(0.63 0.7 0.1)
(0.665 0.7 0.1)
(0.7 0.7 0.1)
(0.735 0.7 0.1)
(0.77 0.7 0.1)
(0.805 0.7 0.1)
(0.84 0.7 0.1)
(0.875 0.7 0.1)
(0.91 0.7 0.1)
(0.945 0.7 0.1)
(0.98 0.7 0.1)
(1.015 0.7 0.1)
(1.05 0.7 0.1)
(0 0.735 0.1)
(0.035 0.735 0.1)
(0.07 0.735 0.1)
(0.105 0.735 0.1)
(0.14 0.735 0.1)
(0.175 0.735 0.1)
(0.21 0.735 0.1)
(0.245 0.735 0.1)
(0.28 0.735 0.1)
(0.315 0.735 0.1)
(0.35 0.735 0.1)
(0.385 0.735 0.1)
(0.42 0.735 0.1)
(0.455 0.735 0.1)
(0.49 0.735 0.1)
(0.525 0.735 0.1)
(0.56 0.735 0.1)
(0.595 0.735 0.1)
(0.63 0.735 0.1)
(0.665 0.735 0.1)
(0.7 0.735 0.1)
(0.735 0.735 0.1)
(0.77 0.735 0.1)
(0.805 0.735 0.1)
(0.84 0.735 0.1)
(0.875 0.735 0.1)
(0.91 0.735 0.1)
(0.945 0.735 0.1)
(0.98 0.735 0.1)
(1.015 0.735 0.1)
(1.05 0.735 0.1)
(0 0.77 0.1)
(0.035 0.77 0.1)
(0.07 0.77 0.1)
(0.105 0.77 0.1)
(0.14 0.77 0.1)
(0.175 0.77 0.1)
(0.21 0.77 0.1)
(0.245 0.77 0.1)
(0.28 0.77 0.1)
(0.315 0.77 0.1)
(0.35 0.77 0.1)
(0.385 0.77 0.1)
(0.42 0.77 0.1)
(0.455 0.77 0.1)
(0.49 0.77 0.1)
(0.525 0.77 0.1)
(0.56 0.77 0.1)
(0.595 0.77 0.1)
(0.63 0.77 0.1)
(0.665 0.77 0.1)
(0.7 0.77 0.1)
(0.735 0.77 0.1)
(0.77 0.77 0.1)
(0.805 0.77 0.1)
(0.84 0.77 0.1)
(0.875 0.77 0.1)
(0.91 0.77 0.1)
(0.945 0.77 0.1)
(0.98 0.77 0.1)
(1.015 0.77 0.1)
(1.05 0.77 0.1)
(0 0.805 0.1)
(0.035 0.805 0.1)
(0.07 0.805 0.1)
(0.105 0.805 0.1)
(0.14 0.805 0.1)
(0.175 0.805 0.1)
(0.21 0.805 0.1)
(0.245 0.805 0.1)
(0.28 0.805 0.1)
(0.315 0.805 0.1)
(0.35 0.805 0.1)
(0.385 0.805 0.1)
(0.42 0.805 0.1)
(0.455 0.805 0.1)
(0.49 0.805 0.1)
(0.525 0.805 0.1)
(0.56 0.805 0.1)
(0.595 0.805 0.1)
(0.63 0.805 0.1)
(0.665 0.805 0.1)
(0.7 0.805 0.1)
(0.735 0.805 0.1)
(0.77 0.805 0.1)
(0.805 0.805 0.1)
(0.84 0.805 0.1)
(0.875 0.805 0.1)
(0.91 0.805 0.1)
(0.945 0.805 0.1)
(0.98 0.805 0.1)
(1.015 0.805 0.1)
(1.05 0.805 0.1)
(0 0.84 0.1)
(0.035 0.84 0.1)
(0.07 0.84 0.1)
(0.105 0.84 0.1)
(0.14 0.84 0.1)
(0.175 0.84 0.1)
(0.21 0.84 0.1)
(0.245 0.84 0.1)
(0.28 0.84 0.1)
(0.315 0.84 0.1)
(0.35 0.84 0.1)
(0.385 0.84 0.1)
(0.42 0.84 0.1)
(0.455 0.84 0.1)
(0.49 0.84 0.1)
(0.525 0.84 0.1)
(0.56 0.84 0.1)
(0.595 0.84 0.1)
(0.63 0.84 0.1)
(0.665 0.84 0.1)
(0.7 0.84 0.1)
(0.735 0.84 0.1)
(0.77 0.84 0.1)
(0.805 0.84 0.1)
(0.84 0.84 0.1)
(0.875 0.84 0.1)
(0.91 0.84 0.1)
(0.945 0.84 0.1)
(0.98 0.84 0.1)
(1.015 0.84 0.1)
(1.05 0.84 0.1)
(0 0.875 0.1)
(0.035 0.875 0.1)
(0.07 0.875 0.1)
(0.105 0.875 0.1)
(0.14 0.875 0.1)
(0.175 0.875 0.1)
(0.21 0.875 0.1)
(0.245 0.875 0.1)
(0.28 0.875 0.1)
(0.315 0.875 0.1)
(0.35 0.875 0.1)
(0.385 0.875 0.1)
(0.42 0.875 0.1)
(0.455 0.875 0.1)
(0.49 0.875 0.1)
(0.525 0.875 0.1)
(0.56 0.875 0.1)
(0.595 0.875 0.1)
(0.63 0.875 0.1)
(0.665 0.875 0.1)
(0.7 0.875 0.1)
(0.735 0.875 0.1)
(0.77 0.875 0.1)
(0.805 0.875 0.1)
(0.84 0.875 0.1)
(0.875 0.875 0.1)
(0.91 0.875 0.1)
(0.945 0.875 0.1)
(0.98 0.875 0.1)
(1.015 0.875 0.1)
(1.05 0.875 0.1)
(0 0.91 0.1)
(0.035 0.91 0.1)
(0.07 0.91 0.1)
(0.105 0.91 0.1)
(0.14 0.91 0.1)
(0.175 0.91 0.1)
(0.21 0.91 0.1)
(0.245 0.91 0.1)
(0.28 0.91 0.1)
(0.315 0.91 0.1)
(0.35 0.91 0.1)
(0.385 0.91 0.1)
(0.42 0.91 0.1)
(0.455 0.91 0.1)
(0.49 0.91 0.1)
(0.525 0.91 0.1)
(0.56 0.91 0.1)
(0.595 0.91 0.1)
(0.63 0.91 0.1)
(0.665 0.91 0.1)
(0.7 0.91 0.1)
(0.735 0.91 0.1)
(0.77 0.91 0.1)
(0.805 0.91 0.1)
(0.84 0.91 0.1)
(0.875 0.91 0.1)
(0.91 0.91 0.1)
(0.945 0.91 0.1)
(0.98 0.91 0.1)
(1.015 0.91 0.1)
(1.05 0.91 0.1)
(0 0.945 0.1)
(0.035 0.945 0.1)
(0.07 0.945 0.1)
(0.105 0.945 0.1)
(0.14 0.945 0.1)
(0.175 0.945 0.1)
(0.21 0.945 0.1)
(0.245 0.945 0.1)
(0.28 0.945 0.1)
(0.315 0.945 0.1)
(0.35 0.945 0.1)
(0.385 0.945 0.1)
(0.42 0.945 0.1)
(0.455 0.945 0.1)
(0.49 0.945 0.1)
(0.525 0.945 0.1)
(0.56 0.945 0.1)
(0.595 0.945 0.1)
(0.63 0.945 0.1)
(0.665 0.945 0.1)
(0.7 0.945 0.1)
(0.735 0.945 0.1)
(0.77 0.945 0.1)
(0.805 0.945 0.1)
(0.84 0.945 0.1)
(0.875 0.945 0.1)
(0.91 0.945 0.1)
(0.945 0.945 0.1)
(0.98 0.945 0.1)
(1.015 0.945 0.1)
(1.05 0.945 0.1)
(0 0.98 0.1)
(0.035 0.98 0.1)
(0.07 0.98 0.1)
(0.105 0.98 0.1)
(0.14 0.98 0.1)
(0.175 0.98 0.1)
(0.21 0.98 0.1)
(0.245 0.98 0.1)
(0.28 0.98 0.1)
(0.315 0.98 0.1)
(0.35 0.98 0.1)
(0.385 0.98 0.1)
(0.42 0.98 0.1)
(0.455 0.98 0.1)
(0.49 0.98 0.1)
(0.525 0.98 0.1)
(0.56 0.98 0.1)
(0.595 0.98 0.1)
(0.63 0.98 0.1)
(0.665 0.98 0.1)
(0.7 0.98 0.1)
(0.735 0.98 0.1)
(0.77 0.98 0.1)
(0.805 0.98 0.1)
(0.84 0.98 0.1)
(0.875 0.98 0.1)
(0.91 0.98 0.1)
(0.945 0.98 0.1)
(0.98 0.98 0.1)
(1.015 0.98 0.1)
(1.05 0.98 0.1)
(0 1.015 0.1)
(0.035 1.015 0.1)
(0.07 1.015 0.1)
(0.105 1.015 0.1)
(0.14 1.015 0.1)
(0.175 1.015 0.1)
(0.21 1.015 0.1)
(0.245 1.015 0.1)
(0.28 1.015 0.1)
(0.315 1.015 0.1)
(0.35 1.015 0.1)
(0.385 1.015 0.1)
(0.42 1.015 0.1)
(0.455 1.015 0.1)
(0.49 1.015 0.1)
(0.525 1.015 0.1)
(0.56 1.015 0.1)
(0.595 1.015 0.1)
(0.63 1.015 0.1)
(0.665 1.015 0.1)
(0.7 1.015 0.1)
(0.735 1.015 0.1)
(0.77 1.015 0.1)
(0.805 1.015 0.1)
(0.84 1.015 0.1)
(0.875 1.015 0.1)
(0.91 1.015 0.1)
(0.945 1.015 0.1)
(0.98 1.015 0.1)
(1.015 1.015 0.1)
(1.05 1.015 0.1)
(0 1.05 0.1)
(0.035 1.05 0.1)
(0.07 1.05 0.1)
(0.105 1.05 0.1)
(0.14 1.05 0.1)
(0.175 1.05 0.1)
(0.21 1.05 0.1)
(0.245 1.05 0.1)
(0.28 1.05 0.1)
(0.315 1.05 0.1)
(0.35 1.05 0.1)
(0.385 1.05 0.1)
(0.42 1.05 0.1)
(0.455 1.05 0.1)
(0.49 1.05 0.1)
(0.525 1.05 0.1)
(0.56 1.05 0.1)
(0.595 1.05 0.1)
(0.63 1.05 0.1)
(0.665 1.05 0.1)
(0.7 1.05 0.1)
(0.735 1.05 0.1)
(0.77 1.05 0.1)
(0.805 1.05 0.1)
(0.84 1.05 0.1)
(0.875 1.05 0.1)
(0.91 1.05 0.1)
(0.945 1.05 0.1)
(0.98 1.05 0.1)
(1.015 1.05 0.1)
(1.05 1.05 0.1)
)


// ************************************************************************* //
