/*--------------------------------*- C++ -*----------------------------------*\
  =========                 |
  \\      /  F ield         | OpenFOAM: The Open Source CFD Toolbox
   \\    /   O peration     | Website:  https://openfoam.org
    \\  /    A nd           | Version:  7
     \\/     M anipulation  |
\*---------------------------------------------------------------------------*/
FoamFile
{
    version     2.0;
    format      ascii;
    class       volScalarField;
    location    "300";
    object      epsilon;
}
// * * * * * * * * * * * * * * * * * * * * * * * * * * * * * * * * * * * * * //

dimensions      [0 2 -3 0 0 0 0];

internalField   nonuniform List<scalar> 
4500
(
789.608
724.718
675.057
641.444
616.337
596.999
581.732
569.398
559.236
550.725
543.502
537.288
531.843
526.947
522.495
518.718
516.507
517.518
523.692
536.074
553.864
574.725
596.204
616.847
636.236
654.514
671.944
688.679
704.738
720.031
734.4
747.644
759.566
770.01
778.88
786.163
791.939
796.372
799.649
801.982
803.568
804.612
805.257
805.633
805.824
805.903
805.909
805.868
805.798
805.712
805.608
805.505
805.4
805.298
805.199
805.107
805.014
804.926
804.841
804.753
804.674
804.594
804.525
804.46
804.4
804.341
804.286
804.23
804.174
804.113
804.053
803.996
803.954
803.925
803.913
180.467
258.6
265.807
255.427
244.809
236.24
229.47
224.045
219.617
215.94
212.841
210.192
207.888
205.849
204.055
202.636
201.964
202.612
205.246
210.199
217.094
224.931
232.673
239.744
246.061
251.776
257.06
262.015
266.678
271.045
275.089
278.774
282.066
284.936
287.367
289.357
290.919
292.084
292.9
293.43
293.751
293.932
294.026
294.07
294.086
294.087
294.079
294.067
294.052
294.034
294.012
293.991
293.97
293.95
293.931
293.912
293.891
293.872
293.854
293.836
293.822
293.808
293.797
293.787
293.778
293.766
293.753
293.737
293.719
293.701
293.684
293.672
293.664
293.659
293.658
52.4732
112.464
134.457
135.922
132.522
128.669
125.264
122.401
120.007
117.992
116.283
114.816
113.541
112.419
111.445
110.681
110.295
110.536
111.728
114.058
117.353
121.079
124.66
127.796
130.495
132.893
135.115
137.232
139.269
141.225
143.084
144.823
146.415
147.832
149.049
150.05
150.826
151.386
151.752
151.965
152.075
152.122
152.135
152.134
152.126
152.117
152.108
152.099
152.089
152.08
152.069
152.059
152.049
152.04
152.031
152.022
152.012
152.003
151.994
151.987
151.98
151.974
151.97
151.965
151.961
151.956
151.949
151.941
151.931
151.922
151.915
151.909
151.906
151.904
151.903
18.9422
52.8112
76.1109
83.4464
84.1243
82.8546
81.1901
79.5844
78.151
76.9014
75.8178
74.8764
74.0535
73.3292
72.697
72.1777
71.8326
71.7714
72.1812
73.2129
74.8207
76.706
78.5119
80.0629
81.3906
82.606
83.7976
85.0081
86.2455
87.4976
88.7415
89.9477
91.0832
92.1142
93.0104
93.7488
94.3191
94.7247
94.9861
95.1361
95.2117
95.2433
95.2518
95.2496
95.2433
95.2355
95.227
95.2181
95.2092
95.2
95.1908
95.1818
95.1729
95.1644
95.1563
95.1483
95.1406
95.1332
95.1259
95.1191
95.1128
95.1073
95.1021
95.0973
95.0926
95.0876
95.0823
95.0766
95.0704
95.0643
95.0587
95.0543
95.051
95.0489
95.048
8.18719
25.0216
43.8941
53.7536
57.1336
57.7144
57.2784
56.526
55.7183
54.9489
54.2475
53.6196
53.0604
52.561
52.1106
51.6998
51.3271
51.0311
50.9369
51.1978
51.8617
52.781
53.7302
54.5931
55.3934
56.2036
57.0742
58.0212
59.0362
60.0968
61.1731
62.2308
63.234
64.1474
64.9413
65.5943
66.0984
66.4591
66.6964
66.8389
66.9174
66.9562
66.9727
66.977
66.9751
66.9699
66.9625
66.9537
66.9442
66.9344
66.9248
66.9152
66.9057
66.8965
66.8877
66.8794
66.8717
66.8643
66.8568
66.8496
66.8424
66.8358
66.8295
66.8235
66.8178
66.8126
66.8075
66.8029
66.7981
66.7932
66.7883
66.7838
66.78
66.7774
66.7763
4.2188
11.9892
24.7098
34.5694
39.5748
41.5703
42.1323
42.0728
41.7612
41.3616
40.9462
40.5465
40.1742
39.8282
39.4938
39.1405
38.7296
38.2631
37.8392
37.626
37.742
38.1443
38.6902
39.2858
39.9271
40.6442
41.4544
42.3544
43.3259
44.342
45.3708
46.3776
47.3278
48.1886
48.9332
49.5444
50.0173
50.3595
50.5905
50.7359
50.8219
50.8695
50.8936
50.9038
50.9057
50.9026
50.8962
50.8876
50.8778
50.8676
50.8574
50.8474
50.8374
50.8275
50.8182
50.8096
50.8017
50.7942
50.7865
50.7788
50.771
50.7635
50.7563
50.7496
50.7433
50.7377
50.7329
50.7288
50.7248
50.7206
50.7159
50.7112
50.7071
50.7042
50.7028
2.53586
6.06761
13.4268
21.541
27.1064
30.089
31.4754
32.0205
32.1461
32.0689
31.8981
31.6894
31.4694
31.2443
30.9975
30.6856
30.2504
29.6765
29.0528
28.5621
28.3735
28.516
28.897
29.4234
30.0571
30.791
31.6193
32.5281
33.496
34.4964
35.4991
36.4721
37.3838
38.205
38.9129
39.4937
39.945
40.2757
40.5039
40.6527
40.745
40.7992
40.829
40.8433
40.8481
40.8467
40.841
40.8327
40.8229
40.8126
40.8023
40.7921
40.7819
40.7718
40.7622
40.7535
40.7456
40.7381
40.7304
40.7224
40.7143
40.7064
40.6988
40.6916
40.685
40.6793
40.6747
40.671
40.6676
40.6638
40.6593
40.6545
40.6501
40.647
40.6456
1.72014
3.39494
7.19134
12.8164
17.9492
21.4137
23.4191
24.4851
25.0082
25.2292
25.2845
25.2504
25.1674
25.0491
24.8794
24.6094
24.1736
23.5514
22.8288
22.1982
21.8598
21.8892
22.2238
22.7617
23.4344
24.2076
25.0618
25.9795
26.9404
27.9208
28.8939
29.8312
30.7046
31.4887
32.1639
32.719
33.153
33.4749
33.7014
33.853
33.9501
34.0092
34.0431
34.0606
34.0675
34.0674
34.0626
34.0547
34.0451
34.0349
34.0248
34.0146
34.0044
33.9943
33.9848
33.9762
33.9684
33.961
33.9534
33.9454
33.9372
33.9292
33.9214
33.9141
33.9074
33.9018
33.8974
33.894
33.8909
33.8874
33.8831
33.8783
33.8739
33.8707
33.8692
1.27853
2.1315
3.97935
7.3252
11.3239
14.7132
17.0624
18.5326
19.405
19.903
20.1734
20.3065
20.3544
20.3379
20.2439
20.0244
19.6149
18.9957
18.2521
17.5771
17.1851
17.1798
17.5171
18.0872
18.7992
19.6014
20.4674
21.3796
22.321
23.2715
24.208
25.1056
25.9398
26.688
27.3334
27.8664
28.2866
28.6021
28.8279
28.9823
29.0834
29.1466
29.1839
29.204
29.2127
29.2138
29.2099
29.2026
29.1934
29.1836
29.1737
29.1638
29.1538
29.1439
29.1345
29.1261
29.1185
29.1113
29.1039
29.0961
29.088
29.08
29.0722
29.065
29.0584
29.0529
29.0486
29.0455
29.0427
29.0395
29.0354
29.0307
29.0262
29.0231
29.0215
1.01869
1.4831
2.38187
4.15476
6.80156
9.62712
11.9836
13.6873
14.8322
15.5743
16.046
16.3403
16.5162
16.6008
16.5859
16.4285
16.0707
15.4969
14.7897
14.135
13.7465
13.7432
14.0955
14.6912
15.4262
16.2386
17.0988
17.9911
18.9015
19.8138
20.7085
21.5642
22.359
23.0733
23.692
24.2064
24.6158
24.9274
25.154
25.3117
25.4169
25.484
25.5246
25.5471
25.5576
25.5601
25.557
25.5504
25.5418
25.5324
25.5229
25.5134
25.5037
25.4942
25.4851
25.4769
25.4696
25.4626
25.4555
25.4479
25.44
25.4321
25.4245
25.4174
25.411
25.4056
25.4015
25.3986
25.3961
25.3931
25.3892
25.3846
25.3803
25.3772
25.3756
0.856486
1.12027
1.57153
2.45562
3.97545
5.97821
8.01084
9.72606
11.0248
11.954
12.6009
13.0453
13.3452
13.531
13.5998
13.5159
13.2312
12.7352
12.1052
11.5123
11.1595
11.1721
11.5346
12.1398
12.8783
13.683
14.5229
15.3838
16.2551
17.1238
17.9738
18.7866
19.543
20.2256
20.8205
21.3195
21.7213
22.0313
22.2602
22.4223
22.5322
22.6036
22.6476
22.6727
22.6852
22.6891
22.6871
22.6813
22.6734
22.6646
22.6556
22.6465
22.6372
22.628
22.6193
22.6114
22.6044
22.5977
22.5908
22.5835
22.5759
22.5683
22.5609
22.554
22.5478
22.5426
22.5387
22.5359
22.5335
22.5308
22.5271
22.5227
22.5185
22.5154
22.5138
0.751138
0.901881
1.1357
1.571
2.36208
3.58034
5.07586
6.57152
7.86567
8.89148
9.66663
10.2383
10.652
10.9361
11.0914
11.09
10.8944
10.4987
9.9725
9.46725
9.16762
9.19914
9.56162
10.1591
10.8839
11.6667
12.4754
13.2973
14.1243
14.9463
15.7501
16.52
17.2393
17.8922
18.4659
18.9524
19.3491
19.6596
19.8926
20.0602
20.1758
20.2521
20.3
20.3282
20.3429
20.3484
20.3477
20.3429
20.3358
20.3277
20.3192
20.3106
20.3018
20.293
20.2847
20.2771
20.2703
20.264
20.2574
20.2504
20.2431
20.2359
20.2288
20.2221
20.216
20.211
20.2073
20.2046
20.2024
20.1998
20.1964
20.1923
20.1882
20.1852
20.1835
0.681084
0.763093
0.88456
1.10001
1.49244
2.15024
3.09084
4.20627
5.32809
6.32975
7.15925
7.81657
8.32246
8.69509
8.93482
9.02029
8.92293
8.64083
8.23358
7.83057
7.59377
7.64417
7.99672
8.57218
9.26979
10.0201
10.7904
11.5686
12.3482
13.1219
13.8791
14.6066
15.2899
15.9148
16.4695
16.9454
17.3391
17.652
17.8907
18.0652
18.1875
18.2695
18.3221
18.3538
18.3711
18.3786
18.3794
18.3758
18.3696
18.3622
18.3544
18.3463
18.3381
18.3297
18.3218
18.3146
18.3081
18.302
18.2958
18.2892
18.2822
18.2753
18.2685
18.2621
18.2563
18.2514
18.2478
18.2453
18.2432
18.2408
18.2375
18.2337
18.2298
18.2269
18.2251
0.63403
0.671598
0.730767
0.835747
1.02644
1.3569
1.87631
2.58643
3.41893
4.27084
5.05816
5.73759
6.29723
6.73695
7.05093
7.22029
7.22276
7.05844
6.77581
6.4816
6.31317
6.38288
6.71907
7.26238
7.92309
8.63387
9.36124
10.0929
10.8239
11.5488
12.2595
12.9451
13.5932
14.1913
14.7281
15.195
15.587
15.9038
16.1495
16.3323
16.4625
16.5514
16.6095
16.6454
16.6658
16.6757
16.6782
16.676
16.6709
16.6644
16.6572
16.6498
16.642
16.6342
16.6267
16.6198
16.6137
16.6079
16.602
16.5957
16.5891
16.5825
16.5761
16.57
16.5644
16.5598
16.5562
16.5538
16.5518
16.5495
16.5465
16.5429
16.5392
16.5364
16.5346
0.602483
0.610006
0.63217
0.678679
0.768005
0.927179
1.19006
1.58498
2.11207
2.73179
3.38148
4.00364
4.56058
5.03076
5.39672
5.63714
5.73183
5.68024
5.51947
5.33402
5.23669
5.32781
5.64556
6.15108
6.76885
7.43569
8.11767
8.80191
9.48407
10.1604
10.825
11.4693
12.0828
12.6545
13.1739
13.6323
14.0235
14.3451
14.5991
14.7914
14.9308
15.0277
15.0923
15.1332
15.1574
15.17
15.1747
15.1741
15.1702
15.1646
15.1583
15.1514
15.1443
15.137
15.1299
15.1234
15.1175
15.112
15.1065
15.1006
15.0944
15.0882
15.0821
15.0763
15.071
15.0665
15.0631
15.0607
15.0587
15.0566
15.0539
15.0505
15.0471
15.0443
15.0424
0.581598
0.568258
0.567053
0.580682
0.617339
0.689623
0.815041
1.01458
1.30565
1.69023
2.14765
2.64067
3.12915
3.5788
3.96047
4.24675
4.41525
4.46145
4.41139
4.32809
4.30124
4.41675
4.71779
5.18412
5.75617
6.37699
7.01281
7.64989
8.284
8.91271
9.53196
10.1353
10.7144
11.2596
11.7615
12.2112
12.6016
12.9286
13.1917
13.3945
13.5445
13.6507
13.7228
13.7696
13.7983
13.8143
13.8215
13.8228
13.8204
13.8159
13.8104
13.8042
13.7977
13.791
13.7844
13.7782
13.7727
13.7675
13.7622
13.7567
13.751
13.7451
13.7394
13.7339
13.7288
13.7246
13.7212
13.7189
13.717
13.715
13.7124
13.7094
13.7061
13.7035
13.7016
0.568079
0.540126
0.523431
0.51743
0.525304
0.552667
0.607667
0.701327
0.846652
1.055
1.3299
1.66216
2.03032
2.40558
2.75633
3.05098
3.26314
3.38196
3.42211
3.42698
3.46487
3.6063
3.89439
4.32346
4.84986
5.4245
6.01477
6.60599
7.19365
7.77616
8.35112
8.91409
9.45861
9.97687
10.4603
10.9005
11.2896
11.6217
11.8943
12.1088
12.2705
12.3873
12.4683
12.5222
12.5563
12.5762
12.5864
12.59
12.5893
12.586
12.5815
12.5761
12.5702
12.5641
12.558
12.5522
12.547
12.5421
12.5372
12.532
12.5267
12.5212
12.5158
12.5107
12.5059
12.5018
12.4986
12.4962
12.4944
12.4925
12.4902
12.4873
12.4844
12.4818
12.4799
0.559602
0.521507
0.494214
0.475854
0.467122
0.470263
0.488836
0.527917
0.594278
0.695968
0.840582
1.0321
1.26739
1.53411
1.81109
2.07119
2.28771
2.44427
2.54484
2.61555
2.70533
2.86956
3.14743
3.54263
4.02535
4.55515
5.10151
5.64902
6.19253
6.73089
7.26302
7.78629
8.29618
8.7866
9.25033
9.67944
10.0659
10.4025
10.6847
10.9115
11.0861
11.215
11.3063
11.3685
11.4089
11.4337
11.4475
11.4537
11.4549
11.4532
11.4497
11.4452
11.4401
11.4345
11.4289
11.4236
11.4187
11.4141
11.4095
11.4047
11.3998
11.3947
11.3897
11.3848
11.3804
11.3764
11.3733
11.371
11.3692
11.3674
11.3652
11.3627
11.3599
11.3575
11.3556
0.554501
0.509542
0.474918
0.448452
0.429644
0.419073
0.418103
0.428876
0.454436
0.498842
0.567008
0.663934
0.79302
0.953524
1.13795
1.33118
1.51358
1.66867
1.79289
1.89949
2.02014
2.19652
2.46208
2.82516
3.26634
3.75319
4.25782
4.76429
5.26652
5.76332
6.25457
6.73918
7.21445
7.67611
8.11844
8.53449
8.91638
9.25616
9.54742
9.78694
9.97561
10.118
10.2213
10.2932
10.3413
10.3719
10.3899
10.3993
10.4029
10.4029
10.4006
10.3971
10.3927
10.3879
10.3828
10.3779
10.3734
10.369
10.3648
10.3604
10.3558
10.3511
10.3465
10.342
10.3377
10.334
10.331
10.3287
10.3269
10.3252
10.3232
10.3209
10.3184
10.3161
10.3142
0.551578
0.502159
0.462517
0.430613
0.405436
0.386738
0.374813
0.370408
0.374735
0.389543
0.417188
0.460578
0.522791
0.606072
0.710073
0.829993
0.956412
1.07865
1.19138
1.30072
1.42523
1.59507
1.83832
2.16564
2.56468
3.00927
3.47386
3.94186
4.40587
4.86411
5.31689
5.76432
6.20535
6.63746
7.05663
7.45726
7.83216
8.17315
8.47249
8.72482
8.92856
9.08615
9.2031
9.28651
9.34367
9.38113
9.40432
9.41748
9.42384
9.42581
9.42505
9.4226
9.41908
9.41492
9.41046
9.40603
9.40182
9.3978
9.39383
9.38978
9.38557
9.38129
9.377
9.37284
9.36891
9.36541
9.36249
9.36022
9.35841
9.35676
9.35494
9.35283
9.35056
9.34845
9.34651
0.549997
0.497833
0.454862
0.419311
0.390008
0.366314
0.347991
0.335114
0.328033
0.327377
0.334099
0.349498
0.375183
0.412811
0.463443
0.526547
0.59929
0.677293
0.757673
0.8437
0.946701
1.08808
1.29206
1.57218
1.92235
2.32139
2.74524
3.17602
3.60431
4.02696
4.44399
4.85619
5.26378
5.6659
6.06028
6.44298
6.80807
7.14778
7.45368
7.71853
7.93822
8.11263
8.24526
8.34207
8.40998
8.4557
8.48505
8.50272
8.51236
8.51668
8.51761
8.51641
8.51385
8.51044
8.5066
8.50266
8.49882
8.49512
8.49146
8.48774
8.4839
8.47998
8.47606
8.47222
8.46858
8.46529
8.4625
8.46026
8.45846
8.45685
8.45515
8.45324
8.45119
8.44923
8.44734
0.549196
0.49545
0.450382
0.412443
0.380459
0.353629
0.331457
0.313683
0.300245
0.291252
0.286989
0.287925
0.294715
0.308133
0.328874
0.357192
0.392554
0.433766
0.480122
0.533844
0.602519
0.700845
0.849673
1.0665
1.3539
1.69741
2.07477
2.46623
2.8593
3.24836
3.63212
4.01122
4.38664
4.75879
5.1271
5.48945
5.84169
6.17723
6.48768
6.76443
7.00083
7.19378
7.34427
7.45667
7.53724
7.59277
7.62944
7.65248
7.66599
7.67309
7.67599
7.67621
7.67471
7.67213
7.66895
7.66552
7.66207
7.65869
7.65533
7.65193
7.64844
7.64488
7.64131
7.63779
7.63444
7.63136
7.6287
7.62651
7.62473
7.62315
7.62155
7.61981
7.61795
7.61615
7.61433
0.54882
0.494229
0.447927
0.408498
0.374812
0.346017
0.321496
0.300829
0.283748
0.270116
0.259909
0.25321
0.250207
0.251164
0.256356
0.265938
0.279828
0.297756
0.319719
0.347095
0.384339
0.440615
0.531408
0.675403
0.884888
1.15692
1.47518
1.81935
2.17356
2.52844
2.88004
3.22773
3.57232
3.91494
4.25632
4.59623
4.93262
5.26086
5.57351
5.86127
6.11503
6.32834
6.49905
6.62942
6.72479
6.79183
6.83714
6.8665
6.88455
6.89487
6.90006
6.9019
6.90158
6.89991
6.89742
6.89453
6.8915
6.88845
6.8854
6.8823
6.87914
6.87591
6.87267
6.86947
6.86639
6.86353
6.86101
6.85889
6.85712
6.85557
6.85405
6.85245
6.85076
6.8491
6.84737
0.548657
0.493654
0.446683
0.406388
0.371673
0.341678
0.31574
0.293358
0.274166
0.257902
0.244397
0.233557
0.225356
0.219819
0.216992
0.216891
0.219459
0.224592
0.232332
0.243343
0.259752
0.286356
0.332308
0.411843
0.540762
0.728148
0.970043
1.25228
1.55767
1.87298
2.19041
2.50661
2.82099
3.13445
3.4484
3.76417
4.082
4.39987
4.71229
5.01005
5.28183
5.51737
5.71077
5.86162
5.97399
6.05434
6.10967
6.14635
6.16966
6.18369
6.19148
6.19516
6.19616
6.19546
6.19372
6.19138
6.18878
6.18608
6.18332
6.18052
6.17765
6.17474
6.17181
6.1689
6.16609
6.16345
6.16107
6.15903
6.15729
6.15576
6.1543
6.15282
6.15128
6.14976
6.14812
0.548592
0.493406
0.446107
0.405351
0.370059
0.339371
0.312608
0.289233
0.268829
0.251075
0.235727
0.222607
0.21159
0.202592
0.195555
0.190419
0.187106
0.18553
0.185671
0.187776
0.19272
0.202617
0.221834
0.258246
0.32358
0.430679
0.587302
0.791308
1.03214
1.29619
1.57219
1.85315
2.13577
2.41943
2.70527
2.9955
3.29254
3.59739
3.90744
4.2144
4.50493
4.76458
4.98305
5.15677
5.28826
5.38365
5.4503
5.49527
5.52451
5.54273
5.55344
5.55916
5.5616
5.56194
5.56097
5.55922
5.55706
5.5547
5.55223
5.54971
5.54712
5.5445
5.54184
5.53921
5.53665
5.53422
5.53199
5.53004
5.52833
5.52683
5.52542
5.52403
5.52261
5.5212
5.51966
0.548569
0.49331
0.445866
0.40489
0.369304
0.338249
0.311036
0.287114
0.266042
0.247465
0.231105
0.216738
0.204194
0.193335
0.184054
0.176258
0.169853
0.164752
0.160901
0.158352
0.157413
0.158907
0.164633
0.178092
0.205339
0.255263
0.337962
0.460691
0.623952
0.821417
1.04315
1.27982
1.52508
1.77577
2.03159
2.29474
2.56926
2.85931
3.16565
3.48155
3.79168
4.07709
4.32257
4.52106
4.67332
4.7851
4.86413
4.91816
4.95388
4.97667
4.99055
4.99846
5.00244
5.00387
5.0037
5.00254
5.00082
4.9988
4.99662
4.99435
4.99202
4.98964
4.98724
4.98486
4.98253
4.98029
4.97822
4.97635
4.9747
4.97322
4.97185
4.97052
4.96919
4.96789
4.96643
0.548562
0.493276
0.445775
0.404707
0.368989
0.337759
0.310324
0.286125
0.264707
0.245702
0.22881
0.213787
0.200434
0.188591
0.178124
0.168921
0.160881
0.153915
0.147952
0.142969
0.13904
0.136444
0.135845
0.138608
0.147271
0.166088
0.201323
0.260562
0.350446
0.473756
0.62824
0.807762
1.00541
1.21604
1.43748
1.67111
1.92183
2.19646
2.49906
2.82429
3.15476
3.46675
3.74007
3.9641
4.13782
4.26658
4.35848
4.42194
4.46441
4.49195
4.50913
4.51931
4.52486
4.52739
4.528
4.52742
4.52613
4.52444
4.52252
4.52048
4.51837
4.51622
4.51404
4.51187
4.50974
4.50769
4.50575
4.50398
4.50238
4.50093
4.49959
4.4983
4.49704
4.49581
4.49443
0.548559
0.493266
0.445745
0.404642
0.368873
0.337571
0.31004
0.285716
0.264139
0.24493
0.227779
0.212432
0.198676
0.186336
0.175265
0.16534
0.156454
0.148515
0.141445
0.135191
0.129739
0.125155
0.121648
0.119696
0.120242
0.124973
0.13666
0.159435
0.198654
0.259909
0.347257
0.461781
0.601299
0.762367
0.942692
1.14321
1.36919
1.62908
1.92898
2.26406
2.61446
2.95199
3.25187
3.50026
3.69452
3.83958
3.94387
4.01645
4.06546
4.0976
4.11797
4.13035
4.13741
4.14098
4.14233
4.14228
4.14138
4.13998
4.1383
4.13646
4.13453
4.13256
4.13056
4.12857
4.12661
4.12471
4.1229
4.12122
4.11967
4.11825
4.11693
4.11567
4.11445
4.11327
4.11194
0.548558
0.493263
0.445736
0.404622
0.368836
0.337509
0.309944
0.285572
0.26393
0.244636
0.227375
0.211885
0.197946
0.185376
0.174022
0.163753
0.154457
0.146039
0.138418
0.131528
0.125324
0.119793
0.114976
0.111015
0.108225
0.107211
0.109034
0.115428
0.129023
0.153467
0.19319
0.252675
0.335518
0.443801
0.579108
0.744409
0.945875
1.19246
1.49049
1.83428
2.20149
2.56024
2.88217
3.15088
3.36236
3.52119
3.636
3.71635
3.77096
3.80704
3.83015
3.84441
3.85276
3.85722
3.85918
3.85957
3.85899
3.85783
3.85633
3.85464
3.85286
3.85102
3.84916
3.84731
3.84548
3.8437
3.842
3.84039
3.83888
3.83748
3.83616
3.83491
3.83371
3.83255
3.83126
0.548558
0.493263
0.445733
0.404617
0.368827
0.337493
0.309918
0.285532
0.26387
0.244548
0.227249
0.211707
0.197701
0.185044
0.17358
0.163175
0.153714
0.145101
0.137251
0.130095
0.123576
0.117658
0.112326
0.107612
0.103622
0.100585
0.0989422
0.0994631
0.103418
0.112797
0.130555
0.160791
0.208725
0.280279
0.381643
0.519515
0.701999
0.938379
1.23436
1.58304
1.96023
2.33179
2.66721
2.94849
3.17074
3.33824
3.45972
3.54503
3.60323
3.64185
3.66673
3.6822
3.69138
3.69641
3.69876
3.69943
3.69904
3.69803
3.69664
3.69505
3.69334
3.69158
3.68981
3.68804
3.6863
3.68461
3.68297
3.68141
3.67993
3.67852
3.67719
3.67592
3.6747
3.67354
3.67225
0.548558
0.493263
0.445733
0.404617
0.368827
0.337493
0.309918
0.285532
0.26387
0.244548
0.227249
0.211707
0.197701
0.185044
0.17358
0.163175
0.153714
0.145101
0.13725
0.130094
0.123574
0.117652
0.112315
0.107593
0.103589
0.100527
0.0988405
0.0992841
0.103103
0.112248
0.129622
0.159275
0.206408
0.276973
0.377271
0.514147
0.695838
0.931719
1.22753
1.57631
1.95379
2.32574
2.66158
2.94325
3.16585
3.33363
3.45534
3.54083
3.59917
3.6379
3.66286
3.6784
3.68761
3.69267
3.69505
3.69573
3.69535
3.69434
3.69296
3.69136
3.68966
3.68791
3.68615
3.68441
3.6827
3.68103
3.67942
3.67786
3.67637
3.67493
3.67355
3.67222
3.67095
3.66974
3.66843
0.548558
0.493263
0.445736
0.404622
0.368836
0.337509
0.309944
0.285572
0.26393
0.244636
0.227375
0.211884
0.197946
0.185376
0.174022
0.163752
0.154456
0.146038
0.138416
0.131523
0.125313
0.11977
0.114932
0.110933
0.108078
0.106948
0.108565
0.114592
0.127557
0.150973
0.189149
0.246542
0.326836
0.432354
0.564974
0.727922
0.927579
1.17305
1.47073
1.81487
2.18292
2.54275
2.86583
3.13562
3.34806
3.50767
3.62311
3.70395
3.75896
3.79534
3.81869
3.83311
3.84157
3.84611
3.84813
3.84855
3.848
3.84685
3.84536
3.84367
3.84189
3.84008
3.83827
3.83649
3.83475
3.83306
3.83142
3.82983
3.82828
3.82677
3.82529
3.82387
3.82251
3.82123
3.81987
0.548559
0.493266
0.445745
0.404642
0.368873
0.337571
0.31004
0.285716
0.264138
0.244929
0.227779
0.212431
0.198675
0.186334
0.175263
0.165338
0.156452
0.148512
0.141439
0.135177
0.129708
0.12509
0.121521
0.119457
0.119798
0.124153
0.135169
0.156793
0.19418
0.252802
0.336798
0.447537
0.583193
0.740653
0.917816
1.11572
1.33974
1.59845
1.89807
2.2337
2.58533
2.92441
3.22595
3.47591
3.67154
3.81774
3.92293
3.99623
4.04582
4.0784
4.09912
4.11174
4.11896
4.12265
4.12408
4.12408
4.12323
4.12184
4.12016
4.11832
4.11641
4.11448
4.11258
4.11071
4.10891
4.10715
4.10545
4.10379
4.10214
4.10051
4.0989
4.09735
4.09588
4.09452
4.0931
0.548562
0.493276
0.445775
0.404707
0.368989
0.337758
0.310324
0.286124
0.264706
0.245701
0.228808
0.213785
0.200431
0.188587
0.178119
0.168915
0.160874
0.153906
0.147935
0.142932
0.13896
0.136278
0.135512
0.137957
0.14602
0.163746
0.197115
0.253458
0.339392
0.458012
0.607594
0.782447
0.975988
1.18317
1.4018
1.63321
1.88232
2.15603
2.45851
2.78446
3.11634
3.43013
3.70538
3.93124
4.10657
4.23666
4.32963
4.39394
4.43712
4.46521
4.48281
4.49329
4.49903
4.50169
4.5024
4.50189
4.50065
4.49897
4.49705
4.495
4.49292
4.49084
4.4888
4.48683
4.48492
4.48308
4.48129
4.47951
4.47773
4.47594
4.47417
4.47246
4.47085
4.4694
4.46791
0.548569
0.49331
0.445866
0.404889
0.369303
0.338248
0.311035
0.287112
0.266039
0.247462
0.2311
0.216733
0.204186
0.193326
0.184043
0.176245
0.169837
0.164729
0.160858
0.158261
0.157219
0.158498
0.163785
0.176383
0.202025
0.249193
0.327714
0.444997
0.602173
0.79367
1.01004
1.24223
1.48389
1.73176
1.98543
2.24699
2.52045
2.80999
3.11652
3.43329
3.74493
4.03221
4.2797
4.48009
4.63403
4.74719
4.82736
4.88231
4.91882
4.94222
4.95658
4.96481
4.96899
4.97055
4.97048
4.96941
4.96775
4.96574
4.96354
4.96125
4.95896
4.9567
4.95451
4.9524
4.95038
4.94842
4.94651
4.94459
4.94264
4.94065
4.93868
4.93678
4.93504
4.93349
4.93195
0.548592
0.493406
0.446106
0.40535
0.370057
0.339369
0.312604
0.289228
0.268823
0.251067
0.235717
0.222594
0.211574
0.202572
0.19553
0.190389
0.187069
0.185476
0.185572
0.187566
0.192265
0.201633
0.219742
0.254013
0.315625
0.417136
0.566716
0.763179
0.996962
1.25495
1.52608
1.80327
2.08305
2.36462
2.64899
2.93827
3.23482
3.53966
3.85024
4.15828
4.45037
4.71188
4.93232
5.10789
5.241
5.33773
5.40552
5.45143
5.48149
5.50038
5.5116
5.51762
5.52026
5.52072
5.51986
5.51821
5.51611
5.51374
5.51124
5.50869
5.50618
5.50372
5.50136
5.49909
5.49693
5.49484
5.49279
5.49069
5.48853
5.48631
5.4841
5.48201
5.48011
5.47847
5.4769
0.548657
0.493653
0.446681
0.406385
0.371669
0.341672
0.315732
0.293348
0.274153
0.257886
0.244376
0.23353
0.225321
0.219776
0.216939
0.216827
0.219378
0.224474
0.232113
0.242868
0.258715
0.284079
0.327453
0.40239
0.524354
0.703023
0.935846
1.20978
1.50828
1.81821
2.13158
2.4448
2.75709
3.06913
3.38225
3.69764
4.01555
4.3339
4.64723
4.94627
5.21968
5.45704
5.6523
5.80486
5.91873
6.00032
6.05672
6.09433
6.11849
6.13323
6.14154
6.14551
6.14667
6.14608
6.14445
6.14224
6.1397
6.13696
6.13414
6.13131
6.12855
6.12587
6.12332
6.12089
6.11858
6.11635
6.11413
6.11183
6.10941
6.10692
6.10446
6.10215
6.1001
6.09839
6.0968
0.54882
0.494228
0.447924
0.408492
0.374804
0.346005
0.321481
0.300809
0.283722
0.270083
0.259866
0.253155
0.250137
0.251076
0.256246
0.265804
0.279659
0.297506
0.319247
0.346055
0.381998
0.435519
0.521244
0.65724
0.856421
1.11758
1.42597
1.76216
2.11025
2.4606
2.80895
3.15437
3.4975
3.8393
4.18041
4.5205
4.8575
5.18669
5.5006
5.78985
6.0453
6.26037
6.43281
6.56472
6.66141
6.72955
6.77585
6.80614
6.82507
6.83613
6.84182
6.84391
6.84371
6.84213
6.83979
6.83702
6.83405
6.83093
6.82778
6.82465
6.82164
6.81873
6.81599
6.81338
6.81091
6.80852
6.80612
6.80357
6.80087
6.79807
6.79533
6.7928
6.79062
6.78885
6.78728
0.549195
0.495446
0.450375
0.412431
0.380442
0.353607
0.331427
0.313645
0.300195
0.291188
0.286907
0.287818
0.294576
0.307955
0.32865
0.356919
0.392211
0.433262
0.47916
0.531727
0.597745
0.690879
0.831138
1.03639
1.31106
1.64284
2.01064
2.39484
2.78262
3.16791
3.54907
3.92652
4.30104
4.67292
5.04149
5.40457
5.7579
6.09482
6.40685
6.68529
6.92343
7.11806
7.27013
7.38388
7.4656
7.52208
7.55967
7.58363
7.59806
7.60591
7.6093
7.60971
7.60828
7.60578
7.60276
7.59948
7.59608
7.59258
7.58909
7.58566
7.58238
7.57924
7.57629
7.5735
7.57086
7.5683
7.56569
7.56288
7.55986
7.55672
7.55369
7.55094
7.54863
7.54683
7.5453
0.549994
0.497825
0.454848
0.419289
0.389977
0.366273
0.347938
0.335045
0.327942
0.327259
0.333942
0.34929
0.374907
0.412453
0.462992
0.526007
0.598635
0.676361
0.755899
0.839783
0.938184
1.0713
1.26312
1.52875
1.86476
2.25192
2.66674
3.09099
3.51467
3.93417
4.34916
4.76022
5.16744
5.56982
5.965
6.34893
6.71559
7.05708
7.36484
7.63153
7.853
8.02901
8.16307
8.26105
8.32992
8.37645
8.40665
8.42526
8.43586
8.44097
8.44236
8.44128
8.43872
8.43539
8.43175
8.42798
8.42416
8.42029
8.41646
8.41272
8.40916
8.40578
8.40262
8.39963
8.39682
8.39407
8.39123
8.38813
8.38476
8.38127
8.37793
8.37497
8.37255
8.37074
8.36928
0.551572
0.502144
0.462491
0.430575
0.405384
0.386669
0.374721
0.370286
0.37457
0.389321
0.416887
0.460172
0.522246
0.605365
0.709204
0.829004
0.955293
1.07713
1.18853
1.29445
1.41201
1.57032
1.79812
2.10868
2.49265
2.92545
3.38151
3.84356
4.30351
4.75909
5.21032
5.65711
6.09828
6.53118
6.95169
7.35406
7.73098
8.07409
8.37554
8.62983
8.83537
8.99449
9.11272
9.19711
9.25506
9.29322
9.31722
9.33135
9.33874
9.34151
9.34116
9.33875
9.33519
9.33109
9.32687
9.32264
9.31842
9.31418
9.30999
9.30594
9.30211
9.29848
9.2951
9.29191
9.28892
9.28598
9.2829
9.27948
9.27573
9.27187
9.26823
9.26507
9.26255
9.26076
9.2594
0.55449
0.509515
0.474874
0.448389
0.429558
0.418956
0.417945
0.428658
0.454133
0.498422
0.566426
0.663142
0.791971
0.95221
1.13642
1.32957
1.51193
1.66658
1.78889
1.89066
2.00184
2.16344
2.41052
2.7549
3.18033
3.65547
4.15198
4.65294
5.15154
5.6461
6.13624
6.62071
7.09666
7.55966
8.00387
8.42216
8.80649
9.14871
9.44229
9.68388
9.87434
10.0182
10.1226
10.1954
10.2441
10.2753
10.2941
10.3045
10.3092
10.31
10.3081
10.3045
10.3
10.2952
10.2905
10.2858
10.2812
10.2766
10.2721
10.2677
10.2636
10.2597
10.2561
10.2527
10.2495
10.2464
10.2431
10.2393
10.2352
10.2309
10.227
10.2236
10.221
10.2193
10.218
0.559583
0.521462
0.494143
0.475753
0.466981
0.470067
0.48856
0.527522
0.593711
0.695163
0.839465
1.03062
1.26551
1.53191
1.80872
2.06893
2.28565
2.44182
2.54
2.60438
2.68208
2.82829
3.08474
3.45943
3.92575
4.44389
4.98241
5.52475
6.06497
6.60148
7.13295
7.65658
8.16769
8.66002
9.12618
9.55802
9.9473
10.2867
10.5713
10.8003
10.9767
11.1069
11.1993
11.2621
11.3031
11.3284
11.3429
11.3502
11.3527
11.3518
11.3486
11.3439
11.3386
11.3332
11.3279
11.3229
11.3179
11.3129
11.308
11.3033
11.2989
11.2948
11.2909
11.2873
11.284
11.2806
11.277
11.2729
11.2684
11.2637
11.2595
11.256
11.2533
11.2516
11.2505
0.568046
0.540055
0.523319
0.517269
0.525073
0.552333
0.607173
0.700593
0.845574
1.05348
1.32786
1.65961
2.02732
2.40232
2.75308
3.04816
3.26092
3.37955
3.41693
3.41399
3.43714
3.5572
3.8209
4.2277
4.73707
5.30003
5.88264
6.46893
7.05359
7.63461
8.20935
8.7732
9.31951
9.84026
10.3267
10.7701
11.1624
11.4975
11.7728
11.9895
12.1529
12.271
12.3529
12.4073
12.4418
12.4622
12.4732
12.478
12.4785
12.4762
12.4718
12.4662
12.4601
12.4541
12.4484
12.4429
12.4376
12.4322
12.427
12.4219
12.4173
12.4129
12.4088
12.405
12.4014
12.3979
12.394
12.3895
12.3846
12.3796
12.375
12.3713
12.3686
12.367
12.3661
0.581544
0.568147
0.56688
0.580425
0.616956
0.689037
0.814132
1.0132
1.30364
1.68752
2.14428
2.63678
3.12491
3.57447
3.95643
4.24357
4.41322
4.45962
4.40655
4.31403
4.2697
4.36036
4.634
5.07633
5.63071
6.23973
6.86796
7.50027
8.13161
8.75915
9.37862
9.98338
10.5648
11.1131
11.6185
12.0719
12.4659
12.7961
13.062
13.2671
13.4188
13.5262
13.5991
13.6464
13.6754
13.6918
13.6998
13.7024
13.7014
13.6978
13.6924
13.6859
13.6791
13.6725
13.6664
13.6606
13.6548
13.6491
13.6435
13.6382
13.6332
13.6286
13.6242
13.6202
13.6165
13.6127
13.6085
13.6037
13.5983
13.5929
13.5881
13.5843
13.5816
13.58
13.5792
0.6024
0.609839
0.631903
0.678265
0.767347
0.926112
1.18836
1.58241
2.10855
2.72743
3.37652
3.99834
4.55514
5.02544
5.392
5.63379
5.73032
5.67955
5.51578
5.31981
5.2022
5.26488
5.55225
6.03207
6.63147
7.28627
7.96059
8.64009
9.31964
9.99512
10.6603
11.3065
11.923
12.4983
13.0218
13.4843
13.8794
14.2045
14.4615
14.656
14.7972
14.8953
14.9605
15.0017
15.0262
15.0392
15.0448
15.0456
15.0432
15.0385
15.0321
15.0249
15.0174
15.0103
15.0038
14.9976
14.9915
14.9854
14.9794
14.9738
14.9685
14.9636
14.9591
14.9549
14.9509
14.9469
14.9425
14.9372
14.9315
14.9258
14.9207
14.9167
14.9139
14.9124
14.9118
0.633902
0.671346
0.73035
0.835056
1.02526
1.3549
1.87315
2.58199
3.4134
4.26462
5.05161
5.73096
6.29067
6.73072
7.0456
7.21688
7.22203
7.05949
6.7741
6.46827
6.27678
6.31451
6.61746
7.13343
7.77496
8.47326
9.1927
9.91952
10.6479
11.3722
12.0838
12.7719
13.4235
14.0258
14.5671
15.0385
15.4348
15.7553
16.0042
16.1893
16.3213
16.4113
16.4699
16.5061
16.5267
16.5369
16.5405
16.5398
16.5362
16.5305
16.5233
16.5153
16.5073
16.4997
16.4928
16.4862
16.4798
16.4733
16.467
16.461
16.4555
16.4503
16.4456
16.4411
16.437
16.4328
16.428
16.4225
16.4163
16.4102
16.4049
16.4008
16.398
16.3966
16.3961
0.680892
0.762711
0.883888
1.0988
1.49025
2.14653
3.08537
4.19935
5.32032
6.32169
7.15121
7.80871
8.31484
8.68794
8.92885
9.01682
8.92314
8.64401
8.23464
7.81918
7.55678
7.57197
7.88868
8.4352
9.11263
9.84974
10.6116
11.3845
12.1615
12.9346
13.6931
14.4234
15.1106
15.7403
16.3
16.781
17.1792
17.4961
17.7379
17.9149
18.0389
18.1221
18.1752
18.2071
18.2246
18.2325
18.2343
18.2323
18.2277
18.2212
18.2132
18.2045
18.1959
18.1879
18.1806
18.1737
18.1669
18.1601
18.1534
18.1472
18.1414
18.1359
18.1309
18.1262
18.1219
18.1175
18.1125
18.1066
18.1001
18.0937
18.0881
18.0839
18.081
18.0796
18.0793
0.750852
0.901292
1.13457
1.56879
2.35797
3.57382
5.06733
6.56189
7.85574
8.88171
9.6572
10.2292
10.6433
10.928
11.0846
11.0863
10.8955
10.5042
9.97688
9.45882
9.13158
9.12529
9.44983
10.0168
10.7202
11.4887
12.2881
13.1042
13.9281
14.7495
15.5547
16.3277
17.0513
17.7094
18.2887
18.7806
19.1822
19.4968
19.7332
19.9034
20.0207
20.098
20.1465
20.1748
20.1896
20.1955
20.1959
20.1928
20.1873
20.1801
20.1714
20.1621
20.153
20.1446
20.1369
20.1297
20.1226
20.1154
20.1084
20.1018
20.0957
20.09
20.0847
20.0799
20.0753
20.0707
20.0655
20.0593
20.0524
20.0458
20.04
20.0356
20.0327
20.0314
20.0312
0.856058
1.11933
1.56953
2.45143
3.96803
5.96786
7.99893
9.7138
11.0129
11.9426
12.59
13.0349
13.3352
13.5216
13.592
13.5117
13.2329
12.7428
12.1131
11.5076
11.1261
11.0993
11.4227
11.996
12.7117
13.5005
14.3297
15.1839
16.0515
16.9192
17.7705
18.5865
19.3475
20.0356
20.6364
21.1412
21.5482
21.8626
22.095
22.2597
22.3715
22.4439
22.4884
22.5138
22.5263
22.5305
22.5297
22.5256
22.5194
22.5115
22.5022
22.4924
22.4828
22.474
22.466
22.4585
22.451
22.4435
22.4362
22.4293
22.4229
22.417
22.4115
22.4064
22.4017
22.3969
22.3914
22.3849
22.3778
22.3709
22.365
22.3605
22.3575
22.3562
22.3561
1.01804
1.48153
2.37811
4.14692
6.78933
9.61241
11.9683
13.6725
14.8182
15.5612
16.0335
16.3283
16.5046
16.5898
16.5766
16.4232
16.0722
15.5059
14.8006
14.1341
13.7171
13.6747
13.9878
14.5509
15.2614
16.0561
16.9038
17.7877
18.6934
19.6039
20.4996
21.3584
22.1579
22.8779
23.5027
24.0232
24.438
24.7542
24.9844
25.145
25.252
25.3203
25.3613
25.3841
25.3946
25.3975
25.3955
25.3907
25.3838
25.3753
25.3656
25.3553
25.3453
25.3361
25.3278
25.32
25.3122
25.3044
25.2968
25.2897
25.283
25.2768
25.2711
25.2658
25.2609
25.2559
25.2503
25.2436
25.2363
25.2293
25.2231
25.2185
25.2155
25.2141
25.2141
1.2775
2.12867
3.97206
7.31145
11.3058
14.694
17.044
18.5153
19.3888
19.8877
20.1588
20.2925
20.3407
20.3248
20.2325
20.0171
19.6151
19.0045
18.2642
17.579
17.1603
17.1182
17.4184
17.9565
18.6427
19.4251
20.2762
21.1781
22.1131
23.0606
23.9971
24.8974
25.736
26.4899
27.1415
27.6808
28.1065
28.4268
28.6564
28.8138
28.9167
28.9811
29.019
29.0394
29.0481
29.0497
29.0468
29.0413
29.0338
29.0248
29.0147
29.004
28.9937
28.9843
28.9757
28.9676
28.9596
28.9515
28.9437
28.9363
28.9295
28.923
28.9171
28.9116
28.9065
28.9014
28.8956
28.8889
28.8815
28.8744
28.8681
28.8634
28.8603
28.8589
28.8588
1.71843
3.38948
7.17748
12.7947
17.925
21.3902
23.3973
24.4648
24.9892
25.2111
25.2672
25.2336
25.151
25.0332
24.865
24.599
24.1707
23.5574
22.8389
22.1996
21.8376
21.8354
22.138
22.6469
23.2939
24.0455
24.8824
25.7872
26.7395
27.7151
28.6869
29.6258
30.503
31.2924
31.9736
32.5349
32.9745
33.3013
33.5317
33.6865
33.7854
33.8459
33.8805
33.8983
33.9053
33.9056
33.9018
33.8956
33.8876
33.8784
33.8679
33.8571
33.8465
33.837
33.8282
33.8199
33.8117
33.8035
33.7955
33.788
33.7809
33.7743
33.7681
33.7625
33.7573
33.7522
33.7463
33.7396
33.7323
33.7252
33.719
33.7143
33.711
33.7095
33.7094
2.53282
6.05651
13.4025
21.51
27.0758
30.0608
31.4495
31.9962
32.1232
32.0469
31.8769
31.6686
31.449
31.2244
30.9789
30.6703
30.2416
29.6756
29.0552
28.5563
28.3479
28.4664
28.8246
29.3288
29.9399
30.6522
31.4615
32.355
33.3118
34.3051
35.3046
36.2777
37.1919
38.0176
38.7311
39.3179
39.7746
40.1101
40.3423
40.4944
40.5886
40.6443
40.6748
40.6897
40.6946
40.6935
40.6888
40.6821
40.6737
40.6643
40.6537
40.6429
40.6324
40.6228
40.6139
40.6057
40.5973
40.5891
40.5811
40.5735
40.5663
40.5596
40.5533
40.5476
40.5423
40.5372
40.5314
40.525
40.518
40.5112
40.5052
40.5004
40.4972
40.4955
40.4952
4.21283
11.9666
24.6711
34.5283
39.537
41.536
42.1006
42.0428
41.7326
41.3339
40.9192
40.52
40.1481
39.8024
39.469
39.1178
38.7113
38.2492
37.8248
37.601
37.6996
38.0868
38.6229
39.2085
39.8357
40.5351
41.3274
42.2115
43.1702
44.1773
45.2008
46.2059
47.157
48.0211
48.7704
49.3871
49.8649
50.212
50.4468
50.5956
50.6836
50.7329
50.758
50.7689
50.7711
50.7684
50.7626
50.7553
50.7466
50.7372
50.7268
50.7163
50.7061
50.6968
50.6881
50.6799
50.6717
50.6637
50.6558
50.6483
50.6411
50.6344
50.628
50.6223
50.617
50.612
50.6066
50.6008
50.5945
50.5884
50.5827
50.5782
50.5749
50.573
50.5725
8.17424
24.9787
43.8377
53.7006
57.0861
57.6709
57.2377
56.487
55.6807
54.9122
54.2116
53.5842
53.0255
52.5264
52.0764
51.6658
51.2935
50.9952
50.8914
51.1336
51.7775
52.6886
53.6431
54.5137
55.3154
56.1192
56.9789
57.9139
58.9179
59.97
61.0406
62.0956
63.0986
64.0144
64.8121
65.4701
65.9788
66.3443
66.5854
66.7316
66.8121
66.853
66.8707
66.8763
66.8748
66.8699
66.8629
66.855
66.846
66.8369
66.8268
66.8172
66.8077
66.7989
66.7905
66.7827
66.7747
66.7672
66.7597
66.7526
66.7454
66.7388
66.7325
66.7269
66.7216
66.7169
66.712
66.7072
66.7022
66.6973
66.6925
66.6884
66.6852
66.683
66.682
18.9118
52.7356
76.0314
83.3758
84.0608
82.7954
81.1338
79.53
78.0981
76.8495
75.7669
74.8262
74.0039
73.2798
72.6473
72.1255
71.7743
71.6988
72.0814
73.075
74.6496
76.526
78.3493
79.9283
81.2797
82.5087
83.706
84.9175
86.1538
87.4046
88.6478
89.8547
90.9921
92.0269
92.9279
93.6723
94.2476
94.6589
94.9249
95.0795
95.1574
95.1919
95.2024
95.2024
95.1966
95.1894
95.1807
95.172
95.1625
95.1536
95.1439
95.1353
95.1266
95.1187
95.1105
95.1031
95.0951
95.0882
95.081
95.0742
95.0669
95.0604
95.0537
95.0481
95.0427
95.0383
95.0339
95.0308
95.0275
95.0246
95.021
95.0176
95.0144
95.0119
95.01
52.3973
112.336
134.34
135.818
132.427
128.579
125.178
122.317
119.924
117.911
116.203
114.737
113.463
112.341
111.366
110.596
110.193
110.398
111.53
113.781
117.008
120.707
124.306
127.487
130.234
132.672
134.927
137.07
139.129
141.104
142.979
144.733
146.338
147.768
148.998
150.011
150.797
151.366
151.74
151.962
152.075
152.127
152.144
152.147
152.14
152.133
152.122
152.112
152.101
152.091
152.079
152.07
152.061
152.052
152.042
152.034
152.024
152.017
152.008
152
151.991
151.983
151.974
151.968
151.961
151.956
151.951
151.949
151.947
151.946
151.943
151.94
151.937
151.933
151.93
180.26
258.366
265.604
255.244
244.636
236.074
229.309
223.888
219.463
215.788
212.692
210.044
207.742
205.703
203.907
202.474
201.767
202.339
204.843
209.631
216.375
224.129
231.865
238.984
245.369
251.155
256.506
261.525
266.248
270.671
274.767
278.501
281.836
284.747
287.213
289.235
290.822
292.012
292.846
293.394
293.724
293.917
294.017
294.069
294.086
294.091
294.082
294.069
294.048
294.03
294.005
293.987
293.966
293.948
293.927
293.909
293.887
293.871
293.852
293.836
293.815
293.799
293.78
293.766
293.751
293.74
293.728
293.723
293.717
293.714
293.707
293.701
293.693
293.686
293.68
788.972
724.173
674.557
640.975
615.889
596.567
581.312
568.988
558.832
550.327
543.11
536.9
531.459
526.566
522.109
518.303
516.01
516.825
522.657
534.587
551.936
572.486
593.813
614.422
633.839
652.174
669.674
686.493
702.646
718.043
732.523
745.883
757.922
768.483
777.46
784.845
790.709
795.219
798.555
800.94
802.563
803.637
804.296
804.689
804.885
804.976
804.982
804.948
804.875
804.789
804.683
804.582
804.476
804.378
804.28
804.19
804.093
804.009
803.919
803.837
803.751
803.675
803.597
803.531
803.466
803.411
803.35
803.3
803.244
803.195
803.143
803.102
803.064
803.039
803.023
)
;

boundaryField
{
    lowerWall
    {
        type            epsilonWallFunction;
        value           nonuniform List<scalar> 
75
(
789.608
724.718
675.057
641.444
616.337
596.999
581.732
569.398
559.236
550.725
543.502
537.288
531.843
526.947
522.495
518.718
516.507
517.518
523.692
536.074
553.864
574.725
596.204
616.847
636.236
654.514
671.944
688.679
704.738
720.031
734.4
747.644
759.566
770.01
778.88
786.163
791.939
796.372
799.649
801.982
803.568
804.612
805.257
805.633
805.824
805.903
805.909
805.868
805.798
805.712
805.608
805.505
805.4
805.298
805.199
805.107
805.014
804.926
804.841
804.753
804.674
804.594
804.525
804.46
804.4
804.341
804.286
804.23
804.174
804.113
804.053
803.996
803.954
803.925
803.913
)
;
    }
    upperWall
    {
        type            epsilonWallFunction;
        value           nonuniform List<scalar> 
75
(
788.972
724.173
674.557
640.975
615.889
596.567
581.312
568.988
558.832
550.327
543.11
536.9
531.459
526.566
522.109
518.303
516.01
516.825
522.657
534.587
551.936
572.486
593.813
614.422
633.839
652.174
669.674
686.493
702.646
718.043
732.523
745.883
757.922
768.483
777.46
784.845
790.709
795.219
798.555
800.94
802.563
803.637
804.296
804.689
804.885
804.976
804.982
804.948
804.875
804.789
804.683
804.582
804.476
804.378
804.28
804.19
804.093
804.009
803.919
803.837
803.751
803.675
803.597
803.531
803.466
803.411
803.35
803.3
803.244
803.195
803.143
803.102
803.064
803.039
803.023
)
;
    }
    inlet
    {
        type            turbulentMixingLengthDissipationRateInlet;
        mixingLength    0.07;
        phi             phi;
        k               k;
        value           uniform 0.613384;
    }
    outlet
    {
        type            zeroGradient;
    }
    frontAndBack
    {
        type            empty;
    }
}


// ************************************************************************* //
