/*--------------------------------*- C++ -*----------------------------------*\
  =========                 |
  \\      /  F ield         | OpenFOAM: The Open Source CFD Toolbox
   \\    /   O peration     | Website:  https://openfoam.org
    \\  /    A nd           | Version:  7
     \\/     M anipulation  |
\*---------------------------------------------------------------------------*/
FoamFile
{
    version     2.0;
    format      ascii;
    class       volScalarField;
    location    "400";
    object      nut;
}
// * * * * * * * * * * * * * * * * * * * * * * * * * * * * * * * * * * * * * //

dimensions      [0 2 -1 0 0 0 0];

internalField   nonuniform List<scalar> 
4500
(
0.000506064
0.000491803
0.000480303
0.000472195
0.000465952
0.000461027
0.000457063
0.00045381
0.000451094
0.000448794
0.000446826
0.000445125
0.000443647
0.000442353
0.000441217
0.000440216
0.000439331
0.000438548
0.000437855
0.000437241
0.000436699
0.00043622
0.0004358
0.000435429
0.0004351
0.000434801
0.000434519
0.000434238
0.000433943
0.000433621
0.000433261
0.000432859
0.000432418
0.000431943
0.000431448
0.000430948
0.00043046
0.000430001
0.00042959
0.000429245
0.000428984
0.000428817
0.000428761
0.000428827
0.000429023
0.000429355
0.000429823
0.000430425
0.000431152
0.000431996
0.000432942
0.000433974
0.000435075
0.000436229
0.000437419
0.00043863
0.000439847
0.000441057
0.000442249
0.000443412
0.000444536
0.000445613
0.000446633
0.00044759
0.000448478
0.00044929
0.000450023
0.000450676
0.000451249
0.000451744
0.000452164
0.000452517
0.000452808
0.000453044
0.000453231
0.000607327
0.000974335
0.00114372
0.00120841
0.00123497
0.00124672
0.00125197
0.00125409
0.00125464
0.00125437
0.00125368
0.00125278
0.00125181
0.00125083
0.00124989
0.001249
0.00124819
0.00124746
0.0012468
0.00124624
0.00124575
0.00124535
0.00124504
0.0012448
0.00124462
0.00124449
0.00124437
0.00124421
0.00124397
0.00124362
0.00124309
0.00124238
0.00124146
0.00124032
0.00123898
0.00123745
0.00123576
0.00123394
0.00123205
0.00123012
0.00122822
0.0012264
0.00122472
0.00122329
0.00122217
0.00122143
0.00122111
0.00122125
0.00122184
0.00122288
0.00122436
0.00122622
0.00122843
0.00123094
0.00123369
0.00123666
0.00123979
0.00124304
0.00124639
0.00124979
0.00125321
0.00125662
0.00125997
0.00126322
0.00126632
0.00126923
0.0012719
0.0012743
0.00127641
0.0012782
0.00127967
0.00128083
0.0012817
0.00128233
0.00128272
0.000713424
0.00121515
0.00157793
0.00177481
0.00188365
0.00194758
0.00198742
0.00201353
0.0020314
0.00204407
0.00205335
0.00206032
0.00206571
0.00206996
0.0020734
0.00207624
0.00207864
0.00208072
0.00208255
0.00208422
0.00208576
0.00208725
0.00208871
0.0020902
0.00209175
0.00209334
0.00209494
0.00209646
0.00209775
0.00209866
0.002099
0.00209861
0.00209734
0.00209507
0.00209175
0.00208737
0.00208199
0.00207568
0.00206858
0.00206086
0.00205272
0.00204438
0.0020361
0.00202815
0.0020208
0.00201425
0.0020087
0.00200426
0.00200103
0.00199904
0.00199827
0.00199868
0.00200018
0.00200267
0.00200608
0.00201029
0.00201523
0.0020208
0.00202692
0.0020335
0.00204044
0.00204763
0.00205494
0.00206223
0.00206935
0.00207616
0.00208251
0.00208829
0.00209339
0.00209776
0.00210138
0.00210427
0.00210648
0.00210811
0.0021092
0.00102124
0.00136022
0.0018715
0.00222328
0.00244808
0.00259473
0.00269401
0.00276382
0.00281468
0.00285291
0.00288244
0.00290581
0.00292469
0.00294025
0.00295329
0.00296439
0.00297397
0.00298236
0.0029898
0.00299649
0.00300259
0.00300827
0.00301368
0.00301895
0.00302418
0.00302941
0.00303456
0.00303946
0.00304378
0.00304712
0.00304904
0.00304909
0.00304692
0.00304223
0.0030349
0.00302492
0.00301242
0.00299762
0.00298086
0.00296253
0.00294314
0.00292319
0.00290324
0.00288385
0.00286557
0.00284883
0.00283403
0.00282146
0.00281131
0.00280366
0.00279854
0.00279586
0.0027955
0.00279731
0.00280113
0.00280677
0.00281409
0.00282289
0.00283302
0.00284429
0.00285647
0.00286934
0.00288262
0.00289603
0.00290924
0.00292197
0.00293391
0.00294483
0.00295453
0.0029629
0.00296991
0.00297558
0.00298002
0.00298339
0.00298578
0.00170708
0.00150447
0.00204415
0.00253669
0.00289421
0.00314704
0.00332847
0.0034619
0.00356263
0.0036406
0.00370233
0.00375222
0.00379326
0.00382758
0.0038567
0.00388174
0.00390351
0.00392266
0.00393969
0.00395499
0.00396891
0.00398178
0.00399389
0.00400553
0.0040169
0.00402808
0.00403894
0.00404914
0.00405807
0.00406497
0.004069
0.00406935
0.00406536
0.00405657
0.00404278
0.00402404
0.00400068
0.00397316
0.00394214
0.0039084
0.00387286
0.00383641
0.0038
0.00376461
0.00373109
0.0037002
0.00367257
0.00364871
0.00362893
0.0036134
0.00360217
0.00359514
0.00359214
0.00359293
0.00359727
0.00360486
0.00361545
0.00362874
0.0036444
0.00366212
0.00368151
0.00370216
0.00372359
0.00374531
0.00376679
0.00378754
0.00380708
0.00382501
0.00384103
0.00385495
0.0038667
0.00387635
0.00388405
0.00389002
0.0038944
0.00293021
0.00179432
0.00215557
0.00272719
0.0032116
0.00358299
0.00386409
0.004079
0.0042461
0.00437848
0.00448527
0.00457289
0.00464589
0.00470757
0.00476034
0.00480601
0.00484595
0.00488121
0.00491264
0.00494091
0.00496662
0.00499031
0.00501249
0.00503363
0.00505405
0.00507388
0.0050929
0.00511052
0.00512576
0.00513738
0.00514405
0.0051445
0.00513777
0.00512319
0.00510056
0.0050701
0.00503239
0.00498829
0.0049389
0.00488551
0.00482954
0.00477234
0.00471538
0.00466006
0.00460763
0.00455921
0.00451571
0.00447786
0.00444617
0.0044209
0.00440215
0.00438981
0.00438366
0.00438338
0.00438862
0.00439895
0.00441396
0.00443319
0.00445613
0.00448226
0.00451098
0.00454163
0.00457351
0.00460587
0.00463792
0.00466895
0.00469825
0.00472524
0.0047495
0.00477073
0.00478883
0.00480386
0.00481602
0.00482559
0.00483275
0.00471652
0.00241031
0.00230969
0.00283433
0.00340742
0.00389369
0.00428366
0.0045937
0.00484179
0.00504269
0.00520757
0.00534471
0.00546027
0.00555879
0.00564371
0.00571766
0.00578263
0.00584022
0.00589168
0.00593806
0.00598025
0.00601908
0.00605532
0.00608963
0.00612251
0.0061541
0.00618406
0.0062115
0.00623497
0.00625269
0.00626274
0.00626339
0.00625331
0.00623169
0.0061984
0.00615386
0.00609906
0.00603532
0.00596433
0.00588794
0.00580815
0.00572686
0.00564609
0.0055677
0.00549339
0.00542468
0.00536279
0.00530873
0.00526321
0.00522665
0.00519922
0.00518084
0.00517124
0.00517004
0.00517674
0.00519077
0.00521152
0.0052383
0.0052704
0.00530704
0.00534733
0.00539035
0.00543511
0.00548057
0.00552568
0.00556944
0.00561092
0.00564933
0.00568406
0.0057147
0.00574107
0.00576319
0.00578129
0.00579572
0.00580666
0.00695534
0.00349985
0.00265963
0.00293574
0.00351092
0.00408367
0.00457876
0.00499055
0.00533047
0.0056121
0.00584735
0.00604576
0.00621481
0.00636025
0.00648655
0.00659718
0.00669488
0.00678182
0.00685975
0.00693012
0.00699422
0.0070532
0.00710811
0.00715988
0.00720915
0.00725608
0.00730019
0.00734023
0.00737426
0.00739987
0.00741455
0.00741604
0.0074027
0.00737361
0.00732872
0.00726877
0.00719521
0.00710993
0.00701525
0.00691366
0.00680776
0.00670008
0.00659319
0.00648948
0.00639111
0.0063
0.00621777
0.00614572
0.00608482
0.0060357
0.00599866
0.00597368
0.00596049
0.00595862
0.00596745
0.00598623
0.00601412
0.00605018
0.00609341
0.00614271
0.00619692
0.00625479
0.006315
0.00637621
0.00643708
0.00649632
0.00655273
0.00660529
0.00665316
0.00669575
0.00673277
0.00676414
0.00679006
0.00681093
0.00682695
0.00946494
0.00509827
0.00338174
0.00315982
0.00358556
0.0041774
0.00475296
0.00526158
0.00569759
0.00606845
0.00638432
0.00665477
0.00688795
0.00709051
0.00726779
0.00742409
0.00756285
0.00768686
0.00779841
0.00789942
0.00799157
0.00807639
0.00815526
0.00822937
0.00829952
0.00836591
0.00842788
0.00848384
0.0085313
0.00856724
0.00858851
0.00859236
0.00857683
0.00854092
0.00848474
0.00840936
0.00831674
0.0082094
0.0080903
0.00796265
0.00782963
0.00769446
0.00756028
0.00742998
0.00730623
0.00719139
0.00708749
0.00699618
0.00691878
0.00685615
0.0068088
0.00677683
0.00675999
0.00675779
0.00676947
0.00679408
0.00683054
0.00687761
0.00693394
0.00699811
0.00706862
0.00714387
0.00722222
0.00730201
0.00738159
0.00745939
0.00753389
0.0076038
0.007668
0.00772567
0.00777628
0.00781962
0.0078558
0.00788522
0.00790806
0.0120503
0.00712193
0.0046001
0.00367976
0.00374451
0.00423199
0.00482945
0.00541081
0.00593604
0.00639799
0.00680078
0.00715173
0.00745842
0.00772772
0.00796547
0.00817659
0.00836512
0.00853444
0.00868736
0.00882626
0.00895327
0.00907029
0.00917904
0.00928099
0.00937713
0.00946768
0.00955185
0.00962766
0.00969214
0.00974162
0.00977238
0.00978118
0.00976575
0.00972504
0.00965932
0.00957002
0.00945963
0.00933128
0.00918863
0.00903555
0.00887587
0.00871347
0.00855206
0.00839507
0.00824566
0.00810667
0.00798055
0.00786939
0.00777487
0.00769818
0.00764012
0.00760096
0.00758057
0.00757841
0.00759366
0.00762514
0.00767152
0.00773122
0.00780255
0.00788373
0.00797287
0.00806804
0.00816729
0.00826862
0.0083701
0.00846983
0.00856601
0.00865697
0.0087413
0.00881782
0.0088857
0.00894447
0.00899408
0.00903485
0.00906686
0.0145382
0.00942111
0.00631631
0.00465971
0.00415424
0.00435399
0.00486444
0.00546284
0.00605162
0.00659513
0.00708406
0.00751953
0.00790638
0.0082504
0.0085572
0.00883188
0.00907884
0.00930188
0.00950425
0.00968876
0.00985795
0.0100141
0.0101592
0.0102951
0.010423
0.010543
0.0106543
0.0107547
0.0108405
0.0109077
0.010952
0.0109695
0.0109579
0.0109159
0.010844
0.010744
0.0106188
0.0104722
0.0103086
0.0101324
0.00994808
0.00976024
0.00957311
0.00939065
0.00921653
0.00905405
0.00890615
0.00877537
0.00866381
0.00857309
0.00850434
0.00845808
0.00843436
0.00843269
0.00845217
0.00849147
0.00854895
0.00862274
0.00871076
0.00881086
0.00892081
0.00903833
0.00916116
0.00928704
0.00941372
0.00953902
0.00966081
0.00977706
0.00988593
0.00998583
0.0100755
0.0101541
0.0102212
0.010277
0.0103214
0.0167964
0.0118301
0.00841662
0.00616647
0.00499572
0.00470745
0.00496497
0.00547746
0.00607302
0.00666908
0.00723109
0.00774722
0.00821571
0.00863906
0.00902134
0.00936699
0.00968027
0.00996508
0.0102249
0.0104629
0.0106819
0.0108844
0.0110729
0.0112494
0.0114152
0.0115707
0.0117148
0.011845
0.0119575
0.0120476
0.0121104
0.0121418
0.0121391
0.0121009
0.0120279
0.0119221
0.011787
0.0116268
0.0114465
0.0112512
0.0110461
0.0108362
0.0106265
0.0104212
0.0102247
0.0100408
0.00987269
0.00972358
0.00959599
0.009492
0.00941314
0.0093603
0.00933373
0.0093331
0.00935745
0.00940533
0.00947488
0.00956389
0.00966995
0.00979056
0.00992314
0.0100651
0.010214
0.0103673
0.0105224
0.010677
0.0108286
0.0109748
0.0111133
0.0112419
0.0113588
0.0114626
0.0115525
0.0116282
0.0116893
0.0187409
0.0141959
0.0107323
0.00812806
0.00637517
0.00548226
0.0052985
0.00556839
0.00606791
0.00665555
0.00725658
0.00783569
0.00837814
0.00887927
0.00933926
0.00976046
0.0101461
0.0104995
0.0108241
0.011123
0.0113992
0.0116556
0.0118947
0.0121187
0.0123291
0.0125264
0.0127096
0.0128758
0.013021
0.0131401
0.0132277
0.0132794
0.013292
0.0132643
0.0131969
0.013092
0.0129535
0.0127862
0.0125954
0.0123869
0.0121664
0.0119397
0.011712
0.0114884
0.0112734
0.0110713
0.0108861
0.0107212
0.0105796
0.0104641
0.0103765
0.0103182
0.0102897
0.0102908
0.0103206
0.0103777
0.01046
0.010565
0.01069
0.0108322
0.0109887
0.0111568
0.0113338
0.0115169
0.0117035
0.0118911
0.0120767
0.0122578
0.0124313
0.0125946
0.0127452
0.0128808
0.013
0.013102
0.0131856
0.0203353
0.0163925
0.0130921
0.0103772
0.00825299
0.00680513
0.00606205
0.00591225
0.00616261
0.00663481
0.00720686
0.00780792
0.00840069
0.00896709
0.00949942
0.00999543
0.0104556
0.0108819
0.0112767
0.0116428
0.011983
0.0123001
0.0125968
0.0128752
0.0131371
0.013383
0.0136118
0.0138208
0.0140055
0.0141604
0.0142801
0.0143596
0.0143955
0.0143863
0.0143327
0.0142371
0.0141036
0.0139372
0.0137438
0.0135296
0.0133011
0.0130644
0.0128252
0.012589
0.012361
0.0121457
0.0119477
0.0117709
0.0116188
0.0114945
0.0114006
0.0113386
0.0113095
0.0113134
0.0113496
0.0114164
0.0115119
0.0116332
0.0117774
0.0119417
0.0121228
0.012318
0.0125244
0.0127392
0.0129599
0.0131836
0.0134074
0.0136281
0.0138426
0.0140472
0.0142388
0.0144141
0.0145708
0.014707
0.0148206
0.0215825
0.0183294
0.0153493
0.0127226
0.0104644
0.0086521
0.0073891
0.00671235
0.00654767
0.00675168
0.00718034
0.00772556
0.00831836
0.00891864
0.00950458
0.0100651
0.0105953
0.0110936
0.0115606
0.0119975
0.0124066
0.01279
0.0131503
0.0134896
0.0138095
0.0141107
0.0143919
0.0146505
0.0148818
0.0150803
0.01524
0.0153558
0.0154239
0.0154426
0.0154124
0.0153358
0.0152169
0.0150611
0.0148746
0.014664
0.0144362
0.0141977
0.013955
0.0137137
0.0134795
0.0132575
0.0130526
0.012869
0.012711
0.012582
0.0124849
0.012422
0.0123945
0.0124028
0.0124463
0.0125236
0.0126324
0.0127701
0.0129336
0.0131198
0.0133255
0.013548
0.0137843
0.014032
0.0142883
0.0145507
0.0148161
0.0150811
0.0153422
0.0155953
0.0158359
0.01606
0.0162637
0.0164441
0.0165974
0.0225141
0.0199544
0.0173928
0.0149958
0.0127993
0.010854
0.00925304
0.00809649
0.00743
0.00721364
0.00734589
0.00771147
0.00821417
0.00878619
0.00938426
0.00998242
0.0105658
0.0111266
0.0116608
0.0121673
0.0126463
0.013099
0.013527
0.013932
0.0143155
0.0146778
0.0150178
0.0153327
0.015618
0.0158678
0.016076
0.016237
0.0163469
0.0164036
0.0164074
0.0163607
0.0162675
0.0161333
0.0159644
0.0157678
0.0155508
0.0153204
0.0150832
0.0148456
0.0146134
0.0143923
0.0141873
0.0140035
0.0138452
0.0137165
0.0136207
0.0135605
0.0135374
0.0135522
0.0136046
0.0136932
0.0138159
0.0139699
0.0141523
0.0143599
0.0145897
0.0148389
0.0151049
0.0153855
0.0156783
0.0159809
0.0162905
0.0166038
0.0169169
0.0172251
0.0175234
0.0178063
0.0180683
0.0183048
0.0185099
0.0231786
0.0212515
0.0191504
0.0170697
0.0150687
0.0131822
0.011469
0.0100167
0.00891708
0.0082239
0.00792739
0.00796293
0.00824224
0.00868153
0.00921499
0.00979641
0.0103955
0.0109932
0.0115782
0.012144
0.0126873
0.0132068
0.0137025
0.0141752
0.0146253
0.0150529
0.0154567
0.0158338
0.0161795
0.016488
0.0167529
0.0169683
0.0171299
0.0172352
0.0172842
0.0172788
0.0172231
0.0171223
0.0169828
0.0168117
0.0166167
0.016405
0.0161836
0.0159593
0.0157382
0.0155265
0.0153295
0.0151526
0.0150006
0.0148781
0.0147886
0.0147354
0.0147203
0.0147445
0.0148077
0.014909
0.0150463
0.0152169
0.0154179
0.0156463
0.0158993
0.0161743
0.0164691
0.016782
0.017111
0.0174542
0.0178095
0.0181738
0.0185434
0.0189134
0.0192779
0.0196302
0.0199632
0.0202699
0.0205416
0.0236309
0.0222362
0.0205882
0.0188628
0.0171328
0.0154307
0.0137891
0.0122607
0.0109209
0.00985089
0.00911003
0.00871324
0.00862895
0.00879609
0.00914584
0.0096168
0.0101611
0.0107444
0.0113432
0.0119423
0.0125321
0.0131067
0.0136629
0.0141993
0.0147147
0.0152083
0.0156781
0.0161209
0.0165319
0.0169051
0.0172338
0.017512
0.0177347
0.0178989
0.0180041
0.0180519
0.0180457
0.0179907
0.0178928
0.0177594
0.0175981
0.0174165
0.0172219
0.0170212
0.016821
0.0166276
0.016447
0.0162848
0.0161462
0.0160361
0.0159585
0.015917
0.015914
0.0159507
0.0160275
0.0161433
0.0162964
0.0164842
0.016704
0.0169529
0.0172283
0.017528
0.0178504
0.0181942
0.0185583
0.0189417
0.0193429
0.0197597
0.0201891
0.0206263
0.0210651
0.0214978
0.0219154
0.0223085
0.0226645
0.0239241
0.0229458
0.0217059
0.0203354
0.0189062
0.0174526
0.0159956
0.0145615
0.0131926
0.0119492
0.0109003
0.0101063
0.0095999
0.00937813
0.00940743
0.00963765
0.0100159
0.0104955
0.0110393
0.0116198
0.0122174
0.0128188
0.0134153
0.0140011
0.0145723
0.0151259
0.0156586
0.0161664
0.0166439
0.0170849
0.0174823
0.0178296
0.0181213
0.0183537
0.0185254
0.0186373
0.0186925
0.0186955
0.0186516
0.0185682
0.0184527
0.0183129
0.0181562
0.0179897
0.0178205
0.017655
0.0174994
0.0173598
0.0172418
0.0171504
0.0170904
0.0170654
0.0170785
0.0171312
0.0172241
0.0173567
0.0175273
0.0177335
0.0179728
0.0182423
0.0185398
0.0188635
0.0192123
0.0195856
0.0199832
0.0204053
0.0208515
0.0213211
0.021812
0.0223205
0.0228407
0.0233644
0.0238809
0.0243782
0.0248391
0.0241048
0.0234303
0.0225301
0.0214842
0.0203512
0.0191647
0.0179427
0.0166986
0.0154511
0.0142309
0.0130828
0.0120624
0.0112256
0.0106148
0.010249
0.0101206
0.0102015
0.0104527
0.010833
0.0113055
0.01184
0.0124129
0.0130071
0.0136101
0.0142129
0.0148086
0.0153915
0.0159557
0.0164946
0.017001
0.0174674
0.0178865
0.0182518
0.0185588
0.0188052
0.0189909
0.0191179
0.01919
0.019212
0.0191904
0.0191327
0.0190463
0.0189387
0.0188173
0.018689
0.0185608
0.018439
0.0183299
0.0182395
0.0181732
0.018136
0.0181323
0.0181652
0.0182371
0.0183488
0.0185002
0.01869
0.018916
0.0191756
0.0194665
0.0197865
0.020134
0.0205085
0.0209101
0.0213396
0.0217984
0.022288
0.0228091
0.0233617
0.0239439
0.0245511
0.0251754
0.0258052
0.0264258
0.0270151
0.0242104
0.023743
0.0231051
0.0223339
0.0214686
0.0205374
0.0195569
0.0185366
0.0174843
0.0164115
0.0153381
0.0142947
0.0133225
0.0124679
0.011775
0.0112758
0.0109838
0.0108936
0.0109844
0.0112268
0.0115888
0.0120405
0.0125561
0.013115
0.0137007
0.0143006
0.0149041
0.0155019
0.0160853
0.0166452
0.0171726
0.017659
0.0180968
0.0184802
0.0188053
0.0190707
0.0192773
0.0194276
0.0195256
0.0195766
0.0195874
0.0195654
0.0195177
0.0194517
0.0193743
0.0192926
0.0192132
0.0191424
0.0190866
0.0190514
0.0190423
0.019064
0.0191203
0.0192139
0.0193464
0.0195182
0.0197283
0.019975
0.0202561
0.0205691
0.020912
0.0212836
0.0216836
0.0221127
0.0225729
0.0230666
0.0235973
0.0241679
0.0247811
0.0254377
0.0261355
0.0268685
0.0276253
0.0283892
0.0291327
0.0242687
0.0239331
0.0234832
0.022928
0.0222874
0.0215809
0.0208224
0.0200202
0.0191788
0.0183021
0.0173958
0.0164709
0.015546
0.0146483
0.0138124
0.0130761
0.012475
0.0120355
0.0117707
0.0116797
0.0117495
0.011959
0.012284
0.0126999
0.0131846
0.0137186
0.0142855
0.0148709
0.0154617
0.0160459
0.016612
0.0171492
0.0176479
0.0181004
0.0185008
0.0188458
0.0191344
0.0193676
0.0195481
0.0196795
0.0197678
0.0198194
0.0198412
0.01984
0.0198228
0.0197964
0.0197675
0.0197426
0.0197281
0.0197299
0.0197538
0.0198049
0.0198875
0.020005
0.0201597
0.0203525
0.0205833
0.0208509
0.0211534
0.0214887
0.0218548
0.0222506
0.0226761
0.0231325
0.0236222
0.0241494
0.0247189
0.0253366
0.0260082
0.0267382
0.0275285
0.0283764
0.0292726
0.0301997
0.0311254
0.0242989
0.0240415
0.0237167
0.023319
0.0228541
0.0223318
0.0217619
0.0211513
0.0205038
0.0198214
0.019105
0.0183565
0.0175807
0.0167867
0.0159902
0.015213
0.0144829
0.0138304
0.013285
0.0128702
0.0126008
0.0124809
0.012505
0.01266
0.0129283
0.0132905
0.0137269
0.0142189
0.0147489
0.0153006
0.0158587
0.016409
0.0169391
0.0174379
0.0178969
0.0183101
0.0186737
0.0189865
0.0192492
0.0194637
0.0196339
0.0197649
0.0198627
0.0199337
0.0199841
0.0200206
0.0200496
0.0200774
0.0201105
0.0201549
0.0202166
0.0203008
0.0204125
0.0205557
0.0207334
0.0209473
0.0211982
0.0214856
0.0218084
0.0221648
0.0225532
0.0229726
0.0234231
0.0239061
0.0244247
0.0249839
0.0255904
0.0262526
0.0269798
0.0277812
0.028664
0.0296311
0.0306776
0.0317875
0.0329247
0.0243137
0.0240994
0.0238516
0.0235602
0.0232227
0.0228417
0.0224217
0.0219673
0.021482
0.0209674
0.020424
0.0198512
0.0192489
0.0186176
0.0179607
0.017285
0.0166018
0.0159277
0.0152838
0.0146943
0.0141834
0.0137731
0.0134795
0.0133117
0.0132708
0.0133513
0.0135421
0.0138285
0.0141934
0.0146192
0.0150876
0.0155812
0.0160836
0.0165803
0.0170587
0.017509
0.0179239
0.0182987
0.0186313
0.018921
0.0191689
0.0193782
0.0195531
0.0196988
0.0198208
0.0199247
0.0200166
0.0201024
0.0201882
0.0202799
0.0203834
0.0205043
0.0206478
0.0208182
0.0210195
0.0212541
0.0215238
0.0218291
0.0221697
0.0225447
0.022953
0.023394
0.0238677
0.024376
0.0249222
0.0255121
0.0261539
0.0268584
0.0276384
0.0285086
0.029483
0.0305719
0.0317776
0.0330888
0.0344671
0.0243203
0.0241281
0.0239241
0.023699
0.0234471
0.0231665
0.022858
0.0225234
0.0221648
0.0217837
0.0213807
0.0209556
0.0205075
0.0200352
0.0195375
0.0190143
0.0184671
0.0179
0.0173205
0.0167398
0.016173
0.015638
0.0151547
0.0147421
0.0144173
0.0141925
0.0140747
0.0140648
0.0141581
0.014345
0.0146122
0.0149439
0.0153231
0.015733
0.0161577
0.0165832
0.016998
0.0173929
0.0177617
0.0181002
0.0184062
0.0186794
0.0189215
0.0191355
0.0193252
0.019495
0.0196498
0.0197948
0.0199352
0.0200766
0.0202245
0.0203844
0.0205614
0.0207604
0.0209855
0.0212403
0.0215273
0.021848
0.0222034
0.0225934
0.0230179
0.0234768
0.0239708
0.0245018
0.0250736
0.0256926
0.0263681
0.027113
0.0279439
0.0288808
0.0299453
0.0311575
0.0325298
0.0340589
0.0357072
0.0243232
0.0241413
0.0239602
0.0237729
0.0235739
0.0233596
0.0231282
0.0228796
0.0226142
0.0223328
0.0220359
0.0217237
0.0213958
0.0210513
0.020689
0.0203073
0.0199048
0.0194805
0.0190346
0.0185687
0.0180869
0.0175958
0.017105
0.0166268
0.0161758
0.0157677
0.0154181
0.0151406
0.0149458
0.0148396
0.0148232
0.0148927
0.0150398
0.0152528
0.015518
0.0158211
0.0161481
0.0164866
0.0168259
0.0171578
0.0174759
0.0177759
0.0180555
0.0183144
0.0185539
0.018776
0.0189837
0.0191807
0.0193709
0.0195589
0.0197494
0.0199473
0.0201573
0.0203843
0.0206327
0.0209064
0.0212087
0.0215422
0.0219089
0.0223099
0.0227462
0.0232188
0.0237289
0.0242793
0.0248741
0.0255204
0.0262284
0.0270129
0.0278938
0.0288962
0.0300503
0.0313871
0.0329318
0.0346926
0.0366358
0.0243243
0.0241468
0.0239767
0.0238093
0.0236402
0.0234659
0.0232838
0.0230926
0.0228914
0.0226801
0.0224587
0.0222274
0.021986
0.0217344
0.0214717
0.0211972
0.0209094
0.020607
0.0202885
0.0199526
0.0195985
0.0192262
0.0188371
0.0184344
0.018023
0.0176102
0.0172056
0.0168203
0.0164667
0.0161572
0.0159031
0.0157132
0.0155932
0.0155444
0.0155644
0.0156471
0.0157839
0.0159647
0.016179
0.0164166
0.0166684
0.0169268
0.0171852
0.0174396
0.0176875
0.017928
0.018161
0.0183878
0.0186102
0.018831
0.0190532
0.0192807
0.0195172
0.0197671
0.0200343
0.020323
0.0206368
0.0209791
0.0213527
0.0217601
0.0222034
0.0226847
0.0232066
0.0237725
0.0243876
0.0250595
0.0257995
0.0266239
0.0275553
0.0286239
0.0298678
0.0313298
0.0330496
0.0350493
0.0373019
0.0243246
0.024149
0.0239836
0.0238256
0.0236718
0.0235195
0.0233663
0.0232101
0.0230498
0.0228845
0.0227135
0.0225367
0.0223538
0.0221647
0.0219692
0.0217669
0.0215573
0.0213397
0.021113
0.0208762
0.0206281
0.0203674
0.020093
0.0198042
0.0195009
0.019184
0.0188552
0.018518
0.0181776
0.0178404
0.0175148
0.0172099
0.0169351
0.0166993
0.0165097
0.0163714
0.0162866
0.0162547
0.0162726
0.0163355
0.0164371
0.0165708
0.0167295
0.016907
0.0170984
0.0172997
0.0175081
0.0177217
0.0179398
0.0181625
0.0183907
0.0186262
0.0188714
0.019129
0.0194024
0.0196952
0.0200109
0.0203532
0.0207257
0.0211318
0.0215748
0.0220581
0.0225856
0.0231619
0.0237931
0.0244877
0.0252581
0.0261216
0.0271032
0.0282371
0.0295683
0.0311505
0.0330376
0.0352665
0.0378177
0.0243248
0.0241497
0.0239862
0.0238322
0.0236855
0.023544
0.0234057
0.0232688
0.0231318
0.0229936
0.0228531
0.0227097
0.0225629
0.0224126
0.0222584
0.0221002
0.0219379
0.0217713
0.0216001
0.0214241
0.0212425
0.0210549
0.0208605
0.0206585
0.020448
0.0202283
0.0199987
0.0197593
0.0195102
0.0192529
0.0189893
0.0187229
0.0184581
0.0182005
0.0179562
0.0177321
0.0175343
0.0173684
0.0172385
0.0171472
0.0170953
0.0170819
0.0171048
0.0171605
0.0172453
0.0173556
0.0174879
0.0176391
0.0178067
0.0179888
0.0181844
0.0183932
0.0186159
0.0188537
0.0191088
0.0193838
0.0196819
0.0200068
0.0203622
0.0207523
0.0211815
0.0216542
0.0221754
0.0227509
0.0233878
0.0240954
0.0248868
0.0257801
0.0268017
0.0279884
0.0293901
0.0310687
0.0330896
0.0355017
0.0382934
0.0243248
0.0241499
0.023987
0.0238344
0.0236903
0.0235531
0.0234211
0.0232926
0.0231662
0.0230406
0.0229147
0.0227876
0.0226587
0.0225274
0.0223935
0.0222568
0.0221174
0.0219751
0.0218302
0.0216826
0.0215323
0.0213794
0.0212236
0.0210647
0.0209024
0.0207364
0.0205661
0.020391
0.0202109
0.0200256
0.0198352
0.0196404
0.0194424
0.0192431
0.0190452
0.0188522
0.0186682
0.0184976
0.0183447
0.0182137
0.018108
0.0180302
0.0179816
0.0179627
0.0179725
0.0180097
0.0180725
0.0181589
0.0182668
0.0183944
0.0185404
0.018704
0.018885
0.0190842
0.0193029
0.0195433
0.0198083
0.0201014
0.0204266
0.0207885
0.0211918
0.0216417
0.022144
0.0227052
0.0233329
0.0240369
0.0248305
0.0257322
0.0267687
0.0279779
0.0294121
0.0311373
0.0332253
0.0357327
0.038653
0.0243248
0.0241499
0.023987
0.0238344
0.0236903
0.0235531
0.0234211
0.0232926
0.0231662
0.0230406
0.0229147
0.0227876
0.0226587
0.0225274
0.0223935
0.0222568
0.0221174
0.0219751
0.0218302
0.0216826
0.0215323
0.0213794
0.0212236
0.0210647
0.0209025
0.0207364
0.020566
0.020391
0.0202108
0.0200254
0.019835
0.01964
0.0194417
0.0192422
0.0190441
0.0188509
0.0186666
0.0184958
0.0183428
0.0182118
0.0181063
0.0180286
0.0179804
0.0179616
0.0179715
0.0180088
0.0180715
0.0181577
0.0182653
0.0183923
0.0185375
0.0187
0.0188797
0.0190772
0.0192939
0.0195322
0.0197948
0.0200853
0.0204078
0.0207667
0.0211671
0.0216141
0.0221135
0.0226717
0.0232965
0.0239977
0.0247884
0.0256871
0.0267205
0.0279265
0.0293573
0.031079
0.0331635
0.0356678
0.0385861
0.0243248
0.0241497
0.0239862
0.0238322
0.0236855
0.023544
0.0234057
0.0232688
0.0231318
0.0229936
0.0228531
0.0227097
0.022563
0.0224127
0.0222585
0.0221003
0.021938
0.0217714
0.0216003
0.0214242
0.0212427
0.0210552
0.0208608
0.0206588
0.0204483
0.0202286
0.019999
0.0197595
0.0195103
0.0192528
0.0189889
0.0187221
0.0184569
0.0181988
0.0179541
0.0177295
0.0175315
0.0173655
0.0172357
0.0171447
0.0170932
0.0170803
0.0171035
0.0171593
0.0172438
0.0173534
0.0174845
0.0176338
0.0177989
0.0179777
0.0181693
0.0183733
0.0185903
0.0188217
0.0190696
0.0193368
0.0196265
0.0199425
0.0202888
0.0206696
0.0210893
0.0215527
0.0220648
0.0226314
0.0232596
0.0239587
0.0247416
0.0256264
0.0266393
0.0278171
0.0292097
0.0308792
0.0328915
0.0352969
0.0380849
0.0243246
0.024149
0.0239836
0.0238256
0.0236719
0.0235196
0.0233663
0.0232102
0.0230499
0.0228846
0.0227136
0.0225368
0.022354
0.0221649
0.0219695
0.0217672
0.0215577
0.0213401
0.0211135
0.0208768
0.0206287
0.020368
0.0200937
0.019805
0.0195018
0.0191849
0.018856
0.0185188
0.0181781
0.0178406
0.0175146
0.0172092
0.016934
0.0166979
0.0165081
0.0163699
0.0162854
0.0162541
0.0162727
0.0163364
0.0164386
0.0165726
0.0167312
0.0169079
0.0170976
0.0172963
0.0175012
0.0177102
0.0179225
0.0181382
0.0183583
0.0185844
0.0188189
0.0190649
0.0193256
0.0196047
0.0199061
0.0202337
0.0205911
0.020982
0.0214099
0.0218784
0.0223915
0.0229536
0.0235711
0.0242523
0.0250093
0.0258595
0.0268276
0.0279478
0.0292652
0.030834
0.0327091
0.0349292
0.037477
0.0243243
0.0241468
0.0239767
0.0238093
0.0236402
0.0234659
0.0232839
0.0230927
0.0228916
0.0226803
0.022459
0.0222278
0.0219865
0.0217349
0.0214724
0.0211979
0.0209102
0.020608
0.0202896
0.0199538
0.0195998
0.0192276
0.0188387
0.018436
0.0180247
0.0176119
0.0172071
0.0168216
0.0164677
0.0161578
0.0159033
0.0157133
0.0155933
0.0155448
0.0155654
0.0156491
0.0157871
0.0159693
0.0161848
0.0164233
0.0166756
0.0169338
0.0171912
0.0174434
0.0176881
0.017924
0.0181512
0.0183708
0.0185845
0.018795
0.0190055
0.0192198
0.0194418
0.0196759
0.0199262
0.020197
0.0204924
0.0208158
0.0211704
0.0215588
0.0219835
0.0224465
0.0229507
0.0234993
0.0240975
0.0247527
0.0254762
0.0262839
0.0271984
0.0282499
0.0294766
0.030922
0.0326274
0.0346169
0.0368662
0.0243232
0.0241413
0.0239602
0.023773
0.023574
0.0233598
0.0231285
0.02288
0.0226147
0.0223334
0.0220366
0.0217245
0.0213967
0.0210524
0.0206903
0.0203087
0.0199064
0.0194823
0.0190365
0.0185709
0.0180892
0.0175982
0.0171074
0.0166292
0.0161781
0.0157699
0.0154199
0.0151421
0.014947
0.0148406
0.0148243
0.0148942
0.0150421
0.0152564
0.0155232
0.0158282
0.0161572
0.0164974
0.0168382
0.0171709
0.0174892
0.0177883
0.0180657
0.0183213
0.018556
0.0187718
0.0189717
0.0191592
0.0193384
0.0195136
0.0196897
0.0198716
0.0200643
0.0202726
0.0205013
0.0207545
0.0210358
0.0213481
0.0216936
0.0220739
0.0224899
0.0229427
0.0234337
0.0239655
0.0245422
0.0251706
0.0258608
0.0266273
0.0274899
0.0284738
0.0296094
0.0309287
0.0324585
0.0342091
0.0361497
0.0243204
0.0241281
0.0239242
0.0236991
0.0234473
0.0231669
0.0228585
0.0225241
0.0221657
0.0217847
0.0213819
0.0209571
0.0205092
0.020037
0.0195396
0.0190166
0.0184697
0.0179029
0.0173235
0.016743
0.0161761
0.0156411
0.0151576
0.0147448
0.0144196
0.0141944
0.0140761
0.014066
0.0141592
0.0143464
0.0146144
0.0149474
0.0153284
0.0157406
0.0161678
0.0165959
0.017013
0.01741
0.0177802
0.0181193
0.018425
0.0186965
0.0189355
0.019145
0.0193285
0.0194906
0.019636
0.0197697
0.0198971
0.0200238
0.0201553
0.0202972
0.0204549
0.0206334
0.0208371
0.0210698
0.0213345
0.021633
0.0219665
0.0223352
0.0227391
0.0231782
0.0236531
0.0241657
0.0247196
0.025321
0.025979
0.0267062
0.0275192
0.0284379
0.0294847
0.0306805
0.0320392
0.0335597
0.035207
0.0243137
0.0240994
0.0238518
0.0235606
0.0232232
0.0228424
0.0224226
0.0219685
0.0214835
0.0209692
0.020426
0.0198536
0.0192515
0.0186206
0.017964
0.0172885
0.0166055
0.0159315
0.0152876
0.0146979
0.0141868
0.0137761
0.013482
0.0133135
0.0132721
0.0133522
0.0135427
0.0138291
0.0141946
0.0146213
0.0150914
0.0155872
0.0160923
0.016592
0.0170737
0.0175271
0.0179447
0.0183216
0.0186555
0.0189454
0.0191924
0.0193992
0.0195702
0.0197103
0.019825
0.01992
0.020001
0.0200742
0.0201456
0.0202212
0.0203069
0.0204085
0.0205314
0.0206802
0.0208591
0.021071
0.021318
0.021601
0.0219199
0.022274
0.0226623
0.0230843
0.0235401
0.024031
0.0245605
0.025134
0.0257596
0.0264476
0.0272113
0.0280651
0.0290237
0.0300985
0.0312932
0.0325985
0.0339779
0.024299
0.0240417
0.0237171
0.0233196
0.022855
0.0223331
0.0217635
0.0211532
0.0205061
0.0198241
0.0191081
0.01836
0.0175845
0.0167909
0.0159945
0.0152174
0.0144873
0.0138346
0.0132887
0.0128734
0.0126033
0.0124827
0.0125061
0.0126605
0.0129284
0.0132904
0.0137269
0.0142195
0.0147506
0.015304
0.0158645
0.0164179
0.0169513
0.0174538
0.0179166
0.0183331
0.0186996
0.0190145
0.0192783
0.0194927
0.0196612
0.0197891
0.0198822
0.0199467
0.0199889
0.0200154
0.0200325
0.0200468
0.0200645
0.0200918
0.0201347
0.0201989
0.0202894
0.0204105
0.0205656
0.0207569
0.0209854
0.0212511
0.021553
0.0218896
0.0222594
0.0226613
0.0230953
0.0235627
0.0240662
0.0246107
0.0252027
0.0258504
0.0265632
0.0273505
0.0282203
0.0291763
0.0302149
0.0313218
0.0324621
0.0242687
0.0239334
0.0234838
0.022929
0.0222889
0.0215829
0.0208248
0.0200231
0.0191822
0.018306
0.0174001
0.0164756
0.015551
0.0146534
0.0138173
0.0130808
0.0124791
0.0120388
0.0117733
0.0116815
0.0117505
0.0119593
0.0122837
0.0126993
0.0131838
0.0137181
0.0142855
0.0148719
0.0154645
0.0160511
0.0166202
0.017161
0.0176637
0.0181204
0.0185248
0.0188734
0.0191648
0.0194
0.0195812
0.0197121
0.0197983
0.0198461
0.0198624
0.0198541
0.0198279
0.0197908
0.0197494
0.0197102
0.0196797
0.0196639
0.0196688
0.0196995
0.0197608
0.0198564
0.0199889
0.0201597
0.0203691
0.0206161
0.0208991
0.0212161
0.0215653
0.0219455
0.0223563
0.0227988
0.0232753
0.0237896
0.0243465
0.0249518
0.0256113
0.0263298
0.0271099
0.0279497
0.0288411
0.0297678
0.0306983
0.0242106
0.0237436
0.0231062
0.0223356
0.021471
0.0205404
0.0195605
0.0185407
0.0174889
0.0164166
0.0153436
0.0143003
0.013328
0.0124731
0.0117796
0.0112795
0.0109865
0.0108954
0.0109854
0.011227
0.0115885
0.0120397
0.0125551
0.0131139
0.0136998
0.0143002
0.0149046
0.0155039
0.0160895
0.0166522
0.0171832
0.0176737
0.018116
0.0185038
0.0188332
0.0191022
0.0193116
0.0194636
0.0195621
0.0196121
0.0196203
0.019594
0.0195404
0.0194666
0.0193799
0.019287
0.0191947
0.0191094
0.0190373
0.0189845
0.0189564
0.018958
0.0189935
0.0190658
0.0191771
0.0193279
0.0195179
0.0197456
0.0200089
0.0203054
0.0206333
0.020991
0.0213782
0.0217953
0.0222439
0.0227267
0.0232466
0.0238069
0.0244102
0.0250578
0.0257482
0.0264759
0.0272305
0.027996
0.0287455
0.0241052
0.0234313
0.0225319
0.0214868
0.0203546
0.0191688
0.0179474
0.0167039
0.0154569
0.014237
0.0130889
0.0120682
0.0112307
0.010619
0.0102521
0.0101227
0.0102026
0.010453
0.0108327
0.0113048
0.0118389
0.0124117
0.0130059
0.013609
0.0142122
0.0148088
0.0153929
0.0159589
0.0165003
0.01701
0.0174804
0.0179039
0.0182739
0.0185856
0.0188363
0.0190256
0.0191553
0.0192289
0.0192511
0.0192281
0.0191674
0.0190763
0.0189625
0.018833
0.0186952
0.0185556
0.0184209
0.0182974
0.018191
0.0181074
0.0180519
0.0180288
0.0180418
0.0180935
0.0181852
0.0183172
0.0184885
0.0186971
0.0189408
0.0192171
0.0195238
0.0198592
0.0202226
0.0206138
0.0210335
0.021483
0.0219635
0.0224762
0.0230212
0.0235967
0.0241988
0.0248202
0.0254499
0.0260737
0.0266694
0.0239247
0.0229474
0.0217086
0.020339
0.0189108
0.0174579
0.0160015
0.0145679
0.0131992
0.0119556
0.0109061
0.0101111
0.00960357
0.0093806
0.0094088
0.00963813
0.0100157
0.0104949
0.0110384
0.0116187
0.0122162
0.0128177
0.0134144
0.0140005
0.0145723
0.0151268
0.0156609
0.0161708
0.0166512
0.0170957
0.0174974
0.0178494
0.0181459
0.018383
0.0185591
0.0186745
0.0187322
0.0187365
0.0186925
0.0186074
0.0184887
0.0183441
0.0181809
0.0180065
0.0178276
0.017651
0.0174829
0.0173293
0.0171959
0.017088
0.0170105
0.0169673
0.0169617
0.0169957
0.0170703
0.0171851
0.017339
0.0175297
0.0177548
0.0180114
0.0182974
0.0186106
0.0189497
0.0193141
0.0197034
0.0201177
0.0205566
0.0210195
0.0215045
0.0220084
0.0225256
0.0230483
0.0235662
0.0240675
0.0245349
0.0236319
0.0222386
0.020592
0.0188676
0.0171386
0.0154372
0.0137959
0.0122677
0.0109275
0.0098566
0.00911452
0.00871637
0.00863082
0.00879691
0.00914588
0.00961631
0.0101603
0.0107434
0.0113422
0.0119414
0.0125312
0.013106
0.0136626
0.0141993
0.0147155
0.0152101
0.0156815
0.0161266
0.0165406
0.0169175
0.0172507
0.0175336
0.0177613
0.0179303
0.0180397
0.0180908
0.018087
0.018033
0.0179349
0.0177996
0.017635
0.0174485
0.0172475
0.017039
0.0168296
0.0166256
0.0164331
0.0162576
0.0161047
0.0159791
0.0158854
0.015827
0.0158069
0.0158266
0.0158867
0.0159866
0.0161248
0.0162989
0.0165062
0.0167439
0.0170091
0.0172997
0.0176139
0.0179501
0.0183072
0.0186841
0.0190794
0.0194912
0.0199164
0.0203507
0.0207881
0.0212212
0.0216412
0.0220386
0.0224007
0.0231803
0.021255
0.0191554
0.0170758
0.0150755
0.0131895
0.0114763
0.0100234
0.00892264
0.00822801
0.00793002
0.00796429
0.00824265
0.0086813
0.00921439
0.00979562
0.0103946
0.0109924
0.0115776
0.0121435
0.012687
0.0132067
0.0137028
0.014176
0.0146268
0.0150556
0.0154611
0.0158406
0.0161894
0.0165017
0.0167711
0.0169914
0.0171578
0.0172678
0.0173208
0.0173186
0.0172651
0.0171652
0.0170253
0.0168523
0.016654
0.0164376
0.0162102
0.0159785
0.0157488
0.0155271
0.015319
0.0151299
0.0149649
0.0148282
0.0147241
0.0146557
0.0146253
0.0146342
0.0146827
0.0147699
0.014894
0.0150526
0.0152426
0.0154612
0.0157054
0.0159725
0.0162603
0.0165667
0.0168899
0.0172279
0.0175787
0.0179392
0.018306
0.0186745
0.0190388
0.0193924
0.0197282
0.0200393
0.0203165
0.0225166
0.019959
0.0173989
0.0150028
0.0128069
0.0108615
0.00925981
0.00810193
0.00743379
0.00721587
0.00734688
0.00771161
0.00821381
0.00878559
0.0093836
0.0099818
0.0105654
0.0111263
0.0116607
0.0121674
0.0126467
0.0130996
0.013528
0.0139335
0.0143178
0.0146812
0.015023
0.0153404
0.0156288
0.0158824
0.016095
0.0162608
0.0163755
0.0164367
0.0164443
0.0164006
0.0163094
0.016176
0.0160067
0.0158083
0.0155882
0.0153534
0.0151106
0.0148662
0.0146261
0.0143959
0.014181
0.0139863
0.0138162
0.013675
0.0135662
0.0134925
0.013456
0.0134574
0.0134968
0.0135731
0.0136843
0.0138278
0.0140007
0.0141998
0.014422
0.0146644
0.0149245
0.0151997
0.0154877
0.0157862
0.0160923
0.016403
0.0167144
0.0170222
0.0173211
0.0176058
0.0178708
0.0181114
0.0183213
0.021586
0.0183353
0.0153564
0.0127304
0.0104721
0.00865899
0.00739448
0.00671592
0.0065496
0.00675241
0.00718033
0.00772518
0.00831785
0.00891816
0.00950422
0.0100649
0.0105953
0.0110939
0.0115611
0.0119983
0.0124076
0.0127913
0.013152
0.0134918
0.0138125
0.0141148
0.0143978
0.0146587
0.0148932
0.0150955
0.0152595
0.0153798
0.0154524
0.0154753
0.0154488
0.015375
0.015258
0.015103
0.0149161
0.0147038
0.0144732
0.0142308
0.0139829
0.0137356
0.0134944
0.0132645
0.0130507
0.0128576
0.0126893
0.0125494
0.012441
0.0123664
0.0123272
0.012324
0.0123563
0.012423
0.0125219
0.0126506
0.0128059
0.0129848
0.013184
0.0134007
0.013632
0.0138752
0.0141277
0.0143869
0.0146497
0.0149131
0.0151734
0.0154266
0.0156684
0.0158946
0.0161013
0.0162853
0.0164426
0.02034
0.0163994
0.0130999
0.0103851
0.00826007
0.00681057
0.00606552
0.005914
0.00616319
0.00663475
0.00720653
0.00780755
0.00840042
0.00896701
0.00949957
0.00999582
0.0104563
0.0108828
0.0112778
0.0116442
0.0119847
0.0123021
0.012599
0.012878
0.0131407
0.0133877
0.0136182
0.0138294
0.0140171
0.0141756
0.0142994
0.0143831
0.0144233
0.0144181
0.0143679
0.0142749
0.0141431
0.0139774
0.0137837
0.0135681
0.0133372
0.0130969
0.0128534
0.0126119
0.0123778
0.0121557
0.0119502
0.0117651
0.0116042
0.0114706
0.011367
0.0112951
0.0112561
0.0112502
0.0112769
0.0113348
0.0114218
0.0115354
0.0116728
0.0118308
0.0120064
0.0121967
0.0123989
0.0126102
0.0128278
0.0130491
0.0132712
0.013491
0.0137052
0.0139105
0.0141035
0.0142811
0.0144404
0.0145798
0.0146967
0.0187468
0.0142036
0.0107404
0.00813539
0.00638082
0.00548578
0.00530019
0.00556891
0.00606785
0.0066553
0.00725637
0.00783565
0.00837832
0.00887971
0.00933996
0.00976143
0.0101473
0.010501
0.0108258
0.0111249
0.0114014
0.011658
0.0118974
0.0121219
0.012333
0.0125314
0.0127161
0.0128845
0.0130325
0.0131549
0.0132463
0.0133019
0.0133184
0.0132944
0.01323
0.0131276
0.0129907
0.0128241
0.0126331
0.0124234
0.012201
0.0119713
0.01174
0.0115119
0.0112917
0.0110839
0.0108922
0.0107204
0.0105715
0.0104482
0.0103525
0.0102859
0.0102491
0.010242
0.010264
0.0103136
0.0103889
0.0104875
0.0106067
0.0107436
0.0108956
0.0110597
0.0112332
0.0114135
0.0115978
0.0117836
0.0119682
0.0121488
0.0123226
0.0124868
0.0126389
0.0127767
0.0128983
0.013003
0.0130892
0.0168034
0.0118383
0.00842427
0.00617248
0.00499947
0.0047092
0.00496549
0.00547744
0.00607288
0.00666903
0.00723126
0.00774764
0.00821641
0.00864003
0.00902259
0.00936849
0.00968201
0.00996705
0.0102271
0.0104653
0.0106845
0.0108873
0.0110761
0.011253
0.0114194
0.0115758
0.0117214
0.0118536
0.0119686
0.0120616
0.0121278
0.0121628
0.0121635
0.0121286
0.0120584
0.0119548
0.0118212
0.0116617
0.0114814
0.0112852
0.0110785
0.0108663
0.0106535
0.0104446
0.0102439
0.0100551
0.00988177
0.00972694
0.00959327
0.00948287
0.0093974
0.00933779
0.00930446
0.00929714
0.00931506
0.00935681
0.00942066
0.0095044
0.00960571
0.00972205
0.0098509
0.00998966
0.0101358
0.0102868
0.0104403
0.0105937
0.0107447
0.0108908
0.0110298
0.0111594
0.0112778
0.0113835
0.0114755
0.0115535
0.0116167
0.014546
0.00942907
0.00632284
0.0046639
0.0041562
0.00435459
0.00486448
0.00546279
0.00605172
0.00659547
0.00708469
0.00752045
0.00790758
0.00825186
0.00855892
0.00883383
0.009081
0.00930424
0.00950679
0.00969149
0.00986085
0.0100172
0.0101626
0.0102988
0.0104272
0.0105481
0.0106607
0.0107628
0.0108508
0.0109206
0.0109678
0.0109885
0.0109799
0.0109408
0.0108713
0.0107733
0.0106495
0.0105037
0.0103401
0.0101633
0.0099778
0.00978811
0.00959859
0.00941318
0.00923566
0.0090693
0.00891715
0.00878175
0.00866528
0.0085694
0.00849532
0.00844364
0.0084145
0.00840751
0.00842185
0.00845625
0.00850918
0.00857875
0.00866296
0.00875965
0.00886662
0.00898158
0.00910229
0.00922648
0.00935193
0.00947646
0.00959795
0.00971439
0.00982391
0.00992489
0.010016
0.0100962
0.0101651
0.0102227
0.0102687
0.0120585
0.00712909
0.00460496
0.00368212
0.00374525
0.0042321
0.00482949
0.00541102
0.00593653
0.00639878
0.00680186
0.00715309
0.00746005
0.00772958
0.00796756
0.00817887
0.00836759
0.00853707
0.00869014
0.00882919
0.00895634
0.00907352
0.00918249
0.00928474
0.00938135
0.00947263
0.00955784
0.0096351
0.00970143
0.00975313
0.00978639
0.00979781
0.009785
0.00974672
0.00968313
0.00959556
0.00948642
0.00935879
0.00921634
0.00906291
0.00890237
0.00873859
0.00857535
0.00841607
0.008264
0.00812194
0.00799246
0.00787764
0.00777924
0.00769848
0.00763624
0.00759282
0.0075682
0.00756189
0.00757313
0.00760082
0.00764364
0.00770005
0.00776841
0.00784693
0.00793375
0.00802696
0.00812459
0.00822469
0.00832532
0.00842459
0.0085207
0.008612
0.00869701
0.00877454
0.00884367
0.00890386
0.00895493
0.00899712
0.00903039
0.00947284
0.00510404
0.00338476
0.00316083
0.00358575
0.0041775
0.00475325
0.00526217
0.00569849
0.00606964
0.00638579
0.00665649
0.0068899
0.00709266
0.00727012
0.00742658
0.00756549
0.00768963
0.0078013
0.00790243
0.0079947
0.00807965
0.00815868
0.00823303
0.00830356
0.00837053
0.00843336
0.00849048
0.00853945
0.00857718
0.00860048
0.00860647
0.00859308
0.00855918
0.00850478
0.00843086
0.00833936
0.00823271
0.00811389
0.00798609
0.00785252
0.00771637
0.00758085
0.00744883
0.00732306
0.00720586
0.00709937
0.00700524
0.00692484
0.00685908
0.00680853
0.0067733
0.00675326
0.00674791
0.00675656
0.0067783
0.00681207
0.00685665
0.00691073
0.00697289
0.00704165
0.00711542
0.00719258
0.0072715
0.00735052
0.00742807
0.00750265
0.00757294
0.00763781
0.00769638
0.00774805
0.00779256
0.00782991
0.00786044
0.00788423
0.00696228
0.00350386
0.0026611
0.00293606
0.00351106
0.004084
0.0045794
0.0049915
0.00533172
0.00561362
0.00584911
0.00604773
0.00621695
0.00636255
0.006489
0.00659976
0.00669757
0.00678461
0.00686263
0.00693309
0.00699728
0.00705635
0.0071114
0.00716335
0.0072129
0.00726028
0.00730504
0.00734598
0.00738116
0.00740816
0.00742441
0.00742757
0.0074159
0.00738839
0.00734494
0.00728619
0.00721358
0.00712894
0.00703458
0.00693298
0.00682678
0.00671846
0.00661064
0.00650569
0.00640584
0.00631299
0.00622882
0.00615466
0.00609153
0.00604007
0.00600066
0.00597327
0.00595772
0.00595354
0.00596016
0.00597684
0.00600278
0.00603702
0.0060786
0.00612643
0.00617937
0.00623616
0.00629553
0.00635613
0.00641665
0.00647579
0.00653235
0.00658529
0.00663374
0.0066771
0.00671498
0.00674728
0.00677411
0.00679583
0.00681257
0.00472193
0.00241259
0.00231024
0.0028345
0.00340776
0.00389434
0.00428463
0.00459496
0.00484331
0.00504442
0.00520949
0.00534679
0.00546248
0.00556112
0.00564615
0.00572019
0.00578525
0.00584291
0.00589444
0.00594087
0.00598313
0.00602203
0.00605836
0.0060928
0.00612589
0.0061578
0.00618823
0.00621631
0.00624062
0.00625934
0.00627054
0.0062724
0.00626356
0.00624313
0.00621093
0.00616733
0.00611329
0.00605011
0.00597946
0.00590315
0.00582324
0.00574156
0.00566019
0.00558096
0.00550563
0.00543568
0.00537242
0.00531684
0.00526972
0.00523149
0.00520237
0.00518228
0.00517102
0.0051682
0.00517335
0.00518591
0.0052053
0.00523081
0.00526177
0.00529736
0.00533676
0.00537905
0.00542323
0.00546829
0.00551319
0.00555693
0.00559857
0.00563732
0.00567254
0.00570378
0.00573083
0.00575366
0.00577244
0.00578749
0.00579896
0.00293379
0.00179532
0.00215579
0.0027275
0.00321222
0.00358393
0.00386531
0.00408045
0.00424775
0.00438029
0.00448722
0.00457495
0.00464805
0.0047098
0.00476265
0.00480838
0.00484838
0.00488369
0.00491516
0.00494347
0.00496922
0.00499296
0.00501521
0.00503643
0.00505699
0.00507703
0.00509636
0.0051144
0.00513019
0.00514248
0.00514992
0.0051512
0.00514531
0.00513156
0.00510971
0.00507992
0.00504279
0.00499912
0.00495005
0.00489679
0.0048408
0.00478341
0.00472611
0.00467026
0.00461716
0.00456792
0.00452351
0.00448464
0.00445186
0.00442547
0.00440558
0.0043921
0.00438484
0.00438349
0.0043877
0.00439707
0.00441119
0.00442958
0.00445176
0.00447721
0.00450534
0.00453551
0.00456702
0.00459912
0.00463107
0.00466211
0.00469156
0.00471883
0.00474346
0.00476514
0.00478374
0.00479928
0.00481192
0.00482194
0.00482948
0.00170896
0.00150482
0.0020444
0.00253723
0.00289507
0.00314817
0.00332982
0.00346341
0.00356428
0.00364235
0.00370417
0.00375413
0.00379524
0.00382961
0.00385877
0.00388384
0.00390565
0.00392484
0.00394189
0.00395721
0.00397116
0.00398405
0.0039962
0.00400789
0.00401934
0.00403065
0.00404169
0.00405214
0.0040614
0.0040687
0.00407319
0.00407404
0.00407057
0.00406229
0.00404899
0.00403069
0.00400772
0.00398051
0.00394973
0.00391613
0.00388062
0.0038441
0.00380753
0.00377183
0.00373792
0.00370654
0.00367836
0.00365386
0.00363341
0.00361718
0.00360525
0.00359752
0.00359384
0.00359398
0.00359769
0.00360471
0.00361476
0.00362754
0.00364275
0.00366006
0.0036791
0.00369945
0.00372066
0.00374224
0.00376368
0.00378446
0.00380412
0.00382225
0.00383853
0.00385276
0.00386485
0.00387484
0.00388286
0.00388913
0.00389375
0.00102197
0.00136042
0.00187193
0.00222402
0.00244908
0.00259591
0.00269532
0.00276524
0.00281618
0.00285447
0.00288405
0.00290745
0.00292637
0.00294196
0.00295502
0.00296614
0.00297574
0.00298414
0.0029916
0.0029983
0.00300442
0.00301011
0.00301554
0.00302083
0.0030261
0.00303139
0.00303664
0.00304166
0.00304614
0.00304969
0.00305183
0.00305214
0.00305023
0.00304581
0.00303874
0.00302899
0.00301672
0.0030021
0.00298549
0.00296726
0.00294792
0.00292796
0.00290794
0.00288841
0.00286993
0.00285293
0.00283783
0.00282491
0.0028144
0.00280637
0.00280087
0.00279781
0.00279709
0.00279855
0.00280204
0.00280738
0.00281441
0.00282296
0.00283286
0.00284391
0.00285591
0.00286863
0.00288181
0.00289515
0.00290835
0.00292111
0.00293314
0.00294419
0.00295405
0.00296262
0.00296982
0.0029757
0.00298034
0.00298389
0.00298643
0.00071366
0.00121543
0.00157851
0.00177563
0.00188461
0.00194865
0.00198855
0.00201472
0.00203262
0.00204532
0.00205461
0.0020616
0.002067
0.00207126
0.00207471
0.00207756
0.00207997
0.00208205
0.00208389
0.00208556
0.00208711
0.0020886
0.00209007
0.00209158
0.00209314
0.00209475
0.00209639
0.00209795
0.0020993
0.00210028
0.00210071
0.00210041
0.00209923
0.00209706
0.00209384
0.00208955
0.00208426
0.00207803
0.002071
0.00206331
0.0020552
0.00204687
0.00203856
0.00203055
0.00202312
0.00201645
0.00201076
0.00200617
0.00200278
0.00200062
0.00199969
0.00199993
0.00200127
0.00200362
0.00200689
0.00201098
0.00201581
0.00202128
0.00202731
0.00203381
0.00204068
0.00204782
0.00205509
0.00206237
0.00206951
0.00207635
0.00208276
0.00208861
0.0020938
0.00209828
0.002102
0.00210499
0.0021073
0.00210902
0.00211018
0.000607514
0.000974735
0.00114433
0.00120912
0.00123574
0.00124751
0.00125278
0.00125492
0.00125547
0.00125521
0.00125452
0.00125362
0.00125265
0.00125168
0.00125073
0.00124985
0.00124904
0.00124831
0.00124765
0.00124709
0.00124661
0.00124621
0.00124589
0.00124565
0.00124548
0.00124535
0.00124524
0.00124509
0.00124486
0.00124451
0.001244
0.0012433
0.00124239
0.00124127
0.00123993
0.00123841
0.00123673
0.00123492
0.00123302
0.00123109
0.00122919
0.00122736
0.00122567
0.00122421
0.00122306
0.00122228
0.00122192
0.001222
0.00122254
0.00122353
0.00122496
0.00122678
0.00122895
0.00123142
0.00123415
0.00123709
0.0012402
0.00124344
0.00124678
0.00125017
0.00125359
0.001257
0.00126036
0.00126362
0.00126674
0.00126967
0.00127238
0.00127482
0.00127696
0.0012788
0.00128031
0.00128151
0.00128243
0.00128309
0.0012835
0.000506411
0.000492149
0.000480643
0.000472531
0.000466284
0.000461356
0.00045739
0.000454134
0.000451416
0.000449115
0.000447145
0.000445444
0.000443964
0.000442669
0.000441532
0.00044053
0.000439645
0.000438861
0.000438167
0.000437553
0.000437011
0.000436532
0.000436111
0.00043574
0.000435411
0.000435113
0.000434831
0.00043455
0.000434255
0.000433931
0.000433568
0.000433164
0.000432718
0.000432238
0.000431737
0.000431229
0.000430733
0.000430265
0.000429845
0.00042949
0.000429218
0.00042904
0.000428973
0.000429027
0.000429211
0.00042953
0.000429987
0.000430577
0.000431295
0.000432129
0.000433068
0.000434094
0.000435192
0.000436344
0.000437535
0.000438748
0.000439968
0.000441183
0.00044238
0.00044355
0.000444682
0.000445767
0.000446797
0.000447764
0.000448663
0.000449486
0.000450232
0.000450897
0.000451483
0.000451989
0.000452421
0.000452784
0.000453085
0.000453328
0.000453521
)
;

boundaryField
{
    lowerWall
    {
        type            nutkWallFunction;
        Cmu             0.09;
        kappa           0.41;
        E               9.8;
        value           nonuniform List<scalar> 
75
(
6.12961e-05
5.95672e-05
5.81686e-05
5.71801e-05
5.64177e-05
5.58154e-05
5.533e-05
5.49314e-05
5.45982e-05
5.4316e-05
5.40742e-05
5.38653e-05
5.36836e-05
5.35245e-05
5.33848e-05
5.32616e-05
5.31527e-05
5.30563e-05
5.29709e-05
5.28954e-05
5.28286e-05
5.27697e-05
5.27177e-05
5.26716e-05
5.26301e-05
5.25916e-05
5.25544e-05
5.25163e-05
5.24757e-05
5.24309e-05
5.23813e-05
5.23267e-05
5.2268e-05
5.22064e-05
5.21438e-05
5.20826e-05
5.20252e-05
5.19738e-05
5.19311e-05
5.18991e-05
5.188e-05
5.18753e-05
5.18866e-05
5.19151e-05
5.19612e-05
5.20249e-05
5.21056e-05
5.22025e-05
5.23139e-05
5.2438e-05
5.25728e-05
5.2716e-05
5.28653e-05
5.30187e-05
5.31742e-05
5.33299e-05
5.34842e-05
5.36356e-05
5.37827e-05
5.39244e-05
5.40596e-05
5.41872e-05
5.43063e-05
5.44163e-05
5.45166e-05
5.46068e-05
5.46869e-05
5.47568e-05
5.48171e-05
5.48682e-05
5.49109e-05
5.49461e-05
5.49746e-05
5.49972e-05
5.50149e-05
)
;
    }
    upperWall
    {
        type            nutkWallFunction;
        Cmu             0.09;
        kappa           0.41;
        E               9.8;
        value           nonuniform List<scalar> 
75
(
6.13382e-05
5.96092e-05
5.821e-05
5.72211e-05
5.64583e-05
5.58556e-05
5.537e-05
5.49711e-05
5.46377e-05
5.43553e-05
5.41134e-05
5.39044e-05
5.37225e-05
5.35634e-05
5.34236e-05
5.33003e-05
5.31913e-05
5.30949e-05
5.30095e-05
5.29339e-05
5.2867e-05
5.28081e-05
5.27561e-05
5.27099e-05
5.26685e-05
5.26301e-05
5.25928e-05
5.25547e-05
5.25139e-05
5.2469e-05
5.2419e-05
5.2364e-05
5.23046e-05
5.22422e-05
5.21787e-05
5.21164e-05
5.20578e-05
5.20051e-05
5.1961e-05
5.19276e-05
5.1907e-05
5.19006e-05
5.19104e-05
5.19372e-05
5.19816e-05
5.20437e-05
5.2123e-05
5.22185e-05
5.23289e-05
5.24521e-05
5.25863e-05
5.27291e-05
5.28783e-05
5.30318e-05
5.31876e-05
5.33439e-05
5.34989e-05
5.36511e-05
5.37992e-05
5.39419e-05
5.40783e-05
5.42071e-05
5.43276e-05
5.44391e-05
5.45409e-05
5.46326e-05
5.47142e-05
5.47857e-05
5.48474e-05
5.48999e-05
5.49439e-05
5.49802e-05
5.50096e-05
5.5033e-05
5.50512e-05
)
;
    }
    inlet
    {
        type            calculated;
        value           uniform 0.0245118;
    }
    outlet
    {
        type            calculated;
        value           nonuniform List<scalar> 
60
(
0.000453231
0.00128272
0.0021092
0.00298578
0.0038944
0.00483275
0.00580666
0.00682695
0.00790806
0.00906686
0.0103214
0.0116893
0.0131856
0.0148206
0.0165974
0.0185099
0.0205416
0.0226645
0.0248391
0.0270151
0.0291327
0.0311254
0.0329247
0.0344671
0.0357072
0.0366358
0.0373019
0.0378177
0.0382934
0.038653
0.0385861
0.0380849
0.037477
0.0368662
0.0361497
0.035207
0.0339779
0.0324621
0.0306983
0.0287455
0.0266694
0.0245349
0.0224007
0.0203165
0.0183213
0.0164426
0.0146967
0.0130892
0.0116167
0.0102687
0.00903039
0.00788423
0.00681257
0.00579896
0.00482948
0.00389375
0.00298643
0.00211018
0.0012835
0.000453521
)
;
    }
    frontAndBack
    {
        type            empty;
    }
}


// ************************************************************************* //
